Supplemental results for CODEML (seqf: align.fa  treef: tree.nwk)


MLEs of dN/dS (w) for site classes (K=11)

p:   0.10000  0.10000  0.10000  0.10000  0.10000  0.10000  0.10000  0.10000  0.10000  0.10000  0.00001
w:   0.00000  0.00010  0.00085  0.00345  0.00988  0.02318  0.04814  0.09326  0.17760  0.37347  1.00000

Naive Empirical Bayes (NEB) probabilities for 11 classes & postmean_w
(amino acids refer to 1st sequence: ColCroc)

   1 M   0.00000 0.00000 0.00042 0.05397 0.56755 0.37265 0.00541 0.00000 0.00000 0.00000 0.00000 ( 5)  0.015
   2 D   0.00000 0.00000 0.00000 0.00000 0.00000 0.00000 0.00000 0.00984 0.99012 0.00004 0.00000 ( 9)  0.177
   3 R   0.00000 0.00000 0.00000 0.00000 0.00000 0.00000 0.00000 0.00000 0.00000 1.00000 0.00000 (10)  0.373
   4 T   0.00000 0.00000 0.00000 0.00000 0.00048 0.09548 0.79770 0.10632 0.00002 0.00000 0.00000 ( 7)  0.051
   5 E   0.00000 0.00000 0.00000 0.00000 0.00000 0.00000 0.00000 0.00003 0.96068 0.03929 0.00000 ( 9)  0.185
   6 Y   0.00000 0.00000 0.00000 0.00000 0.00000 0.00000 0.00000 0.00000 0.00000 1.00000 0.00000 (10)  0.373
   7 Y   0.00000 0.00000 0.00000 0.00000 0.00000 0.00000 0.00000 0.00001 0.53213 0.46787 0.00000 ( 9)  0.269
   8 I   0.00000 0.00000 0.00000 0.00000 0.00000 0.00000 0.00000 0.00000 0.03198 0.96802 0.00000 (10)  0.367
   9 Y   0.00000 0.00000 0.00000 0.00000 0.00000 0.00000 0.00000 0.00000 0.12817 0.87183 0.00000 (10)  0.348
  10 G   0.00000 0.00000 0.00000 0.00000 0.00000 0.00000 0.00404 0.80301 0.19295 0.00000 0.00000 ( 8)  0.109
  11 A   0.00000 0.00000 0.00000 0.00000 0.00000 0.00000 0.02385 0.95028 0.02586 0.00000 0.00000 ( 8)  0.094
  12 Y   0.00000 0.00000 0.00000 0.00000 0.00000 0.00000 0.00001 0.06996 0.93002 0.00001 0.00000 ( 9)  0.172
  13 F   0.00000 0.00000 0.00000 0.00000 0.00002 0.03259 0.83861 0.12877 0.00001 0.00000 0.00000 ( 7)  0.053
  14 A   0.00000 0.00000 0.00000 0.00000 0.00000 0.00000 0.00151 0.78616 0.21234 0.00000 0.00000 ( 8)  0.111
  15 P   0.00000 0.00000 0.00000 0.00000 0.00000 0.00000 0.00070 0.52943 0.46986 0.00000 0.00000 ( 8)  0.133
  16 L   0.00000 0.00000 0.00000 0.00000 0.00000 0.00000 0.01987 0.94985 0.03028 0.00000 0.00000 ( 8)  0.095
  17 R   0.00000 0.00000 0.00000 0.00000 0.00000 0.00002 0.04742 0.93595 0.01661 0.00000 0.00000 ( 8)  0.093
  18 S   0.00000 0.00000 0.00000 0.00000 0.00000 0.00000 0.00011 0.23980 0.76008 0.00000 0.00000 ( 9)  0.157
  19 G   0.00000 0.00000 0.00000 0.00000 0.00000 0.00000 0.00000 0.00000 0.00486 0.99514 0.00000 (10)  0.373
  20 G   0.00000 0.00000 0.00000 0.00000 0.00000 0.00000 0.00000 0.00000 0.00040 0.99960 0.00000 (10)  0.373
  21 E   0.00000 0.00000 0.00000 0.00000 0.00000 0.00000 0.00000 0.00017 0.99705 0.00278 0.00000 ( 9)  0.178
  22 R   0.00000 0.00000 0.00000 0.00000 0.00000 0.00000 0.00053 0.64503 0.35443 0.00000 0.00000 ( 8)  0.123
  23 M   0.00000 0.00000 0.00000 0.00000 0.00000 0.00006 0.24183 0.75808 0.00003 0.00000 0.00000 ( 8)  0.082
  24 L   0.00018 0.01716 0.12776 0.34960 0.37890 0.12030 0.00608 0.00002 0.00000 0.00000 0.00000 ( 5)  0.008
  25 G   0.00000 0.00000 0.00000 0.00000 0.00419 0.27533 0.69885 0.02163 0.00000 0.00000 0.00000 ( 7)  0.042
  26 E   0.00000 0.00000 0.00000 0.00000 0.00000 0.00000 0.00000 0.00017 0.99908 0.00075 0.00000 ( 9)  0.178
  27 G   0.00000 0.00033 0.01980 0.20254 0.51390 0.25151 0.01191 0.00001 0.00000 0.00000 0.00000 ( 5)  0.012
  28 L   0.00000 0.00000 0.00086 0.03814 0.32733 0.53153 0.10134 0.00080 0.00000 0.00000 0.00000 ( 6)  0.021
  29 T   0.00000 0.00000 0.00000 0.00000 0.00000 0.00000 0.00066 0.70491 0.29443 0.00000 0.00000 ( 8)  0.118
  30 G   0.00000 0.00000 0.00000 0.00000 0.00323 0.23571 0.72866 0.03239 0.00000 0.00000 0.00000 ( 7)  0.044
  31 E   0.00000 0.00000 0.00000 0.00000 0.00000 0.00000 0.00000 0.00386 0.99612 0.00002 0.00000 ( 9)  0.177
  32 D   0.00000 0.00000 0.00000 0.00000 0.00113 0.22172 0.76616 0.01099 0.00000 0.00000 0.00000 ( 7)  0.043
  33 L   0.00000 0.00020 0.01264 0.14162 0.45047 0.35351 0.04129 0.00026 0.00000 0.00000 0.00000 ( 5)  0.015
  34 A   0.00000 0.00062 0.03601 0.31321 0.53318 0.11573 0.00125 0.00000 0.00000 0.00000 0.00000 ( 5)  0.009
  35 M   0.00000 0.00000 0.00000 0.00000 0.00000 0.00000 0.00000 0.00028 0.99960 0.00012 0.00000 ( 9)  0.178
  36 I   0.00000 0.00000 0.00000 0.00000 0.00003 0.04027 0.85493 0.10477 0.00000 0.00000 0.00000 ( 7)  0.052
  37 P   0.00000 0.00033 0.01999 0.20405 0.51497 0.24913 0.01152 0.00001 0.00000 0.00000 0.00000 ( 5)  0.012
  38 E   0.00000 0.00000 0.00000 0.00000 0.00172 0.21364 0.76105 0.02359 0.00000 0.00000 0.00000 ( 7)  0.044
  39 H   0.28778 0.28203 0.24285 0.14448 0.04001 0.00283 0.00002 0.00000 0.00000 0.00000 0.00000 ( 1)  0.001
  40 W   0.26123 0.25774 0.23331 0.16511 0.07018 0.01199 0.00044 0.00000 0.00000 0.00000 0.00000 ( 1)  0.002
  41 F   0.00000 0.00000 0.00000 0.00000 0.00000 0.00002 0.04639 0.93413 0.01946 0.00000 0.00000 ( 8)  0.093
  42 K   0.00000 0.00000 0.00000 0.00000 0.00000 0.00000 0.00000 0.00000 0.15137 0.84863 0.00000 (10)  0.344
  43 Y   0.00000 0.00000 0.00000 0.00000 0.00000 0.00054 0.27960 0.71914 0.00072 0.00000 0.00000 ( 8)  0.081
  44 P   0.00000 0.00000 0.00000 0.00000 0.00000 0.00000 0.00000 0.01034 0.98958 0.00007 0.00000 ( 9)  0.177
  45 E   0.00000 0.00001 0.00269 0.09916 0.54049 0.34583 0.01183 0.00000 0.00000 0.00000 0.00000 ( 5)  0.014
  46 P   0.28338 0.27807 0.24168 0.14852 0.04458 0.00373 0.00004 0.00000 0.00000 0.00000 0.00000 ( 1)  0.001
  47 P   0.00025 0.02301 0.16609 0.40827 0.33922 0.06206 0.00111 0.00000 0.00000 0.00000 0.00000 ( 4)  0.006
  48 A   0.00000 0.00000 0.00000 0.00000 0.00019 0.09856 0.86445 0.03680 0.00000 0.00000 0.00000 ( 7)  0.047
  49 S   0.00000 0.00000 0.00000 0.00000 0.00000 0.00001 0.03379 0.95457 0.01163 0.00000 0.00000 ( 8)  0.093
  50 A   0.00030 0.02835 0.19915 0.44526 0.29319 0.03349 0.00026 0.00000 0.00000 0.00000 0.00000 ( 4)  0.005
  51 H   0.28779 0.28205 0.24285 0.14447 0.04000 0.00283 0.00002 0.00000 0.00000 0.00000 0.00000 ( 1)  0.001
  52 T   0.00000 0.00000 0.00017 0.02545 0.38796 0.55154 0.03486 0.00002 0.00000 0.00000 0.00000 ( 6)  0.018
  53 A   0.00000 0.00056 0.03257 0.29214 0.53662 0.13615 0.00196 0.00000 0.00000 0.00000 0.00000 ( 5)  0.010
  54 L   0.28206 0.27687 0.24127 0.14966 0.04602 0.00407 0.00005 0.00000 0.00000 0.00000 0.00000 ( 1)  0.001
  55 C   0.00000 0.00000 0.00014 0.02200 0.35576 0.57500 0.04705 0.00005 0.00000 0.00000 0.00000 ( 6)  0.019
  56 L   0.27399 0.26952 0.23860 0.15633 0.05502 0.00642 0.00012 0.00000 0.00000 0.00000 0.00000 ( 1)  0.001
  57 L   0.00000 0.00000 0.00173 0.06906 0.45832 0.43931 0.03154 0.00004 0.00000 0.00000 0.00000 ( 5)  0.016
  58 Y   0.27905 0.27414 0.24037 0.15229 0.04928 0.00481 0.00006 0.00000 0.00000 0.00000 0.00000 ( 1)  0.001
  59 C   0.00000 0.00000 0.00000 0.00000 0.00000 0.00000 0.00000 0.00000 0.93415 0.06585 0.00000 ( 9)  0.190
  60 F   0.00000 0.00071 0.04041 0.33864 0.52550 0.09404 0.00070 0.00000 0.00000 0.00000 0.00000 ( 5)  0.009
  61 F   0.00000 0.00000 0.00000 0.00000 0.00002 0.04409 0.90515 0.05074 0.00000 0.00000 0.00000 ( 7)  0.049
  62 T   0.00029 0.02711 0.19169 0.43830 0.30408 0.03819 0.00034 0.00000 0.00000 0.00000 0.00000 ( 4)  0.006
  63 A   0.00000 0.00000 0.00000 0.00000 0.00000 0.01417 0.75097 0.23483 0.00003 0.00000 0.00000 ( 7)  0.058
  64 A   0.00000 0.00000 0.00001 0.00462 0.20365 0.69536 0.09623 0.00012 0.00000 0.00000 0.00000 ( 6)  0.023
  65 A   0.00000 0.00000 0.00000 0.00000 0.00007 0.04942 0.83385 0.11666 0.00001 0.00000 0.00000 ( 7)  0.052
  66 L   0.00000 0.00028 0.01737 0.18270 0.49724 0.28384 0.01852 0.00004 0.00000 0.00000 0.00000 ( 5)  0.013
  67 I   0.00000 0.00000 0.00000 0.00000 0.00000 0.00000 0.00000 0.00004 0.99688 0.00307 0.00000 ( 9)  0.178
  68 G   0.27877 0.27389 0.24027 0.15251 0.04959 0.00489 0.00007 0.00000 0.00000 0.00000 0.00000 ( 1)  0.001
  69 N   0.29606 0.28941 0.24452 0.13625 0.03212 0.00164 0.00001 0.00000 0.00000 0.00000 0.00000 ( 1)  0.001
  70 G   0.00021 0.02002 0.14675 0.38081 0.36193 0.08760 0.00267 0.00000 0.00000 0.00000 0.00000 ( 4)  0.007
  71 M   0.00000 0.00000 0.00000 0.00000 0.00000 0.00184 0.30555 0.69025 0.00237 0.00000 0.00000 ( 8)  0.080
  72 V   0.30312 0.29561 0.24541 0.12869 0.02617 0.00099 0.00000 0.00000 0.00000 0.00000 0.00000 ( 1)  0.001
  73 I   0.00000 0.00000 0.00002 0.00994 0.32963 0.62993 0.03048 0.00001 0.00000 0.00000 0.00000 ( 6)  0.019
  74 F   0.00000 0.00000 0.00000 0.00000 0.00265 0.27717 0.70867 0.01151 0.00000 0.00000 0.00000 ( 7)  0.042
  75 I   0.00000 0.00000 0.00000 0.00000 0.00000 0.00006 0.18808 0.81165 0.00020 0.00000 0.00000 ( 8)  0.085
  76 F   0.30035 0.29319 0.24514 0.13172 0.02838 0.00120 0.00000 0.00000 0.00000 0.00000 0.00000 ( 1)  0.001
  77 A   0.00000 0.00000 0.00000 0.00000 0.00000 0.00131 0.30880 0.68860 0.00128 0.00000 0.00000 ( 8)  0.079
  78 S   0.00000 0.00000 0.00015 0.02202 0.35636 0.57491 0.04651 0.00004 0.00000 0.00000 0.00000 ( 6)  0.019
  79 T   0.00000 0.00000 0.00001 0.00328 0.16167 0.69148 0.14322 0.00036 0.00000 0.00000 0.00000 ( 6)  0.025
  80 K   0.29207 0.28587 0.24379 0.14030 0.03581 0.00215 0.00001 0.00000 0.00000 0.00000 0.00000 ( 1)  0.001
  81 S   0.00000 0.00000 0.00000 0.00000 0.00000 0.00000 0.00016 0.42364 0.57620 0.00000 0.00000 ( 9)  0.142
  82 L   0.27359 0.26916 0.23845 0.15663 0.05548 0.00656 0.00012 0.00000 0.00000 0.00000 0.00000 ( 1)  0.001
  83 R   0.00015 0.01400 0.10611 0.30856 0.38851 0.16767 0.01489 0.00010 0.00000 0.00000 0.00000 ( 5)  0.010
  84 T   0.29709 0.29031 0.24467 0.13517 0.03123 0.00153 0.00001 0.00000 0.00000 0.00000 0.00000 ( 1)  0.001
  85 A   0.00000 0.00000 0.00000 0.00012 0.02315 0.41619 0.54072 0.01982 0.00000 0.00000 0.00000 ( 7)  0.038
  86 S   0.29703 0.29027 0.24469 0.13525 0.03124 0.00152 0.00001 0.00000 0.00000 0.00000 0.00000 ( 1)  0.001
  87 N   0.30041 0.29324 0.24514 0.13166 0.02835 0.00120 0.00000 0.00000 0.00000 0.00000 0.00000 ( 1)  0.001
  88 L   0.00000 0.00000 0.00000 0.00001 0.00658 0.35065 0.62982 0.01294 0.00000 0.00000 0.00000 ( 7)  0.040
  89 L   0.00020 0.01893 0.13960 0.36954 0.36905 0.09901 0.00366 0.00001 0.00000 0.00000 0.00000 ( 4)  0.008
  90 I   0.00000 0.00001 0.00478 0.15586 0.62459 0.21250 0.00225 0.00000 0.00000 0.00000 0.00000 ( 5)  0.012
  91 L   0.00000 0.00023 0.01438 0.15729 0.47111 0.32657 0.03029 0.00013 0.00000 0.00000 0.00000 ( 5)  0.014
  92 N   0.00000 0.00000 0.00000 0.00000 0.00000 0.00004 0.04344 0.89676 0.05976 0.00000 0.00000 ( 8)  0.096
  93 L   0.26818 0.26418 0.23633 0.16057 0.06182 0.00868 0.00023 0.00000 0.00000 0.00000 0.00000 ( 1)  0.002
  94 A   0.00000 0.00000 0.00000 0.00000 0.00000 0.01065 0.68402 0.30526 0.00007 0.00000 0.00000 ( 7)  0.062
  95 I   0.00000 0.00000 0.00000 0.00000 0.00000 0.01462 0.83007 0.15530 0.00000 0.00000 0.00000 ( 7)  0.055
  96 F   0.00000 0.00000 0.00000 0.00000 0.00000 0.00000 0.00005 0.17801 0.82194 0.00000 0.00000 ( 9)  0.163
  97 D   0.30567 0.29783 0.24565 0.12591 0.02414 0.00080 0.00000 0.00000 0.00000 0.00000 0.00000 ( 1)  0.001
  98 F   0.30181 0.29447 0.24531 0.13015 0.02718 0.00108 0.00000 0.00000 0.00000 0.00000 0.00000 ( 1)  0.001
  99 I   0.00000 0.00000 0.00000 0.00026 0.07244 0.76837 0.15881 0.00012 0.00000 0.00000 0.00000 ( 6)  0.026
 100 M   0.33415 0.32179 0.24333 0.09226 0.00840 0.00006 0.00000 0.00000 0.00000 0.00000 0.00000 ( 1)  0.001
 101 M   0.33415 0.32179 0.24333 0.09226 0.00840 0.00006 0.00000 0.00000 0.00000 0.00000 0.00000 ( 1)  0.001
 102 L   0.00000 0.00000 0.00000 0.00007 0.02786 0.56952 0.39987 0.00267 0.00000 0.00000 0.00000 ( 6)  0.033
 103 K   0.29206 0.28586 0.24379 0.14031 0.03582 0.00215 0.00001 0.00000 0.00000 0.00000 0.00000 ( 1)  0.001
 104 A   0.29647 0.28977 0.24457 0.13580 0.03178 0.00161 0.00001 0.00000 0.00000 0.00000 0.00000 ( 1)  0.001
 105 P   0.28181 0.27665 0.24122 0.14991 0.04626 0.00410 0.00004 0.00000 0.00000 0.00000 0.00000 ( 1)  0.001
 106 I   0.00000 0.00000 0.00000 0.00000 0.00988 0.54395 0.44500 0.00118 0.00000 0.00000 0.00000 ( 6)  0.034
 107 F   0.30568 0.29784 0.24565 0.12589 0.02413 0.00080 0.00000 0.00000 0.00000 0.00000 0.00000 ( 1)  0.001
 108 I   0.31477 0.30566 0.24582 0.11547 0.01789 0.00039 0.00000 0.00000 0.00000 0.00000 0.00000 ( 1)  0.001
 109 Y   0.27891 0.27402 0.24032 0.15241 0.04943 0.00485 0.00006 0.00000 0.00000 0.00000 0.00000 ( 1)  0.001
 110 N   0.30328 0.29575 0.24546 0.12855 0.02600 0.00097 0.00000 0.00000 0.00000 0.00000 0.00000 ( 1)  0.001
 111 S   0.29580 0.28918 0.24449 0.13652 0.03234 0.00166 0.00001 0.00000 0.00000 0.00000 0.00000 ( 1)  0.001
 112 A   0.00000 0.00000 0.00000 0.00000 0.00000 0.00002 0.07086 0.92633 0.00279 0.00000 0.00000 ( 8)  0.090
 113 M   0.00000 0.00000 0.00000 0.00000 0.00000 0.00002 0.18638 0.81358 0.00002 0.00000 0.00000 ( 8)  0.085
 114 R   0.00000 0.00000 0.00000 0.00000 0.00000 0.00000 0.00045 0.20999 0.78938 0.00018 0.00000 ( 9)  0.160
 115 G   0.28291 0.27765 0.24154 0.14893 0.04508 0.00384 0.00004 0.00000 0.00000 0.00000 0.00000 ( 1)  0.001
 116 F   0.00000 0.00000 0.00023 0.03229 0.44271 0.50405 0.02072 0.00001 0.00000 0.00000 0.00000 ( 6)  0.017
 117 A   0.29864 0.29168 0.24489 0.13353 0.02988 0.00138 0.00000 0.00000 0.00000 0.00000 0.00000 ( 1)  0.001
 118 A   0.00000 0.00000 0.00000 0.00000 0.00000 0.00000 0.00000 0.00000 0.00009 0.99991 0.00000 (10)  0.373
 119 G   0.28448 0.27907 0.24198 0.14753 0.04342 0.00349 0.00003 0.00000 0.00000 0.00000 0.00000 ( 1)  0.001
 120 A   0.00000 0.00000 0.00000 0.00000 0.00000 0.00000 0.00000 0.00353 0.99642 0.00004 0.00000 ( 9)  0.177
 121 L   0.00000 0.00000 0.00000 0.00000 0.00000 0.00000 0.00000 0.00000 0.00109 0.99891 0.00000 (10)  0.373
 122 W   0.00000 0.00000 0.00000 0.00023 0.03847 0.53539 0.42010 0.00581 0.00000 0.00000 0.00000 ( 6)  0.034
 123 C   0.27605 0.27141 0.23937 0.15476 0.05264 0.00569 0.00009 0.00000 0.00000 0.00000 0.00000 ( 1)  0.001
 124 K   0.00000 0.00000 0.00000 0.00000 0.00000 0.00001 0.02008 0.83170 0.14821 0.00000 0.00000 ( 8)  0.105
 125 I   0.00000 0.00000 0.00000 0.00000 0.00000 0.00000 0.00012 0.63737 0.36251 0.00000 0.00000 ( 8)  0.124
 126 F   0.30300 0.29551 0.24543 0.12885 0.02622 0.00099 0.00000 0.00000 0.00000 0.00000 0.00000 ( 1)  0.001
 127 A   0.00000 0.00000 0.00000 0.00000 0.00000 0.00005 0.09649 0.89997 0.00349 0.00000 0.00000 ( 8)  0.089
 128 V   0.00000 0.00000 0.00000 0.00000 0.00000 0.00003 0.05371 0.92786 0.01840 0.00000 0.00000 ( 8)  0.092
 129 M   0.00000 0.00000 0.00000 0.00003 0.04061 0.84856 0.11079 0.00001 0.00000 0.00000 0.00000 ( 6)  0.025
 130 G   0.28556 0.28004 0.24227 0.14654 0.04229 0.00327 0.00003 0.00000 0.00000 0.00000 0.00000 ( 1)  0.001
 131 S   0.00000 0.00000 0.00000 0.00000 0.00009 0.05917 0.84854 0.09220 0.00000 0.00000 0.00000 ( 7)  0.051
 132 Y   0.00000 0.00000 0.00000 0.00000 0.00152 0.14675 0.76577 0.08594 0.00002 0.00000 0.00000 ( 7)  0.048
 133 S   0.00000 0.00000 0.00001 0.00368 0.17502 0.69553 0.12551 0.00025 0.00000 0.00000 0.00000 ( 6)  0.024
 134 G   0.28680 0.28115 0.24259 0.14539 0.04102 0.00302 0.00002 0.00000 0.00000 0.00000 0.00000 ( 1)  0.001
 135 I   0.00000 0.00079 0.04449 0.36009 0.51490 0.07927 0.00047 0.00000 0.00000 0.00000 0.00000 ( 5)  0.008
 136 G   0.00000 0.00033 0.01987 0.20302 0.51384 0.25096 0.01197 0.00001 0.00000 0.00000 0.00000 ( 5)  0.012
 137 A   0.00000 0.00000 0.00001 0.00367 0.17381 0.69209 0.13012 0.00030 0.00000 0.00000 0.00000 ( 6)  0.024
 138 A   0.00000 0.00000 0.00000 0.00000 0.00000 0.00000 0.00000 0.00041 0.99729 0.00230 0.00000 ( 9)  0.178
 139 M   0.00000 0.00000 0.00000 0.00113 0.19400 0.77924 0.02563 0.00000 0.00000 0.00000 0.00000 ( 6)  0.021
 140 T   0.30115 0.29388 0.24521 0.13085 0.02776 0.00115 0.00000 0.00000 0.00000 0.00000 0.00000 ( 1)  0.001
 141 N   0.30096 0.29372 0.24521 0.13107 0.02789 0.00115 0.00000 0.00000 0.00000 0.00000 0.00000 ( 1)  0.001
 142 A   0.29652 0.28981 0.24457 0.13575 0.03174 0.00160 0.00001 0.00000 0.00000 0.00000 0.00000 ( 1)  0.001
 143 C   0.00000 0.00000 0.00005 0.00926 0.20507 0.62525 0.15934 0.00103 0.00000 0.00000 0.00000 ( 6)  0.024
 144 I   0.31361 0.30467 0.24584 0.11682 0.01863 0.00043 0.00000 0.00000 0.00000 0.00000 0.00000 ( 1)  0.001
 145 A   0.29596 0.28932 0.24449 0.13633 0.03224 0.00166 0.00001 0.00000 0.00000 0.00000 0.00000 ( 1)  0.001
 146 Y   0.00000 0.00000 0.00004 0.00713 0.17044 0.60939 0.21060 0.00239 0.00000 0.00000 0.00000 ( 6)  0.026
 147 D   0.30621 0.29830 0.24569 0.12530 0.02373 0.00077 0.00000 0.00000 0.00000 0.00000 0.00000 ( 1)  0.001
 148 R   0.28352 0.27820 0.24171 0.14839 0.04443 0.00370 0.00004 0.00000 0.00000 0.00000 0.00000 ( 1)  0.001
 149 H   0.00000 0.00029 0.01778 0.18637 0.50193 0.27726 0.01634 0.00003 0.00000 0.00000 0.00000 ( 5)  0.013
 150 S   0.27722 0.27248 0.23975 0.15379 0.05133 0.00535 0.00008 0.00000 0.00000 0.00000 0.00000 ( 1)  0.001
 151 T   0.00029 0.02739 0.19331 0.43958 0.30166 0.03744 0.00033 0.00000 0.00000 0.00000 0.00000 ( 4)  0.006
 152 I   0.31510 0.30593 0.24581 0.11509 0.01769 0.00038 0.00000 0.00000 0.00000 0.00000 0.00000 ( 1)  0.001
 153 T   0.00000 0.00050 0.02944 0.27185 0.53665 0.15850 0.00306 0.00000 0.00000 0.00000 0.00000 ( 5)  0.010
 154 R   0.26357 0.25992 0.23436 0.16363 0.06735 0.01082 0.00036 0.00000 0.00000 0.00000 0.00000 ( 1)  0.002
 155 P   0.28044 0.27540 0.24080 0.15110 0.04776 0.00445 0.00005 0.00000 0.00000 0.00000 0.00000 ( 1)  0.001
 156 L   0.00020 0.01857 0.13717 0.36560 0.37129 0.10311 0.00407 0.00001 0.00000 0.00000 0.00000 ( 5)  0.008
 157 D   0.30199 0.29462 0.24532 0.12995 0.02704 0.00107 0.00000 0.00000 0.00000 0.00000 0.00000 ( 1)  0.001
 158 G   0.28051 0.27547 0.24082 0.15104 0.04768 0.00443 0.00005 0.00000 0.00000 0.00000 0.00000 ( 1)  0.001
 159 R   0.25820 0.25492 0.23183 0.16676 0.07388 0.01380 0.00061 0.00000 0.00000 0.00000 0.00000 ( 1)  0.002
 160 L   0.00019 0.01785 0.13240 0.35764 0.37536 0.11154 0.00500 0.00001 0.00000 0.00000 0.00000 ( 5)  0.008
 161 S   0.28103 0.27594 0.24097 0.15058 0.04712 0.00430 0.00005 0.00000 0.00000 0.00000 0.00000 ( 1)  0.001
 162 R   0.00000 0.00000 0.00000 0.00000 0.00000 0.00000 0.00000 0.00347 0.97368 0.02285 0.00000 ( 9)  0.182
 163 G   0.28475 0.27931 0.24206 0.14729 0.04314 0.00343 0.00003 0.00000 0.00000 0.00000 0.00000 ( 1)  0.001
 164 K   0.29221 0.28599 0.24382 0.14016 0.03568 0.00213 0.00001 0.00000 0.00000 0.00000 0.00000 ( 1)  0.001
 165 V   0.00000 0.00000 0.00000 0.00000 0.00055 0.13950 0.82335 0.03660 0.00000 0.00000 0.00000 ( 7)  0.046
 166 L   0.00000 0.00000 0.00000 0.00000 0.00000 0.00009 0.07505 0.89954 0.02531 0.00000 0.00000 ( 8)  0.092
 167 L   0.00000 0.00000 0.00076 0.03431 0.30608 0.53834 0.11926 0.00124 0.00000 0.00000 0.00000 ( 6)  0.021
 168 M   0.00000 0.00000 0.00081 0.09069 0.68194 0.22562 0.00093 0.00000 0.00000 0.00000 0.00000 ( 5)  0.012
 169 I   0.00000 0.00000 0.00000 0.00000 0.00000 0.00000 0.00108 0.95137 0.04756 0.00000 0.00000 ( 8)  0.097
 170 I   0.00000 0.00000 0.00000 0.00000 0.00000 0.00000 0.00322 0.87996 0.11682 0.00000 0.00000 ( 8)  0.103
 171 C   0.00000 0.00000 0.00000 0.00000 0.00000 0.00000 0.00000 0.00195 0.99796 0.00009 0.00000 ( 9)  0.177
 172 I   0.00000 0.00000 0.00000 0.00000 0.00000 0.00000 0.00000 0.00205 0.99793 0.00002 0.00000 ( 9)  0.177
 173 W   0.26123 0.25774 0.23331 0.16511 0.07018 0.01199 0.00044 0.00000 0.00000 0.00000 0.00000 ( 1)  0.002
 174 I   0.00000 0.00000 0.00000 0.00000 0.00000 0.00001 0.05218 0.94630 0.00152 0.00000 0.00000 ( 8)  0.091
 175 Y   0.00000 0.00029 0.01780 0.18655 0.50197 0.27702 0.01634 0.00003 0.00000 0.00000 0.00000 ( 5)  0.013
 176 T   0.00000 0.00000 0.00000 0.00000 0.00000 0.00000 0.00000 0.00054 0.99899 0.00047 0.00000 ( 9)  0.178
 177 T   0.00000 0.00000 0.00210 0.08135 0.49922 0.39804 0.01928 0.00001 0.00000 0.00000 0.00000 ( 5)  0.015
 178 P   0.28213 0.27694 0.24131 0.14963 0.04592 0.00402 0.00004 0.00000 0.00000 0.00000 0.00000 ( 1)  0.001
 179 W   0.26123 0.25774 0.23331 0.16511 0.07018 0.01199 0.00044 0.00000 0.00000 0.00000 0.00000 ( 1)  0.002
 180 S   0.00000 0.00000 0.00000 0.00006 0.02371 0.53086 0.44139 0.00398 0.00000 0.00000 0.00000 ( 6)  0.034
 181 L   0.00000 0.00000 0.00000 0.00000 0.00005 0.02566 0.62516 0.34840 0.00073 0.00000 0.00000 ( 7)  0.063
 182 M   0.00000 0.00000 0.00005 0.00920 0.20367 0.62302 0.16288 0.00118 0.00000 0.00000 0.00000 ( 6)  0.024
 183 P   0.28180 0.27664 0.24122 0.14992 0.04627 0.00410 0.00004 0.00000 0.00000 0.00000 0.00000 ( 1)  0.001
 184 L   0.00000 0.00000 0.00110 0.04711 0.37182 0.50875 0.07088 0.00033 0.00000 0.00000 0.00000 ( 6)  0.019
 185 F   0.00000 0.00000 0.00000 0.00000 0.00000 0.00000 0.02070 0.96977 0.00953 0.00000 0.00000 ( 8)  0.093
 186 R   0.00000 0.00000 0.00000 0.00000 0.00000 0.00000 0.00000 0.06954 0.93046 0.00000 0.00000 ( 9)  0.172
 187 V   0.00000 0.00000 0.00000 0.00000 0.00002 0.03413 0.88259 0.08327 0.00000 0.00000 0.00000 ( 7)  0.051
 188 W   0.26123 0.25774 0.23331 0.16511 0.07018 0.01199 0.00044 0.00000 0.00000 0.00000 0.00000 ( 1)  0.002
 189 G   0.28756 0.28183 0.24278 0.14468 0.04024 0.00288 0.00002 0.00000 0.00000 0.00000 0.00000 ( 1)  0.001
 190 R   0.26949 0.26539 0.23688 0.15969 0.06027 0.00810 0.00019 0.00000 0.00000 0.00000 0.00000 ( 1)  0.002
 191 F   0.00000 0.00000 0.00000 0.00000 0.00000 0.00000 0.00000 0.00449 0.99511 0.00040 0.00000 ( 9)  0.177
 192 V   0.00029 0.02705 0.19126 0.43764 0.30465 0.03876 0.00036 0.00000 0.00000 0.00000 0.00000 ( 4)  0.006
 193 P   0.28025 0.27524 0.24074 0.15126 0.04796 0.00449 0.00005 0.00000 0.00000 0.00000 0.00000 ( 1)  0.001
 194 E   0.29495 0.28843 0.24434 0.13739 0.03312 0.00177 0.00001 0.00000 0.00000 0.00000 0.00000 ( 1)  0.001
 195 G   0.28437 0.27896 0.24195 0.14763 0.04354 0.00351 0.00003 0.00000 0.00000 0.00000 0.00000 ( 1)  0.001
 196 Y   0.00000 0.00000 0.00005 0.00913 0.20292 0.62418 0.16260 0.00111 0.00000 0.00000 0.00000 ( 6)  0.024
 197 L   0.27167 0.26739 0.23773 0.15808 0.05771 0.00726 0.00015 0.00000 0.00000 0.00000 0.00000 ( 1)  0.002
 198 T   0.29573 0.28911 0.24445 0.13658 0.03244 0.00169 0.00001 0.00000 0.00000 0.00000 0.00000 ( 1)  0.001
 199 S   0.27995 0.27496 0.24064 0.15151 0.04830 0.00458 0.00006 0.00000 0.00000 0.00000 0.00000 ( 1)  0.001
 200 C   0.27466 0.27014 0.23887 0.15586 0.05422 0.00614 0.00011 0.00000 0.00000 0.00000 0.00000 ( 1)  0.001
 201 T   0.00000 0.00000 0.00000 0.00000 0.00000 0.00000 0.00000 0.00113 0.99843 0.00044 0.00000 ( 9)  0.178
 202 F   0.00036 0.03349 0.22934 0.46977 0.24889 0.01809 0.00006 0.00000 0.00000 0.00000 0.00000 ( 4)  0.005
 203 D   0.30378 0.29619 0.24550 0.12800 0.02560 0.00093 0.00000 0.00000 0.00000 0.00000 0.00000 ( 1)  0.001
 204 Y   0.27798 0.27317 0.24002 0.15318 0.05047 0.00511 0.00007 0.00000 0.00000 0.00000 0.00000 ( 1)  0.001
 205 L   0.27351 0.26908 0.23842 0.15669 0.05558 0.00659 0.00013 0.00000 0.00000 0.00000 0.00000 ( 1)  0.001
 206 T   0.00000 0.00000 0.00001 0.00459 0.20295 0.69531 0.09701 0.00013 0.00000 0.00000 0.00000 ( 6)  0.023
 207 N   0.00000 0.00000 0.00000 0.00000 0.00004 0.04520 0.87735 0.07741 0.00000 0.00000 0.00000 ( 7)  0.051
 208 S   0.00000 0.00000 0.00000 0.00000 0.00037 0.10786 0.83299 0.05878 0.00000 0.00000 0.00000 ( 7)  0.048
 209 F   0.00000 0.00001 0.00388 0.13279 0.60034 0.25889 0.00410 0.00000 0.00000 0.00000 0.00000 ( 5)  0.013
 210 D   0.30620 0.29829 0.24569 0.12531 0.02374 0.00077 0.00000 0.00000 0.00000 0.00000 0.00000 ( 1)  0.001
 211 N   0.00000 0.00000 0.00014 0.02153 0.35198 0.57841 0.04789 0.00005 0.00000 0.00000 0.00000 ( 6)  0.019
 212 K   0.00000 0.00000 0.00194 0.07606 0.48197 0.41614 0.02387 0.00002 0.00000 0.00000 0.00000 ( 5)  0.016
 213 L   0.00018 0.01735 0.12898 0.35149 0.37765 0.11841 0.00593 0.00002 0.00000 0.00000 0.00000 ( 5)  0.008
 214 F   0.30710 0.29907 0.24574 0.12430 0.02307 0.00072 0.00000 0.00000 0.00000 0.00000 0.00000 ( 1)  0.001
 215 V   0.29943 0.29237 0.24500 0.13268 0.02921 0.00130 0.00000 0.00000 0.00000 0.00000 0.00000 ( 1)  0.001
 216 G   0.00000 0.00000 0.00000 0.00000 0.00000 0.00000 0.00002 0.19632 0.80366 0.00000 0.00000 ( 9)  0.161
 217 C   0.00000 0.00030 0.01825 0.19023 0.50520 0.27093 0.01507 0.00002 0.00000 0.00000 0.00000 ( 5)  0.013
 218 I   0.00000 0.00081 0.04559 0.36571 0.51190 0.07558 0.00042 0.00000 0.00000 0.00000 0.00000 ( 5)  0.008
 219 F   0.30752 0.29943 0.24576 0.12383 0.02276 0.00070 0.00000 0.00000 0.00000 0.00000 0.00000 ( 1)  0.001
 220 T   0.00000 0.00000 0.00000 0.00000 0.00000 0.00000 0.00000 0.00000 0.00000 1.00000 0.00000 (10)  0.373
 221 C   0.00000 0.00000 0.00119 0.05065 0.38883 0.49900 0.06013 0.00020 0.00000 0.00000 0.00000 ( 6)  0.018
 222 S   0.00000 0.00000 0.00000 0.00073 0.09133 0.71469 0.19284 0.00040 0.00000 0.00000 0.00000 ( 6)  0.027
 223 Y   0.27740 0.27264 0.23982 0.15366 0.05112 0.00528 0.00008 0.00000 0.00000 0.00000 0.00000 ( 1)  0.001
 224 V   0.00000 0.00000 0.00000 0.00000 0.00000 0.00023 0.20389 0.79471 0.00117 0.00000 0.00000 ( 8)  0.084
 225 F   0.00000 0.00000 0.00000 0.00000 0.00134 0.24260 0.74643 0.00963 0.00000 0.00000 0.00000 ( 7)  0.042
 226 P   0.28486 0.27941 0.24209 0.14719 0.04302 0.00341 0.00003 0.00000 0.00000 0.00000 0.00000 ( 1)  0.001
 227 M   0.00051 0.04714 0.30265 0.49542 0.15079 0.00349 0.00000 0.00000 0.00000 0.00000 0.00000 ( 4)  0.004
 228 L   0.00000 0.00000 0.00000 0.00000 0.00000 0.00000 0.00000 0.00008 0.97821 0.02172 0.00000 ( 9)  0.182
 229 C   0.00000 0.00000 0.00000 0.00000 0.00000 0.00000 0.00065 0.97356 0.02580 0.00000 0.00000 ( 8)  0.095
 230 I   0.00042 0.03852 0.25749 0.48478 0.20881 0.00997 0.00002 0.00000 0.00000 0.00000 0.00000 ( 4)  0.004
 231 I   0.00000 0.00000 0.00000 0.00000 0.00000 0.00009 0.18287 0.81650 0.00053 0.00000 0.00000 ( 8)  0.085
 232 Y   0.00020 0.01896 0.13984 0.37011 0.36909 0.09828 0.00352 0.00000 0.00000 0.00000 0.00000 ( 4)  0.007
 233 F   0.30851 0.30029 0.24581 0.12271 0.02204 0.00064 0.00000 0.00000 0.00000 0.00000 0.00000 ( 1)  0.001
 234 Y   0.27848 0.27363 0.24018 0.15276 0.04991 0.00497 0.00007 0.00000 0.00000 0.00000 0.00000 ( 1)  0.001
 235 S   0.00000 0.00052 0.03071 0.28055 0.53803 0.14780 0.00238 0.00000 0.00000 0.00000 0.00000 ( 5)  0.010
 236 G   0.28411 0.27873 0.24188 0.14786 0.04381 0.00357 0.00003 0.00000 0.00000 0.00000 0.00000 ( 1)  0.001
 237 I   0.31148 0.30284 0.24585 0.11929 0.02003 0.00051 0.00000 0.00000 0.00000 0.00000 0.00000 ( 1)  0.001
 238 V   0.30129 0.29400 0.24522 0.13069 0.02765 0.00114 0.00000 0.00000 0.00000 0.00000 0.00000 ( 1)  0.001
 239 K   0.00000 0.00000 0.00000 0.00005 0.01890 0.48031 0.49474 0.00600 0.00000 0.00000 0.00000 ( 7)  0.036
 240 Q   0.26397 0.26029 0.23456 0.16342 0.06686 0.01057 0.00034 0.00000 0.00000 0.00000 0.00000 ( 1)  0.002
 241 V   0.29897 0.29197 0.24493 0.13318 0.02960 0.00135 0.00000 0.00000 0.00000 0.00000 0.00000 ( 1)  0.001
 242 F   0.00000 0.00058 0.03354 0.29828 0.53610 0.12980 0.00169 0.00000 0.00000 0.00000 0.00000 ( 5)  0.009
 243 A   0.00000 0.00000 0.00013 0.01970 0.33458 0.59075 0.05477 0.00006 0.00000 0.00000 0.00000 ( 6)  0.020
 244 H   0.28435 0.27895 0.24195 0.14766 0.04355 0.00351 0.00003 0.00000 0.00000 0.00000 0.00000 ( 1)  0.001
 245 E   0.29401 0.28759 0.24417 0.13835 0.03399 0.00188 0.00001 0.00000 0.00000 0.00000 0.00000 ( 1)  0.001
 246 A   0.00000 0.00000 0.00224 0.08553 0.50834 0.38618 0.01770 0.00001 0.00000 0.00000 0.00000 ( 5)  0.015
 247 A   0.29625 0.28958 0.24453 0.13603 0.03197 0.00163 0.00001 0.00000 0.00000 0.00000 0.00000 ( 1)  0.001
 248 L   0.27560 0.27100 0.23917 0.15505 0.05318 0.00589 0.00010 0.00000 0.00000 0.00000 0.00000 ( 1)  0.001
 249 R   0.00024 0.02295 0.16570 0.40776 0.33971 0.06250 0.00113 0.00000 0.00000 0.00000 0.00000 ( 4)  0.006
 250 E   0.00000 0.00000 0.00000 0.00001 0.00643 0.35099 0.63185 0.01073 0.00000 0.00000 0.00000 ( 7)  0.040
 251 Q   0.26366 0.26000 0.23442 0.16362 0.06724 0.01072 0.00035 0.00000 0.00000 0.00000 0.00000 ( 1)  0.002
 252 A   0.29840 0.29147 0.24486 0.13378 0.03008 0.00140 0.00000 0.00000 0.00000 0.00000 0.00000 ( 1)  0.001
 253 K   0.29283 0.28654 0.24394 0.13954 0.03509 0.00204 0.00001 0.00000 0.00000 0.00000 0.00000 ( 1)  0.001
 254 K   0.29271 0.28644 0.24392 0.13966 0.03521 0.00206 0.00001 0.00000 0.00000 0.00000 0.00000 ( 1)  0.001
 255 M   0.33415 0.32179 0.24333 0.09226 0.00840 0.00006 0.00000 0.00000 0.00000 0.00000 0.00000 ( 1)  0.001
 256 N   0.00000 0.00066 0.03813 0.32586 0.53023 0.10421 0.00091 0.00000 0.00000 0.00000 0.00000 ( 5)  0.009
 257 V   0.00000 0.00001 0.00257 0.09559 0.53278 0.35597 0.01308 0.00001 0.00000 0.00000 0.00000 ( 5)  0.014
 258 E   0.00000 0.00000 0.00241 0.09085 0.52204 0.36982 0.01488 0.00001 0.00000 0.00000 0.00000 ( 5)  0.015
 259 S   0.27801 0.27319 0.24002 0.15314 0.05045 0.00512 0.00007 0.00000 0.00000 0.00000 0.00000 ( 1)  0.001
 260 L   0.27300 0.26862 0.23824 0.15709 0.05616 0.00677 0.00013 0.00000 0.00000 0.00000 0.00000 ( 1)  0.001
 261 R   0.26008 0.25667 0.23273 0.16571 0.07159 0.01271 0.00051 0.00000 0.00000 0.00000 0.00000 ( 1)  0.002
 262 S   0.00000 0.00000 0.00000 0.00000 0.00000 0.00001 0.03779 0.94020 0.02200 0.00000 0.00000 ( 8)  0.093
 263 N   0.30357 0.29601 0.24548 0.12822 0.02577 0.00095 0.00000 0.00000 0.00000 0.00000 0.00000 ( 1)  0.001
 264 Q   0.00000 0.00018 0.01128 0.12920 0.43298 0.37503 0.05095 0.00038 0.00000 0.00000 0.00000 ( 5)  0.016
 265 N   0.00000 0.00000 0.00000 0.00000 0.00000 0.00000 0.00000 0.00002 0.99118 0.00879 0.00000 ( 9)  0.179
 266 A   0.00000 0.00000 0.00000 0.00000 0.00000 0.00000 0.00001 0.11845 0.88154 0.00000 0.00000 ( 9)  0.168
 267 G   0.00000 0.00000 0.00000 0.00000 0.00000 0.00000 0.00000 0.00000 0.29478 0.70522 0.00000 (10)  0.316
 268 A   0.00000 0.00000 0.00000 0.00000 0.00000 0.00000 0.00752 0.94111 0.05137 0.00000 0.00000 ( 8)  0.097
 269 E   0.00000 0.00000 0.00000 0.00000 0.00000 0.00028 0.15838 0.83793 0.00342 0.00000 0.00000 ( 8)  0.086
 270 S   0.00000 0.00000 0.00000 0.00122 0.07880 0.58236 0.33259 0.00502 0.00000 0.00000 0.00000 ( 6)  0.031
 271 A   0.29645 0.28975 0.24457 0.13582 0.03180 0.00161 0.00001 0.00000 0.00000 0.00000 0.00000 ( 1)  0.001
 272 E   0.29440 0.28794 0.24424 0.13795 0.03363 0.00184 0.00001 0.00000 0.00000 0.00000 0.00000 ( 1)  0.001
 273 I   0.00000 0.00000 0.00041 0.05296 0.56056 0.37978 0.00628 0.00000 0.00000 0.00000 0.00000 ( 5)  0.015
 274 R   0.26424 0.26054 0.23466 0.16321 0.06654 0.01048 0.00034 0.00000 0.00000 0.00000 0.00000 ( 1)  0.002
 275 I   0.31615 0.30683 0.24578 0.11385 0.01704 0.00034 0.00000 0.00000 0.00000 0.00000 0.00000 ( 1)  0.001
 276 A   0.29915 0.29213 0.24496 0.13298 0.02944 0.00133 0.00000 0.00000 0.00000 0.00000 0.00000 ( 1)  0.001
 277 K   0.00027 0.02517 0.17969 0.42492 0.32098 0.04836 0.00061 0.00000 0.00000 0.00000 0.00000 ( 4)  0.006
 278 A   0.29696 0.29020 0.24465 0.13530 0.03135 0.00155 0.00001 0.00000 0.00000 0.00000 0.00000 ( 1)  0.001
 279 A   0.29669 0.28996 0.24460 0.13558 0.03159 0.00158 0.00001 0.00000 0.00000 0.00000 0.00000 ( 1)  0.001
 280 L   0.28816 0.28237 0.24290 0.14408 0.03967 0.00280 0.00002 0.00000 0.00000 0.00000 0.00000 ( 1)  0.001
 281 T   0.00032 0.03006 0.20936 0.45448 0.27825 0.02737 0.00016 0.00000 0.00000 0.00000 0.00000 ( 4)  0.005
 282 V   0.29973 0.29264 0.24503 0.13236 0.02895 0.00128 0.00000 0.00000 0.00000 0.00000 0.00000 ( 1)  0.001
 283 C   0.27920 0.27429 0.24042 0.15217 0.04910 0.00476 0.00006 0.00000 0.00000 0.00000 0.00000 ( 1)  0.001
 284 F   0.30937 0.30103 0.24584 0.12173 0.02143 0.00060 0.00000 0.00000 0.00000 0.00000 0.00000 ( 1)  0.001
 285 L   0.27127 0.26703 0.23758 0.15838 0.05817 0.00741 0.00016 0.00000 0.00000 0.00000 0.00000 ( 1)  0.002
 286 F   0.00000 0.00000 0.00000 0.00000 0.00155 0.26484 0.72614 0.00747 0.00000 0.00000 0.00000 ( 7)  0.042
 287 V   0.00000 0.00001 0.00259 0.09641 0.53480 0.35354 0.01265 0.00001 0.00000 0.00000 0.00000 ( 5)  0.014
 288 A   0.00000 0.00000 0.00000 0.00000 0.00011 0.06869 0.86326 0.06794 0.00000 0.00000 0.00000 ( 7)  0.049
 289 S   0.00000 0.00000 0.00117 0.04961 0.38379 0.50187 0.06333 0.00023 0.00000 0.00000 0.00000 ( 6)  0.019
 290 W   0.26123 0.25774 0.23331 0.16511 0.07018 0.01199 0.00044 0.00000 0.00000 0.00000 0.00000 ( 1)  0.002
 291 T   0.29628 0.28960 0.24454 0.13600 0.03195 0.00163 0.00001 0.00000 0.00000 0.00000 0.00000 ( 1)  0.001
 292 P   0.28249 0.27726 0.24142 0.14932 0.04554 0.00394 0.00004 0.00000 0.00000 0.00000 0.00000 ( 1)  0.001
 293 Y   0.27822 0.27339 0.24010 0.15298 0.05019 0.00504 0.00007 0.00000 0.00000 0.00000 0.00000 ( 1)  0.001
 294 G   0.28546 0.27994 0.24224 0.14664 0.04240 0.00329 0.00003 0.00000 0.00000 0.00000 0.00000 ( 1)  0.001
 295 V   0.00000 0.00000 0.00000 0.00000 0.00005 0.05640 0.88295 0.06060 0.00000 0.00000 0.00000 ( 7)  0.049
 296 M   0.33415 0.32179 0.24333 0.09226 0.00840 0.00006 0.00000 0.00000 0.00000 0.00000 0.00000 ( 1)  0.001
 297 S   0.00000 0.00000 0.00000 0.00000 0.00000 0.00001 0.03274 0.94699 0.02026 0.00000 0.00000 ( 8)  0.093
 298 L   0.00024 0.02281 0.16482 0.40637 0.34065 0.06389 0.00122 0.00000 0.00000 0.00000 0.00000 ( 4)  0.006
 299 I   0.00000 0.00086 0.04825 0.38003 0.50519 0.06540 0.00026 0.00000 0.00000 0.00000 0.00000 ( 5)  0.008
 300 G   0.27881 0.27393 0.24029 0.15248 0.04954 0.00488 0.00006 0.00000 0.00000 0.00000 0.00000 ( 1)  0.001
 301 A   0.00030 0.02834 0.19904 0.44496 0.29332 0.03378 0.00027 0.00000 0.00000 0.00000 0.00000 ( 4)  0.005
 302 F   0.00000 0.00000 0.00024 0.03336 0.45009 0.49684 0.01947 0.00000 0.00000 0.00000 0.00000 ( 6)  0.017
 303 G   0.28007 0.27507 0.24069 0.15142 0.04816 0.00454 0.00006 0.00000 0.00000 0.00000 0.00000 ( 1)  0.001
 304 D   0.00000 0.00000 0.00000 0.00000 0.00000 0.00000 0.00023 0.72060 0.27917 0.00000 0.00000 ( 8)  0.117
 305 Q   0.00000 0.00000 0.00000 0.00004 0.00976 0.25591 0.65765 0.07658 0.00005 0.00000 0.00000 ( 7)  0.045
 306 E   0.00000 0.00000 0.00000 0.00000 0.00000 0.00000 0.00000 0.00011 0.90726 0.09263 0.00000 ( 9)  0.196
 307 L   0.00000 0.00000 0.00003 0.00568 0.14381 0.58390 0.26158 0.00501 0.00000 0.00000 0.00000 ( 6)  0.028
 308 L   0.27880 0.27392 0.24026 0.15245 0.04958 0.00492 0.00007 0.00000 0.00000 0.00000 0.00000 ( 1)  0.001
 309 T   0.29556 0.28896 0.24442 0.13675 0.03260 0.00171 0.00001 0.00000 0.00000 0.00000 0.00000 ( 1)  0.001
 310 P   0.27972 0.27476 0.24058 0.15171 0.04854 0.00463 0.00006 0.00000 0.00000 0.00000 0.00000 ( 1)  0.001
 311 G   0.28121 0.27611 0.24104 0.15044 0.04691 0.00425 0.00005 0.00000 0.00000 0.00000 0.00000 ( 1)  0.001
 312 V   0.29819 0.29128 0.24482 0.13400 0.03028 0.00143 0.00001 0.00000 0.00000 0.00000 0.00000 ( 1)  0.001
 313 T   0.00000 0.00051 0.03021 0.27708 0.53730 0.15222 0.00268 0.00000 0.00000 0.00000 0.00000 ( 5)  0.010
 314 M   0.33415 0.32179 0.24333 0.09226 0.00840 0.00006 0.00000 0.00000 0.00000 0.00000 0.00000 ( 1)  0.001
 315 I   0.30880 0.30054 0.24579 0.12235 0.02188 0.00064 0.00000 0.00000 0.00000 0.00000 0.00000 ( 1)  0.001
 316 P   0.28261 0.27738 0.24145 0.14921 0.04540 0.00391 0.00004 0.00000 0.00000 0.00000 0.00000 ( 1)  0.001
 317 A   0.29736 0.29056 0.24471 0.13487 0.03099 0.00151 0.00001 0.00000 0.00000 0.00000 0.00000 ( 1)  0.001
 318 I   0.00000 0.00001 0.00284 0.10373 0.54991 0.33311 0.01040 0.00000 0.00000 0.00000 0.00000 ( 5)  0.014
 319 T   0.00000 0.00000 0.00000 0.00000 0.00001 0.02283 0.78340 0.19373 0.00002 0.00000 0.00000 ( 7)  0.056
 320 C   0.27682 0.27211 0.23963 0.15414 0.05177 0.00545 0.00008 0.00000 0.00000 0.00000 0.00000 ( 1)  0.001
 321 K   0.29214 0.28593 0.24381 0.14023 0.03575 0.00214 0.00001 0.00000 0.00000 0.00000 0.00000 ( 1)  0.001
 322 A   0.00000 0.00000 0.00000 0.00000 0.00000 0.00000 0.00000 0.01584 0.98415 0.00001 0.00000 ( 9)  0.176
 323 V   0.29981 0.29271 0.24504 0.13228 0.02889 0.00127 0.00000 0.00000 0.00000 0.00000 0.00000 ( 1)  0.001
 324 A   0.00030 0.02768 0.19509 0.44143 0.29911 0.03609 0.00030 0.00000 0.00000 0.00000 0.00000 ( 4)  0.005
 325 C   0.27680 0.27210 0.23963 0.15416 0.05179 0.00545 0.00008 0.00000 0.00000 0.00000 0.00000 ( 1)  0.001
 326 I   0.00000 0.00000 0.00003 0.01338 0.39148 0.57788 0.01724 0.00000 0.00000 0.00000 0.00000 ( 6)  0.018
 327 D   0.29941 0.29236 0.24502 0.13273 0.02918 0.00129 0.00000 0.00000 0.00000 0.00000 0.00000 ( 1)  0.001
 328 P   0.28258 0.27735 0.24145 0.14924 0.04544 0.00392 0.00004 0.00000 0.00000 0.00000 0.00000 ( 1)  0.001
 329 W   0.26123 0.25774 0.23331 0.16511 0.07018 0.01199 0.00044 0.00000 0.00000 0.00000 0.00000 ( 1)  0.002
 330 V   0.00000 0.00053 0.03094 0.28172 0.53699 0.14734 0.00248 0.00000 0.00000 0.00000 0.00000 ( 5)  0.010
 331 Y   0.27222 0.26790 0.23796 0.15771 0.05705 0.00701 0.00014 0.00000 0.00000 0.00000 0.00000 ( 1)  0.002
 332 A   0.29815 0.29125 0.24482 0.13405 0.03030 0.00143 0.00000 0.00000 0.00000 0.00000 0.00000 ( 1)  0.001
 333 I   0.31394 0.30495 0.24584 0.11644 0.01842 0.00042 0.00000 0.00000 0.00000 0.00000 0.00000 ( 1)  0.001
 334 S   0.29123 0.28512 0.24362 0.14114 0.03661 0.00227 0.00001 0.00000 0.00000 0.00000 0.00000 ( 1)  0.001
 335 H   0.27622 0.27156 0.23942 0.15463 0.05245 0.00564 0.00009 0.00000 0.00000 0.00000 0.00000 ( 1)  0.001
 336 P   0.28154 0.27641 0.24114 0.15015 0.04655 0.00417 0.00005 0.00000 0.00000 0.00000 0.00000 ( 1)  0.001
 337 K   0.00000 0.00000 0.00208 0.08063 0.49499 0.40155 0.02073 0.00002 0.00000 0.00000 0.00000 ( 5)  0.015
 338 Y   0.27899 0.27409 0.24035 0.15234 0.04934 0.00483 0.00006 0.00000 0.00000 0.00000 0.00000 ( 1)  0.001
 339 R   0.28564 0.28010 0.24229 0.14647 0.04222 0.00325 0.00003 0.00000 0.00000 0.00000 0.00000 ( 1)  0.001
 340 Q   0.00000 0.00000 0.00065 0.02977 0.27888 0.54298 0.14560 0.00212 0.00000 0.00000 0.00000 ( 6)  0.023
 341 E   0.29352 0.28716 0.24408 0.13884 0.03444 0.00195 0.00001 0.00000 0.00000 0.00000 0.00000 ( 1)  0.001
 342 L   0.27623 0.27158 0.23939 0.15455 0.05246 0.00569 0.00009 0.00000 0.00000 0.00000 0.00000 ( 1)  0.001
 343 Q   0.26360 0.25994 0.23439 0.16366 0.06731 0.01076 0.00035 0.00000 0.00000 0.00000 0.00000 ( 1)  0.002
 344 R   0.00000 0.00000 0.00000 0.00000 0.00000 0.00000 0.00111 0.36013 0.63874 0.00002 0.00000 ( 9)  0.147
 345 R   0.00016 0.01522 0.11449 0.32510 0.38614 0.14816 0.01068 0.00005 0.00000 0.00000 0.00000 ( 5)  0.009
 346 M   0.00000 0.00141 0.07529 0.49140 0.41123 0.02065 0.00001 0.00000 0.00000 0.00000 0.00000 ( 4)  0.006
 347 P   0.28131 0.27619 0.24107 0.15035 0.04681 0.00422 0.00005 0.00000 0.00000 0.00000 0.00000 ( 1)  0.001
 348 W   0.26067 0.25722 0.23305 0.16543 0.07087 0.01230 0.00046 0.00000 0.00000 0.00000 0.00000 ( 1)  0.002
 349 L   0.27327 0.26887 0.23834 0.15688 0.05585 0.00667 0.00013 0.00000 0.00000 0.00000 0.00000 ( 1)  0.001
 350 Q   0.00016 0.01513 0.11393 0.32428 0.38696 0.14894 0.01055 0.00005 0.00000 0.00000 0.00000 ( 5)  0.009
 351 I   0.31480 0.30569 0.24582 0.11543 0.01787 0.00039 0.00000 0.00000 0.00000 0.00000 0.00000 ( 1)  0.001
 352 S   0.00000 0.00000 0.00000 0.00000 0.00000 0.00000 0.00014 0.53055 0.46931 0.00000 0.00000 ( 8)  0.133
 353 E   0.29398 0.28757 0.24416 0.13838 0.03401 0.00189 0.00001 0.00000 0.00000 0.00000 0.00000 ( 1)  0.001
 354 P   0.00023 0.02193 0.15916 0.39886 0.34781 0.07047 0.00154 0.00000 0.00000 0.00000 0.00000 ( 4)  0.007
 355 D   0.00000 0.00000 0.00000 0.00000 0.00000 0.00000 0.00551 0.95559 0.03890 0.00000 0.00000 ( 8)  0.096
 356 D   0.00000 0.00001 0.00376 0.12961 0.59556 0.26648 0.00458 0.00000 0.00000 0.00000 0.00000 ( 5)  0.013
 357 N   0.00000 0.00000 0.00000 0.00000 0.00000 0.00000 0.00000 0.03347 0.96653 0.00000 0.00000 ( 9)  0.175
 358 T   0.00000 0.00000 0.00000 0.00000 0.00000 0.00000 0.00000 0.00000 0.00589 0.99411 0.00000 (10)  0.372
 359 S   0.28249 0.27727 0.24141 0.14929 0.04554 0.00395 0.00004 0.00000 0.00000 0.00000 0.00000 ( 1)  0.001
 360 N   0.00000 0.00000 0.00000 0.00001 0.00794 0.39026 0.59361 0.00819 0.00000 0.00000 0.00000 ( 7)  0.038
 361 T   0.00000 0.00000 0.00000 0.00000 0.00000 0.00000 0.00081 0.72373 0.27546 0.00000 0.00000 ( 8)  0.116
 362 S   0.00000 0.00057 0.03345 0.29768 0.53601 0.13054 0.00174 0.00000 0.00000 0.00000 0.00000 ( 5)  0.009
 363 N   0.00000 0.00000 0.00000 0.00000 0.00000 0.00000 0.00000 0.00009 0.99899 0.00092 0.00000 ( 9)  0.178
 364 T   0.00000 0.00000 0.00000 0.00000 0.00000 0.00940 0.74174 0.24884 0.00002 0.00000 0.00000 ( 7)  0.059
 365 T   0.00000 0.00000 0.00001 0.00335 0.16391 0.69190 0.14049 0.00035 0.00000 0.00000 0.00000 ( 6)  0.024
 366 T   0.00000 0.00000 0.00000 0.00000 0.00000 0.00000 0.00000 0.02490 0.97510 0.00001 0.00000 ( 9)  0.176
 367 N   0.00000 0.00000 0.00000 0.00000 0.00000 0.00000 0.00000 0.00031 0.99905 0.00065 0.00000 ( 9)  0.178
 368 S   0.00000 0.00000 0.00000 0.00000 0.00000 0.00000 0.00000 0.00000 0.00011 0.99989 0.00000 (10)  0.373
 369 A   0.00000 0.00000 0.00000 0.00000 0.00000 0.00000 0.00000 0.00000 0.00418 0.99582 0.00000 (10)  0.373
 370 A   0.00000 0.00000 0.00000 0.00000 0.00000 0.00000 0.00003 0.11697 0.88300 0.00001 0.00000 ( 9)  0.168
 371 P   0.00000 0.00000 0.00000 0.00000 0.00000 0.00000 0.00000 0.00030 0.98611 0.01360 0.00000 ( 9)  0.180

Positively selected sites

	Prob(w>1)  mean w



lnL = -73351.900945

