Supplemental results for CODEML (seqf: align.fa  treef: tree.nwk)


MLEs of dN/dS (w) for site classes (K=4)

site class             0        1       2a       2b
proportion       0.86317  0.03415  0.09877  0.00391
background w     0.03971  1.00000  0.03971  1.00000
foreground w     0.03971  1.00000  2.83289  2.83289

Naive Empirical Bayes (NEB) probabilities for 4 classes
(amino acids refer to 1st sequence: ColCroc)

   1 M   0.89733 0.00000 0.10267 0.00000 ( 1)
   2 D   0.89733 0.00000 0.10267 0.00000 ( 1)
   3 R   0.00000 0.89733 0.00000 0.10267 ( 2)
   4 T   0.89733 0.00000 0.10267 0.00000 ( 1)
   5 E   0.89733 0.00000 0.10267 0.00000 ( 1)
   6 Y   0.00000 0.89733 0.00000 0.10267 ( 2)
   7 Y   0.77910 0.11822 0.08915 0.01353 ( 1)
   8 I   0.00000 0.89733 0.00000 0.10267 ( 2)
   9 Y   0.00008 0.76187 0.01062 0.22743 ( 2)
  10 G   0.12490 0.00000 0.87510 0.00000 ( 3)
  11 A   0.96040 0.00000 0.03960 0.00000 ( 1)
  12 Y   0.00349 0.00000 0.99651 0.00000 ( 3)
  13 F   0.20301 0.00000 0.79699 0.00000 ( 3)
  14 A   0.96015 0.00000 0.03985 0.00000 ( 1)
  15 P   0.20150 0.00000 0.79850 0.00000 ( 3)
  16 L   0.03511 0.00000 0.96489 0.00000 ( 3)
  17 R   0.95847 0.00000 0.04153 0.00000 ( 1)
  18 S   0.32307 0.00000 0.67693 0.00000 ( 3)
  19 G   0.00000 0.87485 0.00000 0.12515 ( 2)
  20 G   0.00000 0.91791 0.00000 0.08209 ( 2)
  21 E   0.93202 0.00000 0.06798 0.00000 ( 1)
  22 R   0.31335 0.00000 0.68665 0.00000 ( 3)
  23 M   0.59262 0.00000 0.40738 0.00000 ( 1)
  24 L   0.94499 0.00000 0.05501 0.00000 ( 1)
  25 G   0.96086 0.00000 0.03914 0.00000 ( 1)
  26 E   0.96059 0.00000 0.03941 0.00000 ( 1)
  27 G   0.95533 0.00000 0.04467 0.00000 ( 1)
  28 L   0.94516 0.00000 0.05484 0.00000 ( 1)
  29 T   0.94757 0.00000 0.05243 0.00000 ( 1)
  30 G   0.26993 0.00000 0.73007 0.00000 ( 3)
  31 E   0.93874 0.00000 0.06126 0.00000 ( 1)
  32 D   0.96128 0.00000 0.03872 0.00000 ( 1)
  33 L   0.92285 0.00000 0.07715 0.00000 ( 1)
  34 A   0.96530 0.00000 0.03470 0.00000 ( 1)
  35 M   0.95879 0.00000 0.04121 0.00000 ( 1)
  36 I   0.94217 0.00000 0.05783 0.00000 ( 1)
  37 P   0.96068 0.00000 0.03932 0.00000 ( 1)
  38 E   0.21356 0.00000 0.78644 0.00000 ( 3)
  39 H   0.95975 0.00000 0.04025 0.00000 ( 1)
  40 W   0.94504 0.00000 0.05496 0.00000 ( 1)
  41 F   0.95112 0.00000 0.04888 0.00000 ( 1)
  42 K   0.00003 0.92247 0.00000 0.07750 ( 2)
  43 Y   0.96886 0.00000 0.03114 0.00000 ( 1)
  44 P   0.94702 0.00000 0.05298 0.00000 ( 1)
  45 E   0.96061 0.00000 0.03939 0.00000 ( 1)
  46 P   0.95523 0.00000 0.04477 0.00000 ( 1)
  47 P   0.95438 0.00000 0.04562 0.00000 ( 1)
  48 A   0.35627 0.00000 0.64373 0.00000 ( 3)
  49 S   0.94788 0.00000 0.05212 0.00000 ( 1)
  50 A   0.96419 0.00000 0.03581 0.00000 ( 1)
  51 H   0.95976 0.00000 0.04024 0.00000 ( 1)
  52 T   0.96543 0.00000 0.03457 0.00000 ( 1)
  53 A   0.96061 0.00000 0.03939 0.00000 ( 1)
  54 L   0.96187 0.00000 0.03813 0.00000 ( 1)
  55 C   0.96516 0.00000 0.03484 0.00000 ( 1)
  56 L   0.94191 0.00000 0.05809 0.00000 ( 1)
  57 L   0.96189 0.00000 0.03811 0.00000 ( 1)
  58 Y   0.95495 0.00000 0.04505 0.00000 ( 1)
  59 C   0.96156 0.00233 0.03593 0.00018 ( 1)
  60 F   0.96194 0.00000 0.03806 0.00000 ( 1)
  61 F   0.96884 0.00000 0.03116 0.00000 ( 1)
  62 T   0.95977 0.00000 0.04023 0.00000 ( 1)
  63 A   0.96103 0.00000 0.03897 0.00000 ( 1)
  64 A   0.96458 0.00000 0.03542 0.00000 ( 1)
  65 A   0.96059 0.00000 0.03941 0.00000 ( 1)
  66 L   0.95354 0.00000 0.04646 0.00000 ( 1)
  67 I   0.96407 0.00000 0.03593 0.00000 ( 1)
  68 G   0.95182 0.00000 0.04818 0.00000 ( 1)
  69 N   0.96107 0.00000 0.03893 0.00000 ( 1)
  70 G   0.95134 0.00000 0.04866 0.00000 ( 1)
  71 M   0.95698 0.00000 0.04302 0.00000 ( 1)
  72 V   0.96500 0.00000 0.03500 0.00000 ( 1)
  73 I   0.96808 0.00000 0.03192 0.00000 ( 1)
  74 F   0.95959 0.00000 0.04041 0.00000 ( 1)
  75 I   0.91590 0.00000 0.08410 0.00000 ( 1)
  76 F   0.96238 0.00000 0.03762 0.00000 ( 1)
  77 A   0.95245 0.00000 0.04755 0.00000 ( 1)
  78 S   0.95992 0.00000 0.04008 0.00000 ( 1)
  79 T   0.94809 0.00000 0.05191 0.00000 ( 1)
  80 K   0.96077 0.00000 0.03923 0.00000 ( 1)
  81 S   0.95864 0.00000 0.04136 0.00000 ( 1)
  82 L   0.95277 0.00000 0.04723 0.00000 ( 1)
  83 R   0.93256 0.00000 0.06744 0.00000 ( 1)
  84 T   0.96055 0.00000 0.03945 0.00000 ( 1)
  85 A   0.95401 0.00000 0.04599 0.00000 ( 1)
  86 S   0.96596 0.00000 0.03404 0.00000 ( 1)
  87 N   0.96754 0.00000 0.03246 0.00000 ( 1)
  88 L   0.32231 0.00000 0.67769 0.00000 ( 3)
  89 L   0.95687 0.00000 0.04313 0.00000 ( 1)
  90 I   0.88032 0.00000 0.11968 0.00000 ( 1)
  91 L   0.94452 0.00000 0.05548 0.00000 ( 1)
  92 N   0.96443 0.00000 0.03557 0.00000 ( 1)
  93 L   0.95517 0.00000 0.04483 0.00000 ( 1)
  94 A   0.96449 0.00000 0.03551 0.00000 ( 1)
  95 I   0.94806 0.00000 0.05194 0.00000 ( 1)
  96 F   0.41246 0.00000 0.58754 0.00000 ( 3)
  97 D   0.96810 0.00000 0.03190 0.00000 ( 1)
  98 F   0.96229 0.00000 0.03771 0.00000 ( 1)
  99 I   0.96782 0.00000 0.03218 0.00000 ( 1)
 100 M   0.97811 0.00000 0.02189 0.00000 ( 1)
 101 M   0.97811 0.00000 0.02189 0.00000 ( 1)
 102 L   0.96064 0.00000 0.03936 0.00000 ( 1)
 103 K   0.95984 0.00000 0.04016 0.00000 ( 1)
 104 A   0.96064 0.00000 0.03936 0.00000 ( 1)
 105 P   0.96057 0.00000 0.03943 0.00000 ( 1)
 106 I   0.96885 0.00000 0.03115 0.00000 ( 1)
 107 F   0.96881 0.00000 0.03119 0.00000 ( 1)
 108 I   0.96955 0.00000 0.03045 0.00000 ( 1)
 109 Y   0.95495 0.00000 0.04505 0.00000 ( 1)
 110 N   0.96764 0.00000 0.03236 0.00000 ( 1)
 111 S   0.95859 0.00000 0.04141 0.00000 ( 1)
 112 A   0.96066 0.00000 0.03934 0.00000 ( 1)
 113 M   0.97811 0.00000 0.02189 0.00000 ( 1)
 114 R   0.93720 0.00000 0.06280 0.00000 ( 1)
 115 G   0.95234 0.00000 0.04766 0.00000 ( 1)
 116 F   0.96870 0.00000 0.03130 0.00000 ( 1)
 117 A   0.96090 0.00000 0.03910 0.00000 ( 1)
 118 A   0.00000 0.92724 0.00000 0.07276 ( 2)
 119 G   0.95383 0.00000 0.04617 0.00000 ( 1)
 120 A   0.93345 0.00000 0.06655 0.00000 ( 1)
 121 L   0.00000 0.92133 0.00000 0.07867 ( 2)
 122 W   0.96078 0.00000 0.03922 0.00000 ( 1)
 123 C   0.94897 0.00000 0.05103 0.00000 ( 1)
 124 K   0.94681 0.00000 0.05319 0.00000 ( 1)
 125 I   0.94300 0.00000 0.05700 0.00000 ( 1)
 126 F   0.96839 0.00000 0.03161 0.00000 ( 1)
 127 A   0.96027 0.00000 0.03973 0.00000 ( 1)
 128 V   0.96883 0.00000 0.03117 0.00000 ( 1)
 129 M   0.97810 0.00000 0.02190 0.00000 ( 1)
 130 G   0.96088 0.00000 0.03912 0.00000 ( 1)
 131 S   0.96526 0.00000 0.03474 0.00000 ( 1)
 132 Y   0.95494 0.00000 0.04506 0.00000 ( 1)
 133 S   0.96595 0.00000 0.03405 0.00000 ( 1)
 134 G   0.96045 0.00000 0.03955 0.00000 ( 1)
 135 I   0.96957 0.00000 0.03043 0.00000 ( 1)
 136 G   0.95240 0.00000 0.04760 0.00000 ( 1)
 137 A   0.96459 0.00000 0.03541 0.00000 ( 1)
 138 A   0.14030 0.00000 0.85970 0.00000 ( 3)
 139 M   0.97809 0.00000 0.02191 0.00000 ( 1)
 140 T   0.96547 0.00000 0.03453 0.00000 ( 1)
 141 N   0.96760 0.00000 0.03240 0.00000 ( 1)
 142 A   0.95864 0.00000 0.04136 0.00000 ( 1)
 143 C   0.95599 0.00000 0.04401 0.00000 ( 1)
 144 I   0.96640 0.00000 0.03360 0.00000 ( 1)
 145 A   0.95835 0.00000 0.04165 0.00000 ( 1)
 146 Y   0.95435 0.00000 0.04565 0.00000 ( 1)
 147 D   0.96806 0.00000 0.03194 0.00000 ( 1)
 148 R   0.95543 0.00000 0.04457 0.00000 ( 1)
 149 H   0.95939 0.00000 0.04061 0.00000 ( 1)
 150 S   0.95216 0.00000 0.04784 0.00000 ( 1)
 151 T   0.95978 0.00000 0.04022 0.00000 ( 1)
 152 I   0.96962 0.00000 0.03038 0.00000 ( 1)
 153 T   0.96078 0.00000 0.03922 0.00000 ( 1)
 154 R   0.94142 0.00000 0.05858 0.00000 ( 1)
 155 P   0.95522 0.00000 0.04478 0.00000 ( 1)
 156 L   0.94436 0.00000 0.05564 0.00000 ( 1)
 157 D   0.96788 0.00000 0.03212 0.00000 ( 1)
 158 G   0.95523 0.00000 0.04477 0.00000 ( 1)
 159 R   0.94135 0.00000 0.05865 0.00000 ( 1)
 160 L   0.94440 0.00000 0.05560 0.00000 ( 1)
 161 S   0.95244 0.00000 0.04756 0.00000 ( 1)
 162 R   0.94857 0.00000 0.05143 0.00000 ( 1)
 163 G   0.95525 0.00000 0.04475 0.00000 ( 1)
 164 K   0.96084 0.00000 0.03916 0.00000 ( 1)
 165 V   0.96052 0.00000 0.03948 0.00000 ( 1)
 166 L   0.96499 0.00000 0.03501 0.00000 ( 1)
 167 L   0.94441 0.00000 0.05559 0.00000 ( 1)
 168 M   0.28502 0.00000 0.71498 0.00000 ( 3)
 169 I   0.95933 0.00000 0.04067 0.00000 ( 1)
 170 I   0.94413 0.00000 0.05587 0.00000 ( 1)
 171 C   0.20917 0.00000 0.79083 0.00000 ( 3)
 172 I   0.96067 0.00000 0.03933 0.00000 ( 1)
 173 W   0.94504 0.00000 0.05496 0.00000 ( 1)
 174 I   0.50184 0.00000 0.49816 0.00000 ( 1)
 175 Y   0.95495 0.00000 0.04505 0.00000 ( 1)
 176 T   0.39432 0.00000 0.60568 0.00000 ( 3)
 177 T   0.96081 0.00000 0.03919 0.00000 ( 1)
 178 P   0.95948 0.00000 0.04052 0.00000 ( 1)
 179 W   0.94504 0.00000 0.05496 0.00000 ( 1)
 180 S   0.96452 0.00000 0.03548 0.00000 ( 1)
 181 L   0.96067 0.00000 0.03933 0.00000 ( 1)
 182 M   0.94438 0.00000 0.05562 0.00000 ( 1)
 183 P   0.95290 0.00000 0.04710 0.00000 ( 1)
 184 L   0.96164 0.00000 0.03836 0.00000 ( 1)
 185 F   0.11640 0.00000 0.88360 0.00000 ( 3)
 186 R   0.94975 0.00000 0.05025 0.00000 ( 1)
 187 V   0.96976 0.00000 0.03024 0.00000 ( 1)
 188 W   0.94504 0.00000 0.05496 0.00000 ( 1)
 189 G   0.96033 0.00000 0.03967 0.00000 ( 1)
 190 R   0.94022 0.00000 0.05978 0.00000 ( 1)
 191 F   0.20366 0.00000 0.79634 0.00000 ( 3)
 192 V   0.95887 0.00000 0.04113 0.00000 ( 1)
 193 P   0.95434 0.00000 0.04566 0.00000 ( 1)
 194 E   0.96177 0.00000 0.03823 0.00000 ( 1)
 195 G   0.96088 0.00000 0.03912 0.00000 ( 1)
 196 Y   0.95495 0.00000 0.04505 0.00000 ( 1)
 197 L   0.94438 0.00000 0.05562 0.00000 ( 1)
 198 T   0.96035 0.00000 0.03965 0.00000 ( 1)
 199 S   0.95220 0.00000 0.04780 0.00000 ( 1)
 200 C   0.95597 0.00000 0.04403 0.00000 ( 1)
 201 T   0.96082 0.00000 0.03918 0.00000 ( 1)
 202 F   0.96883 0.00000 0.03117 0.00000 ( 1)
 203 D   0.96805 0.00000 0.03195 0.00000 ( 1)
 204 Y   0.95494 0.00000 0.04506 0.00000 ( 1)
 205 L   0.94506 0.00000 0.05494 0.00000 ( 1)
 206 T   0.96064 0.00000 0.03936 0.00000 ( 1)
 207 N   0.96757 0.00000 0.03243 0.00000 ( 1)
 208 S   0.96081 0.00000 0.03919 0.00000 ( 1)
 209 F   0.96882 0.00000 0.03118 0.00000 ( 1)
 210 D   0.96810 0.00000 0.03190 0.00000 ( 1)
 211 N   0.96081 0.00000 0.03919 0.00000 ( 1)
 212 K   0.96110 0.00000 0.03890 0.00000 ( 1)
 213 L   0.94440 0.00000 0.05560 0.00000 ( 1)
 214 F   0.96883 0.00000 0.03117 0.00000 ( 1)
 215 V   0.96064 0.00000 0.03936 0.00000 ( 1)
 216 G   0.96523 0.00000 0.03477 0.00000 ( 1)
 217 C   0.95600 0.00000 0.04400 0.00000 ( 1)
 218 I   0.96955 0.00000 0.03045 0.00000 ( 1)
 219 F   0.96886 0.00000 0.03114 0.00000 ( 1)
 220 T   0.00000 0.93274 0.00000 0.06726 ( 2)
 221 C   0.95600 0.00000 0.04400 0.00000 ( 1)
 222 S   0.96596 0.00000 0.03404 0.00000 ( 1)
 223 Y   0.95495 0.00000 0.04505 0.00000 ( 1)
 224 V   0.96477 0.00000 0.03523 0.00000 ( 1)
 225 F   0.23923 0.00000 0.76077 0.00000 ( 3)
 226 P   0.96065 0.00000 0.03935 0.00000 ( 1)
 227 M   0.97810 0.00000 0.02190 0.00000 ( 1)
 228 L   0.96304 0.00000 0.03696 0.00000 ( 1)
 229 C   0.55966 0.00000 0.44034 0.00000 ( 1)
 230 I   0.96951 0.00000 0.03049 0.00000 ( 1)
 231 I   0.30765 0.00000 0.69235 0.00000 ( 3)
 232 Y   0.95492 0.00000 0.04508 0.00000 ( 1)
 233 F   0.96886 0.00000 0.03114 0.00000 ( 1)
 234 Y   0.94854 0.00000 0.05146 0.00000 ( 1)
 235 S   0.96592 0.00000 0.03408 0.00000 ( 1)
 236 G   0.96084 0.00000 0.03916 0.00000 ( 1)
 237 I   0.96940 0.00000 0.03060 0.00000 ( 1)
 238 V   0.96485 0.00000 0.03515 0.00000 ( 1)
 239 K   0.96097 0.00000 0.03903 0.00000 ( 1)
 240 Q   0.94659 0.00000 0.05341 0.00000 ( 1)
 241 V   0.96075 0.00000 0.03925 0.00000 ( 1)
 242 F   0.96842 0.00000 0.03158 0.00000 ( 1)
 243 A   0.95838 0.00000 0.04162 0.00000 ( 1)
 244 H   0.95975 0.00000 0.04025 0.00000 ( 1)
 245 E   0.96147 0.00000 0.03853 0.00000 ( 1)
 246 A   0.96504 0.00000 0.03496 0.00000 ( 1)
 247 A   0.95834 0.00000 0.04166 0.00000 ( 1)
 248 L   0.96079 0.00000 0.03921 0.00000 ( 1)
 249 R   0.95645 0.00000 0.04355 0.00000 ( 1)
 250 E   0.95625 0.00000 0.04375 0.00000 ( 1)
 251 Q   0.94611 0.00000 0.05389 0.00000 ( 1)
 252 A   0.96002 0.00000 0.03998 0.00000 ( 1)
 253 K   0.96111 0.00000 0.03889 0.00000 ( 1)
 254 K   0.95833 0.00000 0.04167 0.00000 ( 1)
 255 M   0.97811 0.00000 0.02189 0.00000 ( 1)
 256 N   0.96410 0.00000 0.03590 0.00000 ( 1)
 257 V   0.94079 0.00000 0.05921 0.00000 ( 1)
 258 E   0.26937 0.00000 0.73063 0.00000 ( 3)
 259 S   0.95221 0.00000 0.04779 0.00000 ( 1)
 260 L   0.94439 0.00000 0.05561 0.00000 ( 1)
 261 R   0.95138 0.00000 0.04862 0.00000 ( 1)
 262 S   0.96063 0.00000 0.03937 0.00000 ( 1)
 263 N   0.96760 0.00000 0.03240 0.00000 ( 1)
 264 Q   0.94681 0.00000 0.05319 0.00000 ( 1)
 265 N   0.95727 0.00000 0.04273 0.00000 ( 1)
 266 A   0.25466 0.00000 0.74534 0.00000 ( 3)
 267 G   0.00327 0.91849 0.00018 0.07805 ( 2)
 268 A   0.94415 0.00000 0.05585 0.00000 ( 1)
 269 E   0.94416 0.00000 0.05584 0.00000 ( 1)
 270 S   0.95820 0.00000 0.04180 0.00000 ( 1)
 271 A   0.96064 0.00000 0.03936 0.00000 ( 1)
 272 E   0.96170 0.00000 0.03830 0.00000 ( 1)
 273 I   0.96954 0.00000 0.03046 0.00000 ( 1)
 274 R   0.95168 0.00000 0.04832 0.00000 ( 1)
 275 I   0.96925 0.00000 0.03075 0.00000 ( 1)
 276 A   0.96521 0.00000 0.03479 0.00000 ( 1)
 277 K   0.96087 0.00000 0.03913 0.00000 ( 1)
 278 A   0.96064 0.00000 0.03936 0.00000 ( 1)
 279 A   0.96064 0.00000 0.03936 0.00000 ( 1)
 280 L   0.96178 0.00000 0.03822 0.00000 ( 1)
 281 T   0.96543 0.00000 0.03457 0.00000 ( 1)
 282 V   0.96480 0.00000 0.03520 0.00000 ( 1)
 283 C   0.95600 0.00000 0.04400 0.00000 ( 1)
 284 F   0.96885 0.00000 0.03115 0.00000 ( 1)
 285 L   0.94436 0.00000 0.05564 0.00000 ( 1)
 286 F   0.96886 0.00000 0.03114 0.00000 ( 1)
 287 V   0.95971 0.00000 0.04029 0.00000 ( 1)
 288 A   0.96489 0.00000 0.03511 0.00000 ( 1)
 289 S   0.95223 0.00000 0.04777 0.00000 ( 1)
 290 W   0.94504 0.00000 0.05496 0.00000 ( 1)
 291 T   0.95969 0.00000 0.04031 0.00000 ( 1)
 292 P   0.95982 0.00000 0.04018 0.00000 ( 1)
 293 Y   0.95495 0.00000 0.04505 0.00000 ( 1)
 294 G   0.96039 0.00000 0.03961 0.00000 ( 1)
 295 V   0.94320 0.00000 0.05680 0.00000 ( 1)
 296 M   0.97811 0.00000 0.02189 0.00000 ( 1)
 297 S   0.95223 0.00000 0.04777 0.00000 ( 1)
 298 L   0.96187 0.00000 0.03813 0.00000 ( 1)
 299 I   0.96953 0.00000 0.03047 0.00000 ( 1)
 300 G   0.95207 0.00000 0.04793 0.00000 ( 1)
 301 A   0.96523 0.00000 0.03477 0.00000 ( 1)
 302 F   0.96884 0.00000 0.03116 0.00000 ( 1)
 303 G   0.95193 0.00000 0.04807 0.00000 ( 1)
 304 D   0.96806 0.00000 0.03194 0.00000 ( 1)
 305 Q   0.94679 0.00000 0.05321 0.00000 ( 1)
 306 E   0.91358 0.00007 0.08634 0.00001 ( 1)
 307 L   0.94438 0.00000 0.05562 0.00000 ( 1)
 308 L   0.96157 0.00000 0.03843 0.00000 ( 1)
 309 T   0.95825 0.00000 0.04175 0.00000 ( 1)
 310 P   0.95521 0.00000 0.04479 0.00000 ( 1)
 311 G   0.95533 0.00000 0.04467 0.00000 ( 1)
 312 V   0.96071 0.00000 0.03929 0.00000 ( 1)
 313 T   0.96080 0.00000 0.03920 0.00000 ( 1)
 314 M   0.97811 0.00000 0.02189 0.00000 ( 1)
 315 I   0.96355 0.00000 0.03645 0.00000 ( 1)
 316 P   0.95434 0.00000 0.04566 0.00000 ( 1)
 317 A   0.95837 0.00000 0.04163 0.00000 ( 1)
 318 I   0.96359 0.00000 0.03641 0.00000 ( 1)
 319 T   0.96448 0.00000 0.03552 0.00000 ( 1)
 320 C   0.95543 0.00000 0.04457 0.00000 ( 1)
 321 K   0.95856 0.00000 0.04144 0.00000 ( 1)
 322 A   0.96450 0.00000 0.03550 0.00000 ( 1)
 323 V   0.96008 0.00000 0.03992 0.00000 ( 1)
 324 A   0.96080 0.00000 0.03920 0.00000 ( 1)
 325 C   0.94901 0.00000 0.05099 0.00000 ( 1)
 326 I   0.97029 0.00000 0.02971 0.00000 ( 1)
 327 D   0.96154 0.00000 0.03846 0.00000 ( 1)
 328 P   0.95522 0.00000 0.04478 0.00000 ( 1)
 329 W   0.94504 0.00000 0.05496 0.00000 ( 1)
 330 V   0.95835 0.00000 0.04165 0.00000 ( 1)
 331 Y   0.95428 0.00000 0.04572 0.00000 ( 1)
 332 A   0.96418 0.00000 0.03582 0.00000 ( 1)
 333 I   0.96949 0.00000 0.03051 0.00000 ( 1)
 334 S   0.95865 0.00000 0.04135 0.00000 ( 1)
 335 H   0.95236 0.00000 0.04764 0.00000 ( 1)
 336 P   0.95242 0.00000 0.04758 0.00000 ( 1)
 337 K   0.43828 0.00000 0.56172 0.00000 ( 3)
 338 Y   0.95459 0.00000 0.04541 0.00000 ( 1)
 339 R   0.95516 0.00000 0.04484 0.00000 ( 1)
 340 Q   0.94508 0.00000 0.05492 0.00000 ( 1)
 341 E   0.96103 0.00000 0.03897 0.00000 ( 1)
 342 L   0.94511 0.00000 0.05489 0.00000 ( 1)
 343 Q   0.94666 0.00000 0.05334 0.00000 ( 1)
 344 R   0.87493 0.00000 0.12507 0.00000 ( 1)
 345 R   0.94111 0.00000 0.05889 0.00000 ( 1)
 346 M   0.97709 0.00000 0.02291 0.00000 ( 1)
 347 P   0.95496 0.00000 0.04504 0.00000 ( 1)
 348 W   0.94498 0.00000 0.05502 0.00000 ( 1)
 349 L   0.94406 0.00000 0.05594 0.00000 ( 1)
 350 Q   0.94567 0.00000 0.05433 0.00000 ( 1)
 351 I   0.96692 0.00000 0.03308 0.00000 ( 1)
 352 S   0.94988 0.00000 0.05012 0.00000 ( 1)
 353 E   0.96128 0.00000 0.03872 0.00000 ( 1)
 354 P   0.95993 0.00000 0.04007 0.00000 ( 1)
 355 D   0.33877 0.00000 0.66123 0.00000 ( 3)
 356 D   0.96757 0.00000 0.03243 0.00000 ( 1)
 357 N   0.02868 0.00000 0.97132 0.00000 ( 3)
 358 T   0.00000 0.90451 0.00000 0.09549 ( 2)
 359 S   0.95980 0.00000 0.04020 0.00000 ( 1)
 360 N   0.96035 0.00000 0.03965 0.00000 ( 1)
 361 T   0.95881 0.00000 0.04119 0.00000 ( 1)
 362 S   0.96479 0.00000 0.03521 0.00000 ( 1)
 363 N   0.91062 0.00000 0.08938 0.00000 ( 1)
 364 T   0.89630 0.00000 0.10370 0.00000 ( 1)
 365 T   0.41367 0.00000 0.58633 0.00000 ( 3)
 366 T   0.95606 0.00000 0.04394 0.00000 ( 1)
 367 N   0.93444 0.00000 0.06556 0.00000 ( 1)
 368 S   0.00000 0.91661 0.00000 0.08339 ( 2)
 369 A   0.00000 0.90683 0.00000 0.09317 ( 2)
 370 A   0.24096 0.00000 0.75904 0.00000 ( 3)
 371 P   0.28251 0.00000 0.71749 0.00000 ( 3)


lnL = -75803.991476

Bayes Empirical Bayes (BEB) probabilities for 4 classes (class)
(amino acids refer to 1st sequence: ColCroc)

   1 M   0.91258 0.00000 0.08742 0.00000 ( 1)
   2 D   0.91258 0.00000 0.08742 0.00000 ( 1)
   3 R   0.00000 0.91258 0.00000 0.08742 ( 2)
   4 T   0.91258 0.00000 0.08742 0.00000 ( 1)
   5 E   0.91258 0.00000 0.08742 0.00000 ( 1)
   6 Y   0.00000 0.91258 0.00000 0.08742 ( 2)
   7 Y   0.91247 0.00011 0.08741 0.00001 ( 1)
   8 I   0.00034 0.91224 0.00003 0.08739 ( 2)
   9 Y   0.01206 0.09262 0.87273 0.02260 ( 3)
  10 G   0.17938 0.00000 0.82062 0.00000 ( 3)
  11 A   0.96477 0.00000 0.03523 0.00000 ( 1)
  12 Y   0.00587 0.00000 0.99413 0.00000 ( 3)
  13 F   0.34406 0.00000 0.65594 0.00000 ( 3)
  14 A   0.96477 0.00000 0.03523 0.00000 ( 1)
  15 P   0.33840 0.00000 0.66160 0.00000 ( 3)
  16 L   0.06057 0.00000 0.93943 0.00000 ( 3)
  17 R   0.96410 0.00000 0.03590 0.00000 ( 1)
  18 S   0.53037 0.00000 0.46963 0.00000 ( 1)
  19 G   0.00000 0.89678 0.00000 0.10321 ( 2)
  20 G   0.00000 0.93146 0.00000 0.06854 ( 2)
  21 E   0.93677 0.00000 0.06323 0.00000 ( 1)
  22 R   0.50738 0.00000 0.49262 0.00000 ( 1)
  23 M   0.69378 0.00000 0.30622 0.00000 ( 1)
  24 L   0.95412 0.00000 0.04588 0.00000 ( 1)
  25 G   0.96588 0.00000 0.03412 0.00000 ( 1)
  26 E   0.96524 0.00000 0.03476 0.00000 ( 1)
  27 G   0.96191 0.00000 0.03809 0.00000 ( 1)
  28 L   0.95423 0.00000 0.04577 0.00000 ( 1)
  29 T   0.95563 0.00000 0.04437 0.00000 ( 1)
  30 G   0.39753 0.00000 0.60247 0.00000 ( 3)
  31 E   0.94819 0.00000 0.05181 0.00000 ( 1)
  32 D   0.96606 0.00000 0.03394 0.00000 ( 1)
  33 L   0.93641 0.00000 0.06359 0.00000 ( 1)
  34 A   0.96867 0.00000 0.03133 0.00000 ( 1)
  35 M   0.96384 0.00000 0.03616 0.00000 ( 1)
  36 I   0.95129 0.00000 0.04871 0.00000 ( 1)
  37 P   0.96564 0.00000 0.03436 0.00000 ( 1)
  38 E   0.36491 0.00000 0.63509 0.00000 ( 3)
  39 H   0.96518 0.00000 0.03482 0.00000 ( 1)
  40 W   0.95464 0.00000 0.04536 0.00000 ( 1)
  41 F   0.95894 0.00000 0.04106 0.00000 ( 1)
  42 K   0.08756 0.84448 0.00708 0.06088 ( 2)
  43 Y   0.97154 0.00000 0.02846 0.00000 ( 1)
  44 P   0.95433 0.00000 0.04567 0.00000 ( 1)
  45 E   0.96522 0.00000 0.03478 0.00000 ( 1)
  46 P   0.96166 0.00000 0.03834 0.00000 ( 1)
  47 P   0.96101 0.00000 0.03899 0.00000 ( 1)
  48 A   0.51096 0.00000 0.48904 0.00000 ( 1)
  49 S   0.95459 0.00000 0.04541 0.00000 ( 1)
  50 A   0.96758 0.00000 0.03242 0.00000 ( 1)
  51 H   0.96519 0.00000 0.03481 0.00000 ( 1)
  52 T   0.96885 0.00000 0.03115 0.00000 ( 1)
  53 A   0.96516 0.00000 0.03484 0.00000 ( 1)
  54 L   0.96650 0.00000 0.03350 0.00000 ( 1)
  55 C   0.96854 0.00000 0.03146 0.00000 ( 1)
  56 L   0.95077 0.00000 0.04923 0.00000 ( 1)
  57 L   0.96652 0.00000 0.03348 0.00000 ( 1)
  58 Y   0.96169 0.00000 0.03831 0.00000 ( 1)
  59 C   0.96747 0.00000 0.03253 0.00000 ( 1)
  60 F   0.96635 0.00000 0.03365 0.00000 ( 1)
  61 F   0.97151 0.00000 0.02849 0.00000 ( 1)
  62 T   0.96457 0.00000 0.03543 0.00000 ( 1)
  63 A   0.96525 0.00000 0.03475 0.00000 ( 1)
  64 A   0.96813 0.00000 0.03187 0.00000 ( 1)
  65 A   0.96519 0.00000 0.03481 0.00000 ( 1)
  66 L   0.96049 0.00000 0.03951 0.00000 ( 1)
  67 I   0.96738 0.00000 0.03262 0.00000 ( 1)
  68 G   0.95935 0.00000 0.04065 0.00000 ( 1)
  69 N   0.96606 0.00000 0.03394 0.00000 ( 1)
  70 G   0.95792 0.00000 0.04208 0.00000 ( 1)
  71 M   0.96226 0.00000 0.03774 0.00000 ( 1)
  72 V   0.96842 0.00000 0.03158 0.00000 ( 1)
  73 I   0.97078 0.00000 0.02922 0.00000 ( 1)
  74 F   0.96461 0.00000 0.03539 0.00000 ( 1)
  75 I   0.93846 0.00000 0.06154 0.00000 ( 1)
  76 F   0.96680 0.00000 0.03320 0.00000 ( 1)
  77 A   0.95902 0.00000 0.04098 0.00000 ( 1)
  78 S   0.96483 0.00000 0.03517 0.00000 ( 1)
  79 T   0.95560 0.00000 0.04440 0.00000 ( 1)
  80 K   0.96581 0.00000 0.03419 0.00000 ( 1)
  81 S   0.96432 0.00000 0.03568 0.00000 ( 1)
  82 L   0.95974 0.00000 0.04026 0.00000 ( 1)
  83 R   0.94493 0.00000 0.05507 0.00000 ( 1)
  84 T   0.96505 0.00000 0.03495 0.00000 ( 1)
  85 A   0.95942 0.00000 0.04058 0.00000 ( 1)
  86 S   0.96961 0.00000 0.03039 0.00000 ( 1)
  87 N   0.97067 0.00000 0.02933 0.00000 ( 1)
  88 L   0.51646 0.00000 0.48354 0.00000 ( 1)
  89 L   0.96224 0.00000 0.03776 0.00000 ( 1)
  90 I   0.91484 0.00000 0.08516 0.00000 ( 1)
  91 L   0.95384 0.00000 0.04616 0.00000 ( 1)
  92 N   0.96793 0.00000 0.03207 0.00000 ( 1)
  93 L   0.96084 0.00000 0.03916 0.00000 ( 1)
  94 A   0.96792 0.00000 0.03208 0.00000 ( 1)
  95 I   0.95551 0.00000 0.04449 0.00000 ( 1)
  96 F   0.59120 0.00000 0.40880 0.00000 ( 1)
  97 D   0.97104 0.00000 0.02896 0.00000 ( 1)
  98 F   0.96671 0.00000 0.03329 0.00000 ( 1)
  99 I   0.97055 0.00000 0.02945 0.00000 ( 1)
 100 M   0.97858 0.00000 0.02142 0.00000 ( 1)
 101 M   0.97858 0.00000 0.02142 0.00000 ( 1)
 102 L   0.96529 0.00000 0.03471 0.00000 ( 1)
 103 K   0.96506 0.00000 0.03494 0.00000 ( 1)
 104 A   0.96529 0.00000 0.03471 0.00000 ( 1)
 105 P   0.96557 0.00000 0.03443 0.00000 ( 1)
 106 I   0.97136 0.00000 0.02864 0.00000 ( 1)
 107 F   0.97149 0.00000 0.02851 0.00000 ( 1)
 108 I   0.97192 0.00000 0.02808 0.00000 ( 1)
 109 Y   0.96169 0.00000 0.03831 0.00000 ( 1)
 110 N   0.97076 0.00000 0.02924 0.00000 ( 1)
 111 S   0.96421 0.00000 0.03579 0.00000 ( 1)
 112 A   0.96526 0.00000 0.03474 0.00000 ( 1)
 113 M   0.97858 0.00000 0.02142 0.00000 ( 1)
 114 R   0.94827 0.00000 0.05173 0.00000 ( 1)
 115 G   0.95928 0.00000 0.04072 0.00000 ( 1)
 116 F   0.97140 0.00000 0.02860 0.00000 ( 1)
 117 A   0.96525 0.00000 0.03475 0.00000 ( 1)
 118 A   0.00000 0.93922 0.00000 0.06078 ( 2)
 119 G   0.96072 0.00000 0.03928 0.00000 ( 1)
 120 A   0.94530 0.00000 0.05470 0.00000 ( 1)
 121 L   0.00000 0.93434 0.00000 0.06566 ( 2)
 122 W   0.96579 0.00000 0.03421 0.00000 ( 1)
 123 C   0.95719 0.00000 0.04281 0.00000 ( 1)
 124 K   0.95589 0.00000 0.04411 0.00000 ( 1)
 125 I   0.94993 0.00000 0.05007 0.00000 ( 1)
 126 F   0.97116 0.00000 0.02884 0.00000 ( 1)
 127 A   0.96483 0.00000 0.03517 0.00000 ( 1)
 128 V   0.97149 0.00000 0.02851 0.00000 ( 1)
 129 M   0.97857 0.00000 0.02143 0.00000 ( 1)
 130 G   0.96589 0.00000 0.03411 0.00000 ( 1)
 131 S   0.96865 0.00000 0.03135 0.00000 ( 1)
 132 Y   0.96167 0.00000 0.03833 0.00000 ( 1)
 133 S   0.96960 0.00000 0.03040 0.00000 ( 1)
 134 G   0.96545 0.00000 0.03455 0.00000 ( 1)
 135 I   0.97194 0.00000 0.02806 0.00000 ( 1)
 136 G   0.95964 0.00000 0.04036 0.00000 ( 1)
 137 A   0.96805 0.00000 0.03195 0.00000 ( 1)
 138 A   0.18429 0.00000 0.81571 0.00000 ( 3)
 139 M   0.97855 0.00000 0.02145 0.00000 ( 1)
 140 T   0.96889 0.00000 0.03111 0.00000 ( 1)
 141 N   0.97072 0.00000 0.02928 0.00000 ( 1)
 142 A   0.96380 0.00000 0.03620 0.00000 ( 1)
 143 C   0.96252 0.00000 0.03748 0.00000 ( 1)
 144 I   0.96941 0.00000 0.03059 0.00000 ( 1)
 145 A   0.96355 0.00000 0.03645 0.00000 ( 1)
 146 Y   0.96122 0.00000 0.03878 0.00000 ( 1)
 147 D   0.97100 0.00000 0.02900 0.00000 ( 1)
 148 R   0.96178 0.00000 0.03822 0.00000 ( 1)
 149 H   0.96489 0.00000 0.03511 0.00000 ( 1)
 150 S   0.95940 0.00000 0.04060 0.00000 ( 1)
 151 T   0.96457 0.00000 0.03543 0.00000 ( 1)
 152 I   0.97203 0.00000 0.02797 0.00000 ( 1)
 153 T   0.96550 0.00000 0.03450 0.00000 ( 1)
 154 R   0.95180 0.00000 0.04820 0.00000 ( 1)
 155 P   0.96165 0.00000 0.03835 0.00000 ( 1)
 156 L   0.95372 0.00000 0.04628 0.00000 ( 1)
 157 D   0.97086 0.00000 0.02914 0.00000 ( 1)
 158 G   0.96182 0.00000 0.03818 0.00000 ( 1)
 159 R   0.95174 0.00000 0.04826 0.00000 ( 1)
 160 L   0.95376 0.00000 0.04624 0.00000 ( 1)
 161 S   0.95945 0.00000 0.04055 0.00000 ( 1)
 162 R   0.95674 0.00000 0.04326 0.00000 ( 1)
 163 G   0.96159 0.00000 0.03841 0.00000 ( 1)
 164 K   0.96588 0.00000 0.03412 0.00000 ( 1)
 165 V   0.96512 0.00000 0.03488 0.00000 ( 1)
 166 L   0.96920 0.00000 0.03080 0.00000 ( 1)
 167 L   0.95377 0.00000 0.04623 0.00000 ( 1)
 168 M   0.45440 0.00000 0.54560 0.00000 ( 3)
 169 I   0.96382 0.00000 0.03618 0.00000 ( 1)
 170 I   0.95340 0.00000 0.04660 0.00000 ( 1)
 171 C   0.34665 0.00000 0.65335 0.00000 ( 3)
 172 I   0.96522 0.00000 0.03478 0.00000 ( 1)
 173 W   0.95464 0.00000 0.04536 0.00000 ( 1)
 174 I   0.62003 0.00000 0.37997 0.00000 ( 1)
 175 Y   0.96169 0.00000 0.03831 0.00000 ( 1)
 176 T   0.56621 0.00000 0.43379 0.00000 ( 1)
 177 T   0.96556 0.00000 0.03444 0.00000 ( 1)
 178 P   0.96459 0.00000 0.03541 0.00000 ( 1)
 179 W   0.95464 0.00000 0.04536 0.00000 ( 1)
 180 S   0.96798 0.00000 0.03202 0.00000 ( 1)
 181 L   0.96528 0.00000 0.03472 0.00000 ( 1)
 182 M   0.95374 0.00000 0.04626 0.00000 ( 1)
 183 P   0.95983 0.00000 0.04017 0.00000 ( 1)
 184 L   0.96631 0.00000 0.03369 0.00000 ( 1)
 185 F   0.19053 0.00000 0.80947 0.00000 ( 3)
 186 R   0.95736 0.00000 0.04264 0.00000 ( 1)
 187 V   0.97215 0.00000 0.02785 0.00000 ( 1)
 188 W   0.95464 0.00000 0.04536 0.00000 ( 1)
 189 G   0.96545 0.00000 0.03455 0.00000 ( 1)
 190 R   0.94445 0.00000 0.05555 0.00000 ( 1)
 191 F   0.34355 0.00000 0.65645 0.00000 ( 3)
 192 V   0.96381 0.00000 0.03619 0.00000 ( 1)
 193 P   0.96098 0.00000 0.03902 0.00000 ( 1)
 194 E   0.96651 0.00000 0.03349 0.00000 ( 1)
 195 G   0.96589 0.00000 0.03411 0.00000 ( 1)
 196 Y   0.96168 0.00000 0.03832 0.00000 ( 1)
 197 L   0.95371 0.00000 0.04629 0.00000 ( 1)
 198 T   0.96498 0.00000 0.03502 0.00000 ( 1)
 199 S   0.95945 0.00000 0.04055 0.00000 ( 1)
 200 C   0.96250 0.00000 0.03750 0.00000 ( 1)
 201 T   0.96554 0.00000 0.03446 0.00000 ( 1)
 202 F   0.97151 0.00000 0.02849 0.00000 ( 1)
 203 D   0.97100 0.00000 0.02900 0.00000 ( 1)
 204 Y   0.96168 0.00000 0.03832 0.00000 ( 1)
 205 L   0.95416 0.00000 0.04584 0.00000 ( 1)
 206 T   0.96518 0.00000 0.03482 0.00000 ( 1)
 207 N   0.97069 0.00000 0.02931 0.00000 ( 1)
 208 S   0.96554 0.00000 0.03446 0.00000 ( 1)
 209 F   0.97149 0.00000 0.02851 0.00000 ( 1)
 210 D   0.97104 0.00000 0.02896 0.00000 ( 1)
 211 N   0.96554 0.00000 0.03446 0.00000 ( 1)
 212 K   0.96611 0.00000 0.03389 0.00000 ( 1)
 213 L   0.95377 0.00000 0.04623 0.00000 ( 1)
 214 F   0.97151 0.00000 0.02849 0.00000 ( 1)
 215 V   0.96508 0.00000 0.03492 0.00000 ( 1)
 216 G   0.96862 0.00000 0.03138 0.00000 ( 1)
 217 C   0.96252 0.00000 0.03748 0.00000 ( 1)
 218 I   0.97192 0.00000 0.02808 0.00000 ( 1)
 219 F   0.97153 0.00000 0.02847 0.00000 ( 1)
 220 T   0.00000 0.94245 0.00000 0.05755 ( 2)
 221 C   0.96252 0.00000 0.03748 0.00000 ( 1)
 222 S   0.96961 0.00000 0.03039 0.00000 ( 1)
 223 Y   0.96168 0.00000 0.03832 0.00000 ( 1)
 224 V   0.96817 0.00000 0.03183 0.00000 ( 1)
 225 F   0.36852 0.00000 0.63148 0.00000 ( 3)
 226 P   0.96561 0.00000 0.03439 0.00000 ( 1)
 227 M   0.97857 0.00000 0.02143 0.00000 ( 1)
 228 L   0.96732 0.00000 0.03268 0.00000 ( 1)
 229 C   0.70339 0.00000 0.29661 0.00000 ( 1)
 230 I   0.97189 0.00000 0.02811 0.00000 ( 1)
 231 I   0.49587 0.00000 0.50413 0.00000 ( 3)
 232 Y   0.96166 0.00000 0.03834 0.00000 ( 1)
 233 F   0.97154 0.00000 0.02846 0.00000 ( 1)
 234 Y   0.95695 0.00000 0.04305 0.00000 ( 1)
 235 S   0.96958 0.00000 0.03042 0.00000 ( 1)
 236 G   0.96585 0.00000 0.03415 0.00000 ( 1)
 237 I   0.97180 0.00000 0.02820 0.00000 ( 1)
 238 V   0.96827 0.00000 0.03173 0.00000 ( 1)
 239 K   0.96599 0.00000 0.03401 0.00000 ( 1)
 240 Q   0.95569 0.00000 0.04431 0.00000 ( 1)
 241 V   0.96539 0.00000 0.03461 0.00000 ( 1)
 242 F   0.97118 0.00000 0.02882 0.00000 ( 1)
 243 A   0.96353 0.00000 0.03647 0.00000 ( 1)
 244 H   0.96518 0.00000 0.03482 0.00000 ( 1)
 245 E   0.96625 0.00000 0.03375 0.00000 ( 1)
 246 A   0.96844 0.00000 0.03156 0.00000 ( 1)
 247 A   0.96353 0.00000 0.03647 0.00000 ( 1)
 248 L   0.96559 0.00000 0.03441 0.00000 ( 1)
 249 R   0.96282 0.00000 0.03718 0.00000 ( 1)
 250 E   0.96207 0.00000 0.03793 0.00000 ( 1)
 251 Q   0.95534 0.00000 0.04466 0.00000 ( 1)
 252 A   0.96471 0.00000 0.03529 0.00000 ( 1)
 253 K   0.96611 0.00000 0.03389 0.00000 ( 1)
 254 K   0.96368 0.00000 0.03632 0.00000 ( 1)
 255 M   0.97858 0.00000 0.02142 0.00000 ( 1)
 256 N   0.96801 0.00000 0.03199 0.00000 ( 1)
 257 V   0.95014 0.00000 0.04986 0.00000 ( 1)
 258 E   0.47184 0.00000 0.52816 0.00000 ( 3)
 259 S   0.95941 0.00000 0.04059 0.00000 ( 1)
 260 L   0.95376 0.00000 0.04624 0.00000 ( 1)
 261 R   0.95920 0.00000 0.04080 0.00000 ( 1)
 262 S   0.96524 0.00000 0.03476 0.00000 ( 1)
 263 N   0.97072 0.00000 0.02928 0.00000 ( 1)
 264 Q   0.95589 0.00000 0.04411 0.00000 ( 1)
 265 N   0.96288 0.00000 0.03712 0.00000 ( 1)
 266 A   0.42362 0.00000 0.57638 0.00000 ( 3)
 267 G   0.91012 0.04289 0.04381 0.00318 ( 1)
 268 A   0.95298 0.00000 0.04702 0.00000 ( 1)
 269 E   0.95347 0.00000 0.04653 0.00000 ( 1)
 270 S   0.96320 0.00000 0.03680 0.00000 ( 1)
 271 A   0.96526 0.00000 0.03474 0.00000 ( 1)
 272 E   0.96645 0.00000 0.03355 0.00000 ( 1)
 273 I   0.97192 0.00000 0.02808 0.00000 ( 1)
 274 R   0.95946 0.00000 0.04054 0.00000 ( 1)
 275 I   0.97169 0.00000 0.02831 0.00000 ( 1)
 276 A   0.96861 0.00000 0.03139 0.00000 ( 1)
 277 K   0.96589 0.00000 0.03411 0.00000 ( 1)
 278 A   0.96528 0.00000 0.03472 0.00000 ( 1)
 279 A   0.96528 0.00000 0.03472 0.00000 ( 1)
 280 L   0.96643 0.00000 0.03357 0.00000 ( 1)
 281 T   0.96885 0.00000 0.03115 0.00000 ( 1)
 282 V   0.96821 0.00000 0.03179 0.00000 ( 1)
 283 C   0.96252 0.00000 0.03748 0.00000 ( 1)
 284 F   0.97152 0.00000 0.02848 0.00000 ( 1)
 285 L   0.95373 0.00000 0.04627 0.00000 ( 1)
 286 F   0.97154 0.00000 0.02846 0.00000 ( 1)
 287 V   0.96432 0.00000 0.03568 0.00000 ( 1)
 288 A   0.96829 0.00000 0.03171 0.00000 ( 1)
 289 S   0.95947 0.00000 0.04053 0.00000 ( 1)
 290 W   0.95464 0.00000 0.04536 0.00000 ( 1)
 291 T   0.96443 0.00000 0.03557 0.00000 ( 1)
 292 P   0.96492 0.00000 0.03508 0.00000 ( 1)
 293 Y   0.96168 0.00000 0.03832 0.00000 ( 1)
 294 G   0.96540 0.00000 0.03460 0.00000 ( 1)
 295 V   0.95171 0.00000 0.04829 0.00000 ( 1)
 296 M   0.97858 0.00000 0.02142 0.00000 ( 1)
 297 S   0.95948 0.00000 0.04052 0.00000 ( 1)
 298 L   0.96650 0.00000 0.03350 0.00000 ( 1)
 299 I   0.97191 0.00000 0.02809 0.00000 ( 1)
 300 G   0.95871 0.00000 0.04129 0.00000 ( 1)
 301 A   0.96862 0.00000 0.03138 0.00000 ( 1)
 302 F   0.97152 0.00000 0.02848 0.00000 ( 1)
 303 G   0.95932 0.00000 0.04068 0.00000 ( 1)
 304 D   0.97101 0.00000 0.02899 0.00000 ( 1)
 305 Q   0.95587 0.00000 0.04413 0.00000 ( 1)
 306 E   0.92047 0.00000 0.07953 0.00000 ( 1)
 307 L   0.95375 0.00000 0.04625 0.00000 ( 1)
 308 L   0.96625 0.00000 0.03375 0.00000 ( 1)
 309 T   0.96344 0.00000 0.03656 0.00000 ( 1)
 310 P   0.96164 0.00000 0.03836 0.00000 ( 1)
 311 G   0.96191 0.00000 0.03809 0.00000 ( 1)
 312 V   0.96533 0.00000 0.03467 0.00000 ( 1)
 313 T   0.96553 0.00000 0.03447 0.00000 ( 1)
 314 M   0.97858 0.00000 0.02142 0.00000 ( 1)
 315 I   0.96752 0.00000 0.03248 0.00000 ( 1)
 316 P   0.96098 0.00000 0.03902 0.00000 ( 1)
 317 A   0.96356 0.00000 0.03644 0.00000 ( 1)
 318 I   0.96689 0.00000 0.03311 0.00000 ( 1)
 319 T   0.96800 0.00000 0.03200 0.00000 ( 1)
 320 C   0.96206 0.00000 0.03794 0.00000 ( 1)
 321 K   0.96383 0.00000 0.03617 0.00000 ( 1)
 322 A   0.96797 0.00000 0.03203 0.00000 ( 1)
 323 V   0.96429 0.00000 0.03571 0.00000 ( 1)
 324 A   0.96526 0.00000 0.03474 0.00000 ( 1)
 325 C   0.95721 0.00000 0.04279 0.00000 ( 1)
 326 I   0.97258 0.00000 0.02742 0.00000 ( 1)
 327 D   0.96627 0.00000 0.03373 0.00000 ( 1)
 328 P   0.96164 0.00000 0.03836 0.00000 ( 1)
 329 W   0.95464 0.00000 0.04536 0.00000 ( 1)
 330 V   0.96336 0.00000 0.03664 0.00000 ( 1)
 331 Y   0.96116 0.00000 0.03884 0.00000 ( 1)
 332 A   0.96763 0.00000 0.03237 0.00000 ( 1)
 333 I   0.97188 0.00000 0.02812 0.00000 ( 1)
 334 S   0.96433 0.00000 0.03567 0.00000 ( 1)
 335 H   0.95990 0.00000 0.04010 0.00000 ( 1)
 336 P   0.95969 0.00000 0.04031 0.00000 ( 1)
 337 K   0.58701 0.00000 0.41299 0.00000 ( 1)
 338 Y   0.96141 0.00000 0.03859 0.00000 ( 1)
 339 R   0.96150 0.00000 0.03850 0.00000 ( 1)
 340 Q   0.95449 0.00000 0.04551 0.00000 ( 1)
 341 E   0.96585 0.00000 0.03415 0.00000 ( 1)
 342 L   0.95397 0.00000 0.04603 0.00000 ( 1)
 343 Q   0.95575 0.00000 0.04425 0.00000 ( 1)
 344 R   0.89686 0.00000 0.10314 0.00000 ( 1)
 345 R   0.95135 0.00000 0.04865 0.00000 ( 1)
 346 M   0.97768 0.00000 0.02232 0.00000 ( 1)
 347 P   0.96137 0.00000 0.03863 0.00000 ( 1)
 348 W   0.95459 0.00000 0.04541 0.00000 ( 1)
 349 L   0.95324 0.00000 0.04676 0.00000 ( 1)
 350 Q   0.95482 0.00000 0.04518 0.00000 ( 1)
 351 I   0.96972 0.00000 0.03028 0.00000 ( 1)
 352 S   0.95962 0.00000 0.04038 0.00000 ( 1)
 353 E   0.96607 0.00000 0.03393 0.00000 ( 1)
 354 P   0.96497 0.00000 0.03503 0.00000 ( 1)
 355 D   0.44319 0.00000 0.55681 0.00000 ( 3)
 356 D   0.97056 0.00000 0.02944 0.00000 ( 1)
 357 N   0.05793 0.00000 0.94207 0.00000 ( 3)
 358 T   0.00000 0.91934 0.00000 0.08066 ( 2)
 359 S   0.96470 0.00000 0.03530 0.00000 ( 1)
 360 N   0.96500 0.00000 0.03500 0.00000 ( 1)
 361 T   0.96345 0.00000 0.03655 0.00000 ( 1)
 362 S   0.96823 0.00000 0.03177 0.00000 ( 1)
 363 N   0.92627 0.00000 0.07373 0.00000 ( 1)
 364 T   0.91380 0.00000 0.08620 0.00000 ( 1)
 365 T   0.56620 0.00000 0.43380 0.00000 ( 1)
 366 T   0.96138 0.00000 0.03862 0.00000 ( 1)
 367 N   0.94422 0.00000 0.05578 0.00000 ( 1)
 368 S   0.00000 0.92938 0.00000 0.07062 ( 2)
 369 A   0.00000 0.92327 0.00000 0.07673 ( 2)
 370 A   0.33822 0.00000 0.66178 0.00000 ( 3)
 371 P   0.36741 0.00000 0.63259 0.00000 ( 3)

