Supplemental results for CODEML (seqf: align.fa  treef: tree.nwk)


MLEs of dN/dS (w) for site classes (K=4)

site class             0        1       2a       2b
proportion       0.87633  0.02581  0.09507  0.00280
background w     0.04053  1.00000  0.04053  1.00000
foreground w     0.04053  1.00000 31.81182 31.81182

Naive Empirical Bayes (NEB) probabilities for 4 classes
(amino acids refer to 1st sequence: ColCroc|LWS3)

   1 M   0.96247 0.00000 0.03753 0.00000 ( 1)
   2 A   0.94430 0.00017 0.05552 0.00001 ( 1)
   3 T   0.00000 0.92145 0.00000 0.07855 ( 2)
   4 S   0.95159 0.00000 0.04841 0.00000 ( 1)
   5 M   0.94433 0.00000 0.05567 0.00000 ( 1)
   6 D   0.95660 0.00000 0.04340 0.00000 ( 1)
   7 P   0.94990 0.00000 0.05010 0.00000 ( 1)
   8 A   0.92892 0.00000 0.07108 0.00000 ( 1)
   9 P   0.93102 0.00000 0.06898 0.00000 ( 1)
  10 G   0.95101 0.00000 0.04899 0.00000 ( 1)
  11 V   0.00000 0.93310 0.00000 0.06690 ( 2)
  12 A   0.94184 0.00000 0.05816 0.00000 ( 1)
  13 A   0.94678 0.00000 0.05322 0.00000 ( 1)
  14 M   0.93236 0.00000 0.06764 0.00000 ( 1)
  15 Q   0.93428 0.00000 0.06572 0.00000 ( 1)
  16 T   0.93598 0.00000 0.06402 0.00000 ( 1)
  17 W   0.93556 0.00000 0.06444 0.00000 ( 1)
  18 G   0.95151 0.00000 0.04849 0.00000 ( 1)
  19 G   0.95136 0.00000 0.04864 0.00000 ( 1)
  20 H   0.93041 0.00000 0.06959 0.00000 ( 1)
  21 A   0.02538 0.00000 0.97462 0.00000 ( 3)
  22 E   0.94685 0.00000 0.05315 0.00000 ( 1)
  23 A   0.95587 0.00000 0.04413 0.00000 ( 1)
  24 Y   0.94774 0.00000 0.05226 0.00000 ( 1)
  25 S   0.95156 0.00000 0.04844 0.00000 ( 1)
  26 A   0.95314 0.00000 0.04686 0.00000 ( 1)
  27 N   0.95636 0.00000 0.04364 0.00000 ( 1)
  28 Q   0.93168 0.00000 0.06832 0.00000 ( 1)
  29 T   0.95665 0.00000 0.04335 0.00000 ( 1)
  30 V   0.95611 0.00000 0.04389 0.00000 ( 1)
  31 V   0.95701 0.00000 0.04299 0.00000 ( 1)
  32 D   0.95737 0.00000 0.04263 0.00000 ( 1)
  33 K   0.94199 0.00000 0.05801 0.00000 ( 1)
  34 V   0.94716 0.00000 0.05284 0.00000 ( 1)
  35 L   0.13641 0.70502 0.03507 0.12350 ( 2)
  36 P   0.93187 0.00000 0.06813 0.00000 ( 1)
  37 E   0.93725 0.00000 0.06275 0.00000 ( 1)
  38 M   0.96020 0.00000 0.03980 0.00000 ( 1)
  39 L   0.93138 0.00000 0.06862 0.00000 ( 1)
  40 H   0.94897 0.00000 0.05103 0.00000 ( 1)
  41 L   0.01968 0.00000 0.98032 0.00000 ( 3)
  42 I   0.03268 0.00000 0.96732 0.00000 ( 3)
  43 D   0.95726 0.00000 0.04274 0.00000 ( 1)
  44 A   0.93125 0.00000 0.06875 0.00000 ( 1)
  45 H   0.94690 0.00000 0.05310 0.00000 ( 1)
  46 W   0.93556 0.00000 0.06444 0.00000 ( 1)
  47 Y   0.93543 0.00000 0.06457 0.00000 ( 1)
  48 Q   0.92794 0.00000 0.07206 0.00000 ( 1)
  49 F   0.94885 0.00000 0.05115 0.00000 ( 1)
  50 P   0.93119 0.00000 0.06881 0.00000 ( 1)
  51 P   0.93882 0.00000 0.06118 0.00000 ( 1)
  52 M   0.96246 0.00000 0.03754 0.00000 ( 1)
  53 N   0.95570 0.00000 0.04430 0.00000 ( 1)
  54 P   0.93809 0.00000 0.06191 0.00000 ( 1)
  55 L   0.92433 0.00000 0.07567 0.00000 ( 1)
  56 W   0.93556 0.00000 0.06444 0.00000 ( 1)
  57 Y   0.94851 0.00000 0.05149 0.00000 ( 1)
  58 G   0.93715 0.00000 0.06285 0.00000 ( 1)
  59 L   0.93043 0.00000 0.06957 0.00000 ( 1)
  60 L   0.93254 0.00000 0.06746 0.00000 ( 1)
  61 G   0.93805 0.00000 0.06195 0.00000 ( 1)
  62 F   0.95855 0.00000 0.04145 0.00000 ( 1)
  63 T   0.94408 0.00000 0.05592 0.00000 ( 1)
  64 I   0.95086 0.00000 0.04914 0.00000 ( 1)
  65 C   0.95155 0.00000 0.04845 0.00000 ( 1)
  66 I   0.00000 0.93842 0.00000 0.06158 ( 2)
  67 L   0.93595 0.00000 0.06405 0.00000 ( 1)
  68 A   0.94856 0.00000 0.05144 0.00000 ( 1)
  69 F   0.95904 0.00000 0.04096 0.00000 ( 1)
  70 I   0.95985 0.00000 0.04015 0.00000 ( 1)
  71 S   0.92956 0.00000 0.07044 0.00000 ( 1)
  72 V   0.96070 0.00000 0.03930 0.00000 ( 1)
  73 T   0.94371 0.00000 0.05629 0.00000 ( 1)
  74 G   0.95149 0.00000 0.04851 0.00000 ( 1)
  75 N   0.95623 0.00000 0.04377 0.00000 ( 1)
  76 G   0.92892 0.00000 0.07108 0.00000 ( 1)
  77 M   0.96247 0.00000 0.03753 0.00000 ( 1)
  78 V   0.94623 0.00000 0.05377 0.00000 ( 1)
  79 I   0.93460 0.00000 0.06540 0.00000 ( 1)
  80 Y   0.94774 0.00000 0.05226 0.00000 ( 1)
  81 I   0.95137 0.00000 0.04863 0.00000 ( 1)
  82 F   0.95948 0.00000 0.04052 0.00000 ( 1)
  83 S   0.93541 0.00000 0.06459 0.00000 ( 1)
  84 T   0.84797 0.00054 0.15141 0.00009 ( 1)
  85 T   0.93598 0.00000 0.06402 0.00000 ( 1)
  86 K   0.94676 0.00000 0.05324 0.00000 ( 1)
  87 S   0.00000 0.93929 0.00000 0.06071 ( 2)
  88 L   0.95359 0.00000 0.04641 0.00000 ( 1)
  89 K   0.93841 0.00000 0.06159 0.00000 ( 1)
  90 T   0.93579 0.00000 0.06421 0.00000 ( 1)
  91 P   0.93127 0.00000 0.06873 0.00000 ( 1)
  92 S   0.92780 0.00000 0.07220 0.00000 ( 1)
  93 N   0.95627 0.00000 0.04373 0.00000 ( 1)
  94 L   0.88226 0.00000 0.11774 0.00000 ( 1)
  95 L   0.92529 0.00000 0.07471 0.00000 ( 1)
  96 V   0.93920 0.00000 0.06080 0.00000 ( 1)
  97 V   0.93655 0.00000 0.06345 0.00000 ( 1)
  98 N   0.94494 0.00000 0.05506 0.00000 ( 1)
  99 L   0.92521 0.00000 0.07479 0.00000 ( 1)
 100 A   0.94241 0.00000 0.05759 0.00000 ( 1)
 101 F   0.95233 0.00000 0.04767 0.00000 ( 1)
 102 S   0.93981 0.00000 0.06019 0.00000 ( 1)
 103 D   0.95493 0.00000 0.04507 0.00000 ( 1)
 104 F   0.95939 0.00000 0.04061 0.00000 ( 1)
 105 L   0.92824 0.00000 0.07176 0.00000 ( 1)
 106 M   0.96247 0.00000 0.03753 0.00000 ( 1)
 107 M   0.96247 0.00000 0.03753 0.00000 ( 1)
 108 A   0.00108 0.00000 0.99892 0.00000 ( 3)
 109 M   0.00000 0.92446 0.00000 0.07554 ( 2)
 110 M   0.96247 0.00000 0.03753 0.00000 ( 1)
 111 A   0.93744 0.00000 0.06256 0.00000 ( 1)
 112 P   0.94175 0.00000 0.05825 0.00000 ( 1)
 113 P   0.15987 0.02445 0.81095 0.00473 ( 3)
 114 L   0.96247 0.00000 0.03753 0.00000 ( 1)
 115 C   0.94411 0.00000 0.05589 0.00000 ( 1)
 116 I   0.87050 0.00000 0.12950 0.00000 ( 1)
 117 N   0.94450 0.00000 0.05550 0.00000 ( 1)
 118 S   0.93670 0.00000 0.06330 0.00000 ( 1)
 119 Y   0.94316 0.00000 0.05684 0.00000 ( 1)
 120 Y   0.02266 0.00000 0.97734 0.00000 ( 3)
 121 Q   0.93987 0.00000 0.06013 0.00000 ( 1)
 122 T   0.93542 0.00000 0.06458 0.00000 ( 1)
 123 W   0.93556 0.00000 0.06444 0.00000 ( 1)
 124 V   0.93664 0.00000 0.06336 0.00000 ( 1)
 125 F   0.94985 0.00000 0.05015 0.00000 ( 1)
 126 G   0.93783 0.00000 0.06217 0.00000 ( 1)
 127 P   0.93184 0.00000 0.06816 0.00000 ( 1)
 128 V   0.93172 0.00000 0.06828 0.00000 ( 1)
 129 A   0.93825 0.00000 0.06175 0.00000 ( 1)
 130 C   0.93677 0.00000 0.06323 0.00000 ( 1)
 131 Q   0.93987 0.00000 0.06013 0.00000 ( 1)
 132 F   0.92494 0.00000 0.07506 0.00000 ( 1)
 133 Y   0.94764 0.00000 0.05236 0.00000 ( 1)
 134 A   0.94424 0.00000 0.05576 0.00000 ( 1)
 135 C   0.93611 0.00000 0.06389 0.00000 ( 1)
 136 F   0.94582 0.00066 0.05348 0.00005 ( 1)
 137 G   0.94106 0.00000 0.05894 0.00000 ( 1)
 138 S   0.92803 0.00000 0.07197 0.00000 ( 1)
 139 L   0.92428 0.00000 0.07572 0.00000 ( 1)
 140 F   0.95935 0.00000 0.04065 0.00000 ( 1)
 141 G   0.94080 0.00000 0.05920 0.00000 ( 1)
 142 C   0.76329 0.00000 0.23671 0.00000 ( 1)
 143 V   0.00560 0.00000 0.99440 0.00000 ( 3)
 144 S   0.93349 0.00000 0.06651 0.00000 ( 1)
 145 I   0.94906 0.00000 0.05094 0.00000 ( 1)
 146 W   0.93556 0.00000 0.06444 0.00000 ( 1)
 147 T   0.93724 0.00000 0.06276 0.00000 ( 1)
 148 M   0.96247 0.00000 0.03753 0.00000 ( 1)
 149 T   0.94290 0.00000 0.05710 0.00000 ( 1)
 150 A   0.96247 0.00000 0.03753 0.00000 ( 1)
 151 I   0.95064 0.00000 0.04936 0.00000 ( 1)
 152 A   0.95562 0.00000 0.04438 0.00000 ( 1)
 153 F   0.95946 0.00000 0.04054 0.00000 ( 1)
 154 D   0.95737 0.00000 0.04263 0.00000 ( 1)
 155 R   0.91741 0.00000 0.08259 0.00000 ( 1)
 156 Y   0.94775 0.00000 0.05225 0.00000 ( 1)
 157 N   0.94521 0.00000 0.05479 0.00000 ( 1)
 158 V   0.95152 0.00000 0.04848 0.00000 ( 1)
 159 I   0.95981 0.00000 0.04019 0.00000 ( 1)
 160 V   0.93845 0.00000 0.06155 0.00000 ( 1)
 161 K   0.94654 0.00000 0.05346 0.00000 ( 1)
 162 G   0.93847 0.00000 0.06153 0.00000 ( 1)
 163 I   0.95756 0.00000 0.04244 0.00000 ( 1)
 164 A   0.95581 0.00000 0.04419 0.00000 ( 1)
 165 A   0.95210 0.00000 0.04790 0.00000 ( 1)
 166 K   0.94651 0.00000 0.05349 0.00000 ( 1)
 167 P   0.93138 0.00000 0.06862 0.00000 ( 1)
 168 L   0.89456 0.00000 0.10544 0.00000 ( 1)
 169 T   0.95652 0.00000 0.04348 0.00000 ( 1)
 170 V   0.02670 0.00000 0.97330 0.00000 ( 3)
 171 N   0.94947 0.00000 0.05053 0.00000 ( 1)
 172 G   0.92898 0.00000 0.07102 0.00000 ( 1)
 173 A   0.94383 0.00000 0.05617 0.00000 ( 1)
 174 L   0.93301 0.00000 0.06699 0.00000 ( 1)
 175 L   0.93264 0.00000 0.06736 0.00000 ( 1)
 176 Q   0.91742 0.00000 0.08258 0.00000 ( 1)
 177 I   0.95478 0.00000 0.04522 0.00000 ( 1)
 178 F   0.94037 0.00000 0.05963 0.00000 ( 1)
 179 G   0.94855 0.00000 0.05145 0.00000 ( 1)
 180 V   0.96054 0.00000 0.03946 0.00000 ( 1)
 181 W   0.93556 0.00000 0.06444 0.00000 ( 1)
 182 A   0.00000 0.91414 0.00000 0.08586 ( 2)
 183 F   0.95959 0.00000 0.04041 0.00000 ( 1)
 184 S   0.92800 0.00000 0.07200 0.00000 ( 1)
 185 L   0.93999 0.00000 0.06001 0.00000 ( 1)
 186 A   0.93609 0.00001 0.06390 0.00000 ( 1)
 187 W   0.93556 0.00000 0.06444 0.00000 ( 1)
 188 T   0.94355 0.00000 0.05645 0.00000 ( 1)
 189 L   0.03455 0.00000 0.96545 0.00000 ( 3)
 190 A   0.93723 0.00000 0.06277 0.00000 ( 1)
 191 P   0.93119 0.00000 0.06881 0.00000 ( 1)
 192 I   0.00690 0.00000 0.99310 0.00000 ( 3)
 193 F   0.95909 0.00000 0.04091 0.00000 ( 1)
 194 G   0.93625 0.00000 0.06375 0.00000 ( 1)
 195 W   0.93556 0.00000 0.06444 0.00000 ( 1)
 196 S   0.95501 0.00000 0.04499 0.00000 ( 1)
 197 R   0.94462 0.00000 0.05538 0.00000 ( 1)
 198 Y   0.94039 0.00000 0.05961 0.00000 ( 1)
 199 V   0.94109 0.00000 0.05891 0.00000 ( 1)
 200 P   0.93865 0.00000 0.06135 0.00000 ( 1)
 201 E   0.93463 0.00000 0.06537 0.00000 ( 1)
 202 G   0.94747 0.00000 0.05253 0.00000 ( 1)
 203 N   0.95641 0.00000 0.04359 0.00000 ( 1)
 204 M   0.96247 0.00000 0.03753 0.00000 ( 1)
 205 T   0.95246 0.00000 0.04754 0.00000 ( 1)
 206 A   0.95293 0.00000 0.04707 0.00000 ( 1)
 207 C   0.94477 0.00000 0.05523 0.00000 ( 1)
 208 G   0.92891 0.00000 0.07109 0.00000 ( 1)
 209 T   0.94356 0.00000 0.05644 0.00000 ( 1)
 210 D   0.95735 0.00000 0.04265 0.00000 ( 1)
 211 Y   0.94767 0.00000 0.05233 0.00000 ( 1)
 212 L   0.33694 0.00000 0.66306 0.00000 ( 3)
 213 S   0.00000 0.94113 0.00000 0.05887 ( 2)
 214 K   0.94675 0.00000 0.05325 0.00000 ( 1)
 215 D   0.94843 0.00000 0.05157 0.00000 ( 1)
 216 L   0.93556 0.00000 0.06444 0.00000 ( 1)
 217 L   0.00000 0.93964 0.00000 0.06036 ( 2)
 218 S   0.95415 0.00000 0.04585 0.00000 ( 1)
 219 Q   0.94272 0.00000 0.05728 0.00000 ( 1)
 220 I   0.95415 0.00000 0.04585 0.00000 ( 1)
 221 Y   0.94772 0.00000 0.05228 0.00000 ( 1)
 222 I   0.96081 0.00000 0.03919 0.00000 ( 1)
 223 I   0.93333 0.00000 0.06667 0.00000 ( 1)
 224 T   0.92597 0.00000 0.07403 0.00000 ( 1)
 225 Y   0.94774 0.00000 0.05226 0.00000 ( 1)
 226 S   0.92797 0.00000 0.07203 0.00000 ( 1)
 227 I   0.91619 0.00000 0.08381 0.00000 ( 1)
 228 A   0.95960 0.00000 0.04040 0.00000 ( 1)
 229 C   0.95574 0.00000 0.04426 0.00000 ( 1)
 230 Y   0.94774 0.00000 0.05226 0.00000 ( 1)
 231 F   0.95909 0.00000 0.04091 0.00000 ( 1)
 232 L   0.00000 0.89496 0.00000 0.10504 ( 2)
 233 P   0.93881 0.00000 0.06119 0.00000 ( 1)
 234 L   0.93338 0.00000 0.06662 0.00000 ( 1)
 235 A   0.60212 0.00000 0.39788 0.00000 ( 1)
 236 L   0.95357 0.00000 0.04643 0.00000 ( 1)
 237 I   0.96076 0.00000 0.03924 0.00000 ( 1)
 238 V   0.96075 0.00000 0.03925 0.00000 ( 1)
 239 Y   0.94769 0.00000 0.05231 0.00000 ( 1)
 240 S   0.94020 0.00000 0.05980 0.00000 ( 1)
 241 Y   0.94768 0.00000 0.05232 0.00000 ( 1)
 242 F   0.95921 0.00000 0.04079 0.00000 ( 1)
 243 F   0.95958 0.00000 0.04042 0.00000 ( 1)
 244 I   0.94922 0.00000 0.05078 0.00000 ( 1)
 245 V   0.94310 0.00000 0.05690 0.00000 ( 1)
 246 Q   0.93491 0.00000 0.06509 0.00000 ( 1)
 247 A   0.94557 0.00000 0.05443 0.00000 ( 1)
 248 V   0.93629 0.00000 0.06371 0.00000 ( 1)
 249 A   0.93582 0.00000 0.06418 0.00000 ( 1)
 250 A   0.94390 0.00000 0.05610 0.00000 ( 1)
 251 H   0.94933 0.00000 0.05067 0.00000 ( 1)
 252 E   0.94117 0.00000 0.05883 0.00000 ( 1)
 253 K   0.93848 0.00000 0.06152 0.00000 ( 1)
 254 A   0.95438 0.00000 0.04562 0.00000 ( 1)
 255 M   0.96247 0.00000 0.03753 0.00000 ( 1)
 256 R   0.94494 0.00000 0.05506 0.00000 ( 1)
 257 E   0.93985 0.00000 0.06015 0.00000 ( 1)
 258 Q   0.93211 0.00000 0.06789 0.00000 ( 1)
 259 A   0.94584 0.00000 0.05416 0.00000 ( 1)
 260 K   0.94675 0.00000 0.05325 0.00000 ( 1)
 261 K   0.93842 0.00000 0.06158 0.00000 ( 1)
 262 M   0.96247 0.00000 0.03753 0.00000 ( 1)
 263 N   0.95632 0.00000 0.04368 0.00000 ( 1)
 264 V   0.94421 0.00000 0.05579 0.00000 ( 1)
 265 A   0.94389 0.00000 0.05611 0.00000 ( 1)
 266 S   0.94015 0.00000 0.05985 0.00000 ( 1)
 267 L   0.94844 0.00000 0.05156 0.00000 ( 1)
 268 R   0.93426 0.00000 0.06574 0.00000 ( 1)
 269 S   0.92794 0.00000 0.07206 0.00000 ( 1)
 270 S   0.94020 0.00000 0.05980 0.00000 ( 1)
 271 E   0.93709 0.00000 0.06291 0.00000 ( 1)
 272 Q   0.75681 0.00000 0.24319 0.00000 ( 1)
 273 A   0.94684 0.00000 0.05316 0.00000 ( 1)
 274 N   0.95639 0.00000 0.04361 0.00000 ( 1)
 275 T   0.95548 0.00000 0.04452 0.00000 ( 1)
 276 S   0.95408 0.00000 0.04592 0.00000 ( 1)
 277 A   0.94405 0.00000 0.05595 0.00000 ( 1)
 278 E   0.93984 0.00000 0.06016 0.00000 ( 1)
 279 C   0.94848 0.00000 0.05152 0.00000 ( 1)
 280 K   0.93842 0.00000 0.06158 0.00000 ( 1)
 281 L   0.93451 0.00000 0.06549 0.00000 ( 1)
 282 A   0.94393 0.00000 0.05607 0.00000 ( 1)
 283 K   0.94676 0.00000 0.05324 0.00000 ( 1)
 284 V   0.94414 0.00000 0.05586 0.00000 ( 1)
 285 A   0.93740 0.00000 0.06260 0.00000 ( 1)
 286 L   0.93706 0.00000 0.06294 0.00000 ( 1)
 287 M   0.96247 0.00000 0.03753 0.00000 ( 1)
 288 T   0.95631 0.00000 0.04369 0.00000 ( 1)
 289 I   0.95385 0.00000 0.04615 0.00000 ( 1)
 290 S   0.93865 0.00000 0.06135 0.00000 ( 1)
 291 L   0.92883 0.00000 0.07117 0.00000 ( 1)
 292 W   0.93556 0.00000 0.06444 0.00000 ( 1)
 293 F   0.95950 0.00000 0.04050 0.00000 ( 1)
 294 M   0.96247 0.00000 0.03753 0.00000 ( 1)
 295 A   0.93983 0.00000 0.06017 0.00000 ( 1)
 296 W   0.93556 0.00000 0.06444 0.00000 ( 1)
 297 T   0.94420 0.00000 0.05580 0.00000 ( 1)
 298 P   0.93119 0.00000 0.06881 0.00000 ( 1)
 299 Y   0.94760 0.00000 0.05240 0.00000 ( 1)
 300 L   0.93303 0.00000 0.06697 0.00000 ( 1)
 301 V   0.94703 0.00000 0.05297 0.00000 ( 1)
 302 I   0.96082 0.00000 0.03918 0.00000 ( 1)
 303 N   0.95627 0.00000 0.04373 0.00000 ( 1)
 304 F   0.94136 0.00000 0.05864 0.00000 ( 1)
 305 A   0.94475 0.00000 0.05525 0.00000 ( 1)
 306 G   0.92891 0.00000 0.07109 0.00000 ( 1)
 307 V   0.94182 0.00000 0.05818 0.00000 ( 1)
 308 F   0.95948 0.00000 0.04052 0.00000 ( 1)
 309 E   0.94707 0.00000 0.05293 0.00000 ( 1)
 310 T   0.02309 0.00000 0.97691 0.00000 ( 3)
 311 A   0.93975 0.00000 0.06025 0.00000 ( 1)
 312 P   0.94097 0.00000 0.05903 0.00000 ( 1)
 313 I   0.96084 0.00000 0.03916 0.00000 ( 1)
 314 S   0.95409 0.00000 0.04591 0.00000 ( 1)
 315 P   0.93761 0.00000 0.06239 0.00000 ( 1)
 316 L   0.93465 0.00000 0.06535 0.00000 ( 1)
 317 S   0.95579 0.00000 0.04421 0.00000 ( 1)
 318 T   0.95656 0.00000 0.04344 0.00000 ( 1)
 319 I   0.96068 0.00000 0.03932 0.00000 ( 1)
 320 W   0.93556 0.00000 0.06444 0.00000 ( 1)
 321 G   0.94593 0.00000 0.05407 0.00000 ( 1)
 322 S   0.93514 0.00000 0.06486 0.00000 ( 1)
 323 V   0.02309 0.00000 0.97691 0.00000 ( 3)
 324 F   0.95816 0.00000 0.04184 0.00000 ( 1)
 325 A   0.95680 0.00000 0.04320 0.00000 ( 1)
 326 K   0.94674 0.00000 0.05326 0.00000 ( 1)
 327 A   0.94391 0.00000 0.05609 0.00000 ( 1)
 328 N   0.94496 0.00000 0.05504 0.00000 ( 1)
 329 A   0.94796 0.00000 0.05204 0.00000 ( 1)
 330 V   0.95663 0.00000 0.04337 0.00000 ( 1)
 331 Y   0.94766 0.00000 0.05234 0.00000 ( 1)
 332 N   0.94509 0.00000 0.05491 0.00000 ( 1)
 333 P   0.93880 0.00000 0.06120 0.00000 ( 1)
 334 I   0.94924 0.00000 0.05076 0.00000 ( 1)
 335 V   0.93628 0.00000 0.06372 0.00000 ( 1)
 336 Y   0.93544 0.00000 0.06456 0.00000 ( 1)
 337 G   0.93853 0.00000 0.06147 0.00000 ( 1)
 338 I   0.96086 0.00000 0.03914 0.00000 ( 1)
 339 S   0.95415 0.00000 0.04585 0.00000 ( 1)
 340 H   0.94264 0.00000 0.05736 0.00000 ( 1)
 341 P   0.93884 0.00000 0.06116 0.00000 ( 1)
 342 K   0.93840 0.00000 0.06160 0.00000 ( 1)
 343 Y   0.94773 0.00000 0.05227 0.00000 ( 1)
 344 R   0.94269 0.00000 0.05731 0.00000 ( 1)
 345 A   0.94670 0.00000 0.05330 0.00000 ( 1)
 346 A   0.94618 0.00000 0.05382 0.00000 ( 1)
 347 L   0.93290 0.00000 0.06710 0.00000 ( 1)
 348 Y   0.94774 0.00000 0.05226 0.00000 ( 1)
 349 Q   0.93491 0.00000 0.06509 0.00000 ( 1)
 350 R   0.94458 0.00000 0.05542 0.00000 ( 1)
 351 F   0.95961 0.00000 0.04039 0.00000 ( 1)
 352 P   0.93451 0.00000 0.06549 0.00000 ( 1)
 353 S   0.86892 0.00000 0.13108 0.00000 ( 1)
 354 L   0.93338 0.00000 0.06662 0.00000 ( 1)
 355 A   0.04593 0.00000 0.95407 0.00000 ( 3)
 356 C   0.94849 0.00000 0.05151 0.00000 ( 1)
 357 Q   0.93489 0.00000 0.06511 0.00000 ( 1)
 358 P   0.01825 0.00510 0.97220 0.00445 ( 3)
 359 S   0.93955 0.00000 0.06045 0.00000 ( 1)
 360 P   0.95034 0.00000 0.04966 0.00000 ( 1)
 361 E   0.34364 0.00000 0.65636 0.00000 ( 3)
 362 E   0.94524 0.00000 0.05476 0.00000 ( 1)
 363 T   0.00000 0.91640 0.00000 0.08360 ( 2)
 364 G   0.95150 0.00000 0.04850 0.00000 ( 1)
 365 S   0.95129 0.00000 0.04871 0.00000 ( 1)
 366 V   0.94737 0.00000 0.05263 0.00000 ( 1)
 367 A   0.95519 0.00000 0.04481 0.00000 ( 1)
 368 S   0.95067 0.00000 0.04933 0.00000 ( 1)
 369 A   0.95123 0.00000 0.04877 0.00000 ( 1)
 370 A   0.95669 0.00000 0.04331 0.00000 ( 1)
 371 T   0.95651 0.00000 0.04349 0.00000 ( 1)
 372 A   0.95566 0.00000 0.04434 0.00000 ( 1)
 373 C   0.95506 0.00000 0.04494 0.00000 ( 1)
 374 T   0.95099 0.00000 0.04901 0.00000 ( 1)
 375 E   0.94797 0.00000 0.05203 0.00000 ( 1)
 376 E   0.94810 0.00000 0.05190 0.00000 ( 1)
 377 K   0.94545 0.00000 0.05455 0.00000 ( 1)
 378 P   0.94895 0.00000 0.05105 0.00000 ( 1)
 379 S   0.02301 0.00000 0.97699 0.00000 ( 3)
 380 A   0.94692 0.00000 0.05308 0.00000 ( 1)


lnL = -69090.306488

Bayes Empirical Bayes (BEB) probabilities for 4 classes (class)
(amino acids refer to 1st sequence: ColCroc|LWS3)

   1 M   0.80803 0.00000 0.19197 0.00000 ( 1)
   2 A   0.78899 0.00000 0.21101 0.00000 ( 1)
   3 T   0.00000 0.76962 0.00000 0.23038 ( 2)
   4 S   0.79501 0.00000 0.20499 0.00000 ( 1)
   5 M   0.78845 0.00000 0.21155 0.00000 ( 1)
   6 D   0.80100 0.00000 0.19900 0.00000 ( 1)
   7 P   0.79358 0.00000 0.20642 0.00000 ( 1)
   8 A   0.77548 0.00000 0.22452 0.00000 ( 1)
   9 P   0.77705 0.00000 0.22295 0.00000 ( 1)
  10 G   0.79453 0.00000 0.20547 0.00000 ( 1)
  11 V   0.00000 0.77870 0.00000 0.22130 ( 2)
  12 A   0.78669 0.00000 0.21331 0.00000 ( 1)
  13 A   0.79111 0.00000 0.20889 0.00000 ( 1)
  14 M   0.77848 0.00000 0.22152 0.00000 ( 1)
  15 Q   0.77936 0.00000 0.22064 0.00000 ( 1)
  16 T   0.78127 0.00000 0.21873 0.00000 ( 1)
  17 W   0.78035 0.00000 0.21965 0.00000 ( 1)
  18 G   0.79496 0.00000 0.20504 0.00000 ( 1)
  19 G   0.79480 0.00000 0.20520 0.00000 ( 1)
  20 H   0.77640 0.00000 0.22360 0.00000 ( 1)
  21 A   0.02762 0.00000 0.97238 0.00000 ( 3)
  22 E   0.79118 0.00000 0.20882 0.00000 ( 1)
  23 A   0.80135 0.00000 0.19865 0.00000 ( 1)
  24 Y   0.79130 0.00000 0.20870 0.00000 ( 1)
  25 S   0.79500 0.00000 0.20500 0.00000 ( 1)
  26 A   0.79734 0.00000 0.20266 0.00000 ( 1)
  27 N   0.80035 0.00000 0.19965 0.00000 ( 1)
  28 Q   0.77737 0.00000 0.22263 0.00000 ( 1)
  29 T   0.80180 0.00000 0.19820 0.00000 ( 1)
  30 V   0.80209 0.00000 0.19791 0.00000 ( 1)
  31 V   0.80319 0.00000 0.19681 0.00000 ( 1)
  32 D   0.80174 0.00000 0.19826 0.00000 ( 1)
  33 K   0.78613 0.00000 0.21387 0.00000 ( 1)
  34 V   0.79174 0.00000 0.20826 0.00000 ( 1)
  35 L   0.65575 0.02567 0.30858 0.01000 ( 1)
  36 P   0.77768 0.00000 0.22232 0.00000 ( 1)
  37 E   0.78177 0.00000 0.21823 0.00000 ( 1)
  38 M   0.80605 0.00000 0.19395 0.00000 ( 1)
  39 L   0.77766 0.00000 0.22234 0.00000 ( 1)
  40 H   0.79219 0.00000 0.20781 0.00000 ( 1)
  41 L   0.02350 0.00000 0.97650 0.00000 ( 3)
  42 I   0.03079 0.00000 0.96921 0.00000 ( 3)
  43 D   0.80167 0.00000 0.19833 0.00000 ( 1)
  44 A   0.77720 0.00000 0.22280 0.00000 ( 1)
  45 H   0.79031 0.00000 0.20969 0.00000 ( 1)
  46 W   0.78035 0.00000 0.21965 0.00000 ( 1)
  47 Y   0.78046 0.00000 0.21954 0.00000 ( 1)
  48 Q   0.77463 0.00000 0.22537 0.00000 ( 1)
  49 F   0.79267 0.00000 0.20733 0.00000 ( 1)
  50 P   0.77716 0.00000 0.22284 0.00000 ( 1)
  51 P   0.78323 0.00000 0.21677 0.00000 ( 1)
  52 M   0.80802 0.00000 0.19198 0.00000 ( 1)
  53 N   0.79969 0.00000 0.20031 0.00000 ( 1)
  54 P   0.78262 0.00000 0.21738 0.00000 ( 1)
  55 L   0.77226 0.00000 0.22774 0.00000 ( 1)
  56 W   0.78035 0.00000 0.21965 0.00000 ( 1)
  57 Y   0.79187 0.00000 0.20813 0.00000 ( 1)
  58 G   0.78198 0.00000 0.21802 0.00000 ( 1)
  59 L   0.78075 0.00000 0.21925 0.00000 ( 1)
  60 L   0.77835 0.00000 0.22165 0.00000 ( 1)
  61 G   0.78269 0.00000 0.21731 0.00000 ( 1)
  62 F   0.80392 0.00000 0.19608 0.00000 ( 1)
  63 T   0.78847 0.00000 0.21153 0.00000 ( 1)
  64 I   0.79529 0.00000 0.20471 0.00000 ( 1)
  65 C   0.79499 0.00000 0.20501 0.00000 ( 1)
  66 I   0.00000 0.78219 0.00000 0.21781 ( 2)
  67 L   0.78840 0.00000 0.21160 0.00000 ( 1)
  68 A   0.79210 0.00000 0.20790 0.00000 ( 1)
  69 F   0.80435 0.00000 0.19565 0.00000 ( 1)
  70 I   0.80633 0.00000 0.19367 0.00000 ( 1)
  71 S   0.77634 0.00000 0.22366 0.00000 ( 1)
  72 V   0.80712 0.00000 0.19288 0.00000 ( 1)
  73 T   0.78803 0.00000 0.21197 0.00000 ( 1)
  74 G   0.79494 0.00000 0.20506 0.00000 ( 1)
  75 N   0.80025 0.00000 0.19975 0.00000 ( 1)
  76 G   0.77548 0.00000 0.22452 0.00000 ( 1)
  77 M   0.80803 0.00000 0.19197 0.00000 ( 1)
  78 V   0.79091 0.00000 0.20909 0.00000 ( 1)
  79 I   0.78022 0.00000 0.21978 0.00000 ( 1)
  80 Y   0.79131 0.00000 0.20869 0.00000 ( 1)
  81 I   0.79619 0.00000 0.20381 0.00000 ( 1)
  82 F   0.80480 0.00000 0.19520 0.00000 ( 1)
  83 S   0.78065 0.00000 0.21935 0.00000 ( 1)
  84 T   0.71623 0.00000 0.28376 0.00000 ( 1)
  85 T   0.78117 0.00000 0.21883 0.00000 ( 1)
  86 K   0.79016 0.00000 0.20984 0.00000 ( 1)
  87 S   0.00000 0.78161 0.00000 0.21839 ( 2)
  88 L   0.79736 0.00000 0.20264 0.00000 ( 1)
  89 K   0.78270 0.00000 0.21730 0.00000 ( 1)
  90 T   0.78101 0.00000 0.21899 0.00000 ( 1)
  91 P   0.77722 0.00000 0.22278 0.00000 ( 1)
  92 S   0.77485 0.00000 0.22515 0.00000 ( 1)
  93 N   0.80031 0.00000 0.19969 0.00000 ( 1)
  94 L   0.76880 0.00000 0.23120 0.00000 ( 1)
  95 L   0.77304 0.00000 0.22696 0.00000 ( 1)
  96 V   0.78427 0.00000 0.21573 0.00000 ( 1)
  97 V   0.78186 0.00000 0.21814 0.00000 ( 1)
  98 N   0.78846 0.00000 0.21154 0.00000 ( 1)
  99 L   0.77323 0.00000 0.22677 0.00000 ( 1)
 100 A   0.78703 0.00000 0.21297 0.00000 ( 1)
 101 F   0.79667 0.00000 0.20333 0.00000 ( 1)
 102 S   0.78463 0.00000 0.21537 0.00000 ( 1)
 103 D   0.79926 0.00000 0.20074 0.00000 ( 1)
 104 F   0.80477 0.00000 0.19523 0.00000 ( 1)
 105 L   0.77596 0.00000 0.22404 0.00000 ( 1)
 106 M   0.80803 0.00000 0.19197 0.00000 ( 1)
 107 M   0.80803 0.00000 0.19197 0.00000 ( 1)
 108 A   0.00581 0.00000 0.99419 0.00000 ( 3)
 109 M   0.00000 0.77236 0.00000 0.22764 ( 2)
 110 M   0.80803 0.00000 0.19197 0.00000 ( 1)
 111 A   0.78256 0.00000 0.21744 0.00000 ( 1)
 112 P   0.78574 0.00000 0.21426 0.00000 ( 1)
 113 P   0.18845 0.00013 0.81136 0.00005 ( 3)
 114 L   0.80803 0.00000 0.19197 0.00000 ( 1)
 115 C   0.78876 0.00000 0.21124 0.00000 ( 1)
 116 I   0.72957 0.00000 0.27043 0.00000 ( 1)
 117 N   0.78815 0.00000 0.21185 0.00000 ( 1)
 118 S   0.78128 0.00000 0.21872 0.00000 ( 1)
 119 Y   0.78720 0.00000 0.21280 0.00000 ( 1)
 120 Y   0.02493 0.00000 0.97507 0.00000 ( 3)
 121 Q   0.78394 0.00000 0.21606 0.00000 ( 1)
 122 T   0.78066 0.00000 0.21934 0.00000 ( 1)
 123 W   0.78035 0.00000 0.21965 0.00000 ( 1)
 124 V   0.78194 0.00000 0.21806 0.00000 ( 1)
 125 F   0.79453 0.00000 0.20547 0.00000 ( 1)
 126 G   0.78238 0.00000 0.21762 0.00000 ( 1)
 127 P   0.77765 0.00000 0.22235 0.00000 ( 1)
 128 V   0.77900 0.00000 0.22100 0.00000 ( 1)
 129 A   0.78328 0.00000 0.21672 0.00000 ( 1)
 130 C   0.78136 0.00000 0.21864 0.00000 ( 1)
 131 Q   0.78394 0.00000 0.21606 0.00000 ( 1)
 132 F   0.77272 0.00000 0.22728 0.00000 ( 1)
 133 Y   0.79122 0.00000 0.20878 0.00000 ( 1)
 134 A   0.78866 0.00000 0.21134 0.00000 ( 1)
 135 C   0.78149 0.00000 0.21851 0.00000 ( 1)
 136 F   0.79103 0.00000 0.20896 0.00000 ( 1)
 137 G   0.78556 0.00000 0.21444 0.00000 ( 1)
 138 S   0.77503 0.00000 0.22497 0.00000 ( 1)
 139 L   0.77226 0.00000 0.22774 0.00000 ( 1)
 140 F   0.80468 0.00000 0.19532 0.00000 ( 1)
 141 G   0.78570 0.00000 0.21430 0.00000 ( 1)
 142 C   0.67510 0.00000 0.32490 0.00000 ( 1)
 143 V   0.01627 0.00000 0.98373 0.00000 ( 3)
 144 S   0.77932 0.00000 0.22068 0.00000 ( 1)
 145 I   0.79364 0.00000 0.20636 0.00000 ( 1)
 146 W   0.78035 0.00000 0.21965 0.00000 ( 1)
 147 T   0.78258 0.00000 0.21742 0.00000 ( 1)
 148 M   0.80803 0.00000 0.19197 0.00000 ( 1)
 149 T   0.78740 0.00000 0.21260 0.00000 ( 1)
 150 A   0.80803 0.00000 0.19197 0.00000 ( 1)
 151 I   0.79498 0.00000 0.20502 0.00000 ( 1)
 152 A   0.80106 0.00000 0.19894 0.00000 ( 1)
 153 F   0.80480 0.00000 0.19520 0.00000 ( 1)
 154 D   0.80173 0.00000 0.19827 0.00000 ( 1)
 155 R   0.76760 0.00000 0.23240 0.00000 ( 1)
 156 Y   0.79131 0.00000 0.20869 0.00000 ( 1)
 157 N   0.78878 0.00000 0.21122 0.00000 ( 1)
 158 V   0.79730 0.00000 0.20270 0.00000 ( 1)
 159 I   0.80610 0.00000 0.19390 0.00000 ( 1)
 160 V   0.78357 0.00000 0.21643 0.00000 ( 1)
 161 K   0.79004 0.00000 0.20996 0.00000 ( 1)
 162 G   0.78287 0.00000 0.21713 0.00000 ( 1)
 163 I   0.80388 0.00000 0.19612 0.00000 ( 1)
 164 A   0.80133 0.00000 0.19867 0.00000 ( 1)
 165 A   0.79731 0.00000 0.20269 0.00000 ( 1)
 166 K   0.79005 0.00000 0.20995 0.00000 ( 1)
 167 P   0.77732 0.00000 0.22268 0.00000 ( 1)
 168 L   0.75846 0.00000 0.24154 0.00000 ( 1)
 169 T   0.80167 0.00000 0.19833 0.00000 ( 1)
 170 V   0.02730 0.00000 0.97270 0.00000 ( 3)
 171 N   0.79553 0.00000 0.20447 0.00000 ( 1)
 172 G   0.77553 0.00000 0.22447 0.00000 ( 1)
 173 A   0.78824 0.00000 0.21176 0.00000 ( 1)
 174 L   0.77866 0.00000 0.22134 0.00000 ( 1)
 175 L   0.77839 0.00000 0.22161 0.00000 ( 1)
 176 Q   0.76761 0.00000 0.23239 0.00000 ( 1)
 177 I   0.79992 0.00000 0.20008 0.00000 ( 1)
 178 F   0.78455 0.00000 0.21545 0.00000 ( 1)
 179 G   0.79223 0.00000 0.20777 0.00000 ( 1)
 180 V   0.80703 0.00000 0.19297 0.00000 ( 1)
 181 W   0.78035 0.00000 0.21965 0.00000 ( 1)
 182 A   0.00000 0.76461 0.00000 0.23539 ( 2)
 183 F   0.80490 0.00000 0.19510 0.00000 ( 1)
 184 S   0.77502 0.00000 0.22498 0.00000 ( 1)
 185 L   0.78436 0.00000 0.21564 0.00000 ( 1)
 186 A   0.78137 0.00000 0.21863 0.00000 ( 1)
 187 W   0.78035 0.00000 0.21965 0.00000 ( 1)
 188 T   0.78779 0.00000 0.21221 0.00000 ( 1)
 189 L   0.04668 0.00000 0.95332 0.00000 ( 3)
 190 A   0.78236 0.00000 0.21764 0.00000 ( 1)
 191 P   0.77715 0.00000 0.22285 0.00000 ( 1)
 192 I   0.01578 0.00000 0.98422 0.00000 ( 3)
 193 F   0.80445 0.00000 0.19555 0.00000 ( 1)
 194 G   0.78163 0.00000 0.21837 0.00000 ( 1)
 195 W   0.78035 0.00000 0.21965 0.00000 ( 1)
 196 S   0.79891 0.00000 0.20109 0.00000 ( 1)
 197 R   0.78810 0.00000 0.21190 0.00000 ( 1)
 198 Y   0.78476 0.00000 0.21524 0.00000 ( 1)
 199 V   0.78608 0.00000 0.21392 0.00000 ( 1)
 200 P   0.78307 0.00000 0.21693 0.00000 ( 1)
 201 E   0.78309 0.00000 0.21691 0.00000 ( 1)
 202 G   0.79110 0.00000 0.20890 0.00000 ( 1)
 203 N   0.80037 0.00000 0.19963 0.00000 ( 1)
 204 M   0.80803 0.00000 0.19197 0.00000 ( 1)
 205 T   0.79714 0.00000 0.20286 0.00000 ( 1)
 206 A   0.79798 0.00000 0.20202 0.00000 ( 1)
 207 C   0.78838 0.00000 0.21162 0.00000 ( 1)
 208 G   0.77547 0.00000 0.22453 0.00000 ( 1)
 209 T   0.78779 0.00000 0.21221 0.00000 ( 1)
 210 D   0.80174 0.00000 0.19826 0.00000 ( 1)
 211 Y   0.79125 0.00000 0.20875 0.00000 ( 1)
 212 L   0.51367 0.00000 0.48633 0.00000 ( 1)
 213 S   0.00000 0.78366 0.00000 0.21634 ( 2)
 214 K   0.79016 0.00000 0.20984 0.00000 ( 1)
 215 D   0.79340 0.00000 0.20660 0.00000 ( 1)
 216 L   0.78035 0.00000 0.21965 0.00000 ( 1)
 217 L   0.00000 0.78384 0.00000 0.21616 ( 2)
 218 S   0.79742 0.00000 0.20258 0.00000 ( 1)
 219 Q   0.78624 0.00000 0.21376 0.00000 ( 1)
 220 I   0.79742 0.00000 0.20258 0.00000 ( 1)
 221 Y   0.79129 0.00000 0.20871 0.00000 ( 1)
 222 I   0.80725 0.00000 0.19275 0.00000 ( 1)
 223 I   0.77894 0.00000 0.22106 0.00000 ( 1)
 224 T   0.76945 0.00000 0.23055 0.00000 ( 1)
 225 Y   0.79131 0.00000 0.20869 0.00000 ( 1)
 226 S   0.77499 0.00000 0.22501 0.00000 ( 1)
 227 I   0.76147 0.00000 0.23853 0.00000 ( 1)
 228 A   0.80491 0.00000 0.19509 0.00000 ( 1)
 229 C   0.80176 0.00000 0.19824 0.00000 ( 1)
 230 Y   0.79131 0.00000 0.20869 0.00000 ( 1)
 231 F   0.80443 0.00000 0.19557 0.00000 ( 1)
 232 L   0.00000 0.75469 0.00000 0.24531 ( 2)
 233 P   0.78319 0.00000 0.21681 0.00000 ( 1)
 234 L   0.77900 0.00000 0.22100 0.00000 ( 1)
 235 A   0.49395 0.00000 0.50605 0.00000 ( 3)
 236 L   0.79735 0.00000 0.20265 0.00000 ( 1)
 237 I   0.80722 0.00000 0.19278 0.00000 ( 1)
 238 V   0.80721 0.00000 0.19279 0.00000 ( 1)
 239 Y   0.79126 0.00000 0.20874 0.00000 ( 1)
 240 S   0.78462 0.00000 0.21538 0.00000 ( 1)
 241 Y   0.79125 0.00000 0.20875 0.00000 ( 1)
 242 F   0.80447 0.00000 0.19553 0.00000 ( 1)
 243 F   0.80490 0.00000 0.19510 0.00000 ( 1)
 244 I   0.79321 0.00000 0.20679 0.00000 ( 1)
 245 V   0.78783 0.00000 0.21217 0.00000 ( 1)
 246 Q   0.77984 0.00000 0.22016 0.00000 ( 1)
 247 A   0.78999 0.00000 0.21001 0.00000 ( 1)
 248 V   0.78158 0.00000 0.21842 0.00000 ( 1)
 249 A   0.78109 0.00000 0.21891 0.00000 ( 1)
 250 A   0.78828 0.00000 0.21172 0.00000 ( 1)
 251 H   0.79241 0.00000 0.20759 0.00000 ( 1)
 252 E   0.78552 0.00000 0.21448 0.00000 ( 1)
 253 K   0.78307 0.00000 0.21693 0.00000 ( 1)
 254 A   0.80025 0.00000 0.19975 0.00000 ( 1)
 255 M   0.80803 0.00000 0.19197 0.00000 ( 1)
 256 R   0.78827 0.00000 0.21173 0.00000 ( 1)
 257 E   0.78394 0.00000 0.21606 0.00000 ( 1)
 258 Q   0.77790 0.00000 0.22210 0.00000 ( 1)
 259 A   0.79028 0.00000 0.20972 0.00000 ( 1)
 260 K   0.79016 0.00000 0.20984 0.00000 ( 1)
 261 K   0.78270 0.00000 0.21730 0.00000 ( 1)
 262 M   0.80803 0.00000 0.19197 0.00000 ( 1)
 263 N   0.80030 0.00000 0.19970 0.00000 ( 1)
 264 V   0.78881 0.00000 0.21119 0.00000 ( 1)
 265 A   0.78828 0.00000 0.21172 0.00000 ( 1)
 266 S   0.78456 0.00000 0.21544 0.00000 ( 1)
 267 L   0.79233 0.00000 0.20767 0.00000 ( 1)
 268 R   0.77958 0.00000 0.22042 0.00000 ( 1)
 269 S   0.77497 0.00000 0.22503 0.00000 ( 1)
 270 S   0.78464 0.00000 0.21536 0.00000 ( 1)
 271 E   0.78162 0.00000 0.21838 0.00000 ( 1)
 272 Q   0.67319 0.00000 0.32681 0.00000 ( 1)
 273 A   0.79170 0.00000 0.20830 0.00000 ( 1)
 274 N   0.80036 0.00000 0.19964 0.00000 ( 1)
 275 T   0.80056 0.00000 0.19944 0.00000 ( 1)
 276 S   0.79737 0.00000 0.20263 0.00000 ( 1)
 277 A   0.78844 0.00000 0.21156 0.00000 ( 1)
 278 E   0.78395 0.00000 0.21605 0.00000 ( 1)
 279 C   0.79165 0.00000 0.20835 0.00000 ( 1)
 280 K   0.78270 0.00000 0.21730 0.00000 ( 1)
 281 L   0.78312 0.00000 0.21688 0.00000 ( 1)
 282 A   0.78831 0.00000 0.21169 0.00000 ( 1)
 283 K   0.79016 0.00000 0.20984 0.00000 ( 1)
 284 V   0.78878 0.00000 0.21122 0.00000 ( 1)
 285 A   0.78249 0.00000 0.21751 0.00000 ( 1)
 286 L   0.78239 0.00000 0.21761 0.00000 ( 1)
 287 M   0.80803 0.00000 0.19197 0.00000 ( 1)
 288 T   0.80142 0.00000 0.19858 0.00000 ( 1)
 289 I   0.79883 0.00000 0.20117 0.00000 ( 1)
 290 S   0.78350 0.00000 0.21650 0.00000 ( 1)
 291 L   0.77572 0.00000 0.22428 0.00000 ( 1)
 292 W   0.78035 0.00000 0.21965 0.00000 ( 1)
 293 F   0.80482 0.00000 0.19518 0.00000 ( 1)
 294 M   0.80803 0.00000 0.19197 0.00000 ( 1)
 295 A   0.78464 0.00000 0.21536 0.00000 ( 1)
 296 W   0.78035 0.00000 0.21965 0.00000 ( 1)
 297 T   0.78859 0.00000 0.21141 0.00000 ( 1)
 298 P   0.77715 0.00000 0.22285 0.00000 ( 1)
 299 Y   0.79118 0.00000 0.20882 0.00000 ( 1)
 300 L   0.77867 0.00000 0.22133 0.00000 ( 1)
 301 V   0.79176 0.00000 0.20824 0.00000 ( 1)
 302 I   0.80726 0.00000 0.19274 0.00000 ( 1)
 303 N   0.80029 0.00000 0.19971 0.00000 ( 1)
 304 F   0.78583 0.00000 0.21417 0.00000 ( 1)
 305 A   0.78899 0.00000 0.21101 0.00000 ( 1)
 306 G   0.77547 0.00000 0.22453 0.00000 ( 1)
 307 V   0.78683 0.00000 0.21317 0.00000 ( 1)
 308 F   0.80481 0.00000 0.19519 0.00000 ( 1)
 309 E   0.79108 0.00000 0.20892 0.00000 ( 1)
 310 T   0.02523 0.00000 0.97477 0.00000 ( 3)
 311 A   0.78460 0.00000 0.21540 0.00000 ( 1)
 312 P   0.78553 0.00000 0.21447 0.00000 ( 1)
 313 I   0.80728 0.00000 0.19272 0.00000 ( 1)
 314 S   0.79736 0.00000 0.20264 0.00000 ( 1)
 315 P   0.78223 0.00000 0.21777 0.00000 ( 1)
 316 L   0.78018 0.00000 0.21982 0.00000 ( 1)
 317 S   0.80122 0.00000 0.19878 0.00000 ( 1)
 318 T   0.80170 0.00000 0.19830 0.00000 ( 1)
 319 I   0.80716 0.00000 0.19284 0.00000 ( 1)
 320 W   0.78035 0.00000 0.21965 0.00000 ( 1)
 321 G   0.78970 0.00000 0.21030 0.00000 ( 1)
 322 S   0.78068 0.00000 0.21932 0.00000 ( 1)
 323 V   0.02552 0.00000 0.97448 0.00000 ( 3)
 324 F   0.80353 0.00000 0.19647 0.00000 ( 1)
 325 A   0.80243 0.00000 0.19757 0.00000 ( 1)
 326 K   0.79016 0.00000 0.20984 0.00000 ( 1)
 327 A   0.78828 0.00000 0.21172 0.00000 ( 1)
 328 N   0.78868 0.00000 0.21132 0.00000 ( 1)
 329 A   0.79250 0.00000 0.20750 0.00000 ( 1)
 330 V   0.80276 0.00000 0.19724 0.00000 ( 1)
 331 Y   0.79124 0.00000 0.20876 0.00000 ( 1)
 332 N   0.78937 0.00000 0.21063 0.00000 ( 1)
 333 P   0.78317 0.00000 0.21683 0.00000 ( 1)
 334 I   0.79320 0.00000 0.20680 0.00000 ( 1)
 335 V   0.78156 0.00000 0.21844 0.00000 ( 1)
 336 Y   0.78047 0.00000 0.21953 0.00000 ( 1)
 337 G   0.78292 0.00000 0.21708 0.00000 ( 1)
 338 I   0.80729 0.00000 0.19271 0.00000 ( 1)
 339 S   0.79742 0.00000 0.20258 0.00000 ( 1)
 340 H   0.78656 0.00000 0.21344 0.00000 ( 1)
 341 P   0.78321 0.00000 0.21679 0.00000 ( 1)
 342 K   0.78269 0.00000 0.21731 0.00000 ( 1)
 343 Y   0.79129 0.00000 0.20871 0.00000 ( 1)
 344 R   0.78622 0.00000 0.21378 0.00000 ( 1)
 345 A   0.79105 0.00000 0.20895 0.00000 ( 1)
 346 A   0.79059 0.00000 0.20941 0.00000 ( 1)
 347 L   0.77866 0.00000 0.22134 0.00000 ( 1)
 348 Y   0.79131 0.00000 0.20869 0.00000 ( 1)
 349 Q   0.77985 0.00000 0.22015 0.00000 ( 1)
 350 R   0.78797 0.00000 0.21203 0.00000 ( 1)
 351 F   0.80491 0.00000 0.19509 0.00000 ( 1)
 352 P   0.77981 0.00000 0.22019 0.00000 ( 1)
 353 S   0.73125 0.00000 0.26875 0.00000 ( 1)
 354 L   0.77902 0.00000 0.22098 0.00000 ( 1)
 355 A   0.05509 0.00000 0.94491 0.00000 ( 3)
 356 C   0.79165 0.00000 0.20835 0.00000 ( 1)
 357 Q   0.77984 0.00000 0.22016 0.00000 ( 1)
 358 P   0.02343 0.00003 0.97652 0.00003 ( 3)
 359 S   0.78423 0.00000 0.21577 0.00000 ( 1)
 360 P   0.79396 0.00000 0.20604 0.00000 ( 1)
 361 E   0.30762 0.00000 0.69238 0.00000 ( 3)
 362 E   0.79047 0.00000 0.20953 0.00000 ( 1)
 363 T   0.00000 0.76633 0.00000 0.23367 ( 2)
 364 G   0.79496 0.00000 0.20504 0.00000 ( 1)
 365 S   0.79564 0.00000 0.20436 0.00000 ( 1)
 366 V   0.79185 0.00000 0.20815 0.00000 ( 1)
 367 A   0.80062 0.00000 0.19938 0.00000 ( 1)
 368 S   0.79492 0.00000 0.20508 0.00000 ( 1)
 369 A   0.79472 0.00000 0.20528 0.00000 ( 1)
 370 A   0.80229 0.00000 0.19771 0.00000 ( 1)
 371 T   0.80166 0.00000 0.19834 0.00000 ( 1)
 372 A   0.80122 0.00000 0.19878 0.00000 ( 1)
 373 C   0.80101 0.00000 0.19899 0.00000 ( 1)
 374 T   0.79532 0.00000 0.20468 0.00000 ( 1)
 375 E   0.79147 0.00000 0.20853 0.00000 ( 1)
 376 E   0.79157 0.00000 0.20843 0.00000 ( 1)
 377 K   0.78974 0.00000 0.21026 0.00000 ( 1)
 378 P   0.79274 0.00000 0.20726 0.00000 ( 1)
 379 S   0.02532 0.00000 0.97468 0.00000 ( 3)
 380 A   0.79125 0.00000 0.20875 0.00000 ( 1)

