Supplemental results for CODEML (seqf: align.fa  treef: tree.nwk)


MLEs of dN/dS (w) for site classes (K=11)

p:   0.09947  0.09947  0.09947  0.09947  0.09947  0.09947  0.09947  0.09947  0.09947  0.09947  0.00526
w:   0.00000  0.00013  0.00091  0.00334  0.00894  0.01991  0.03972  0.07469  0.13959  0.29463  1.00000

Naive Empirical Bayes (NEB) probabilities for 11 classes & postmean_w
(amino acids refer to 1st sequence: ColCroc|LWS3)

   1 M   0.00000 0.00001 0.00326 0.09238 0.47454 0.39911 0.03064 0.00006 0.00000 0.00000 0.00000 ( 5)  0.014
   2 A   0.00000 0.00000 0.00000 0.00000 0.00000 0.00000 0.00000 0.00000 0.01508 0.98492 0.00000 (10)  0.292
   3 T   0.00000 0.00000 0.00000 0.00000 0.00000 0.00000 0.00000 0.00000 0.00000 1.00000 0.00000 (10)  0.295
   4 S   0.00000 0.00000 0.00000 0.00000 0.00000 0.00000 0.00000 0.00001 0.27180 0.72820 0.00000 (10)  0.252
   5 M   0.00000 0.00000 0.00000 0.00000 0.00000 0.00000 0.00000 0.01238 0.97904 0.00858 0.00000 ( 9)  0.140
   6 D   0.00000 0.00001 0.00168 0.05320 0.35415 0.49498 0.09507 0.00092 0.00000 0.00000 0.00000 ( 6)  0.017
   7 P   0.00000 0.00000 0.00000 0.00000 0.00000 0.00000 0.00626 0.49612 0.49760 0.00001 0.00000 ( 9)  0.107
   8 A   0.00000 0.00000 0.00028 0.01106 0.11710 0.40561 0.39835 0.06710 0.00050 0.00000 0.00000 ( 6)  0.030
   9 P   0.00000 0.00014 0.00686 0.07184 0.28052 0.42484 0.19933 0.01640 0.00006 0.00000 0.00000 ( 6)  0.020
  10 G   0.00000 0.00023 0.01067 0.10495 0.35556 0.40811 0.11646 0.00403 0.00000 0.00000 0.00000 ( 6)  0.017
  11 V   0.00000 0.00000 0.00000 0.00000 0.00000 0.00000 0.00000 0.00000 0.00000 1.00000 0.00000 (10)  0.295
  12 A   0.00000 0.00000 0.00098 0.03348 0.26400 0.51489 0.18145 0.00520 0.00000 0.00000 0.00000 ( 6)  0.020
  13 A   0.00000 0.00000 0.00006 0.00706 0.14004 0.53872 0.30319 0.01093 0.00000 0.00000 0.00000 ( 6)  0.025
  14 M   0.00000 0.00000 0.00000 0.00000 0.00000 0.00004 0.01665 0.51938 0.46387 0.00006 0.00000 ( 8)  0.104
  15 Q   0.00000 0.00000 0.00000 0.00000 0.00079 0.03422 0.33707 0.56905 0.05886 0.00000 0.00000 ( 8)  0.065
  16 T   0.00000 0.00000 0.00000 0.00000 0.00000 0.00007 0.02411 0.60443 0.37136 0.00002 0.00000 ( 8)  0.098
  17 W   0.00000 0.00000 0.00001 0.00119 0.03399 0.26482 0.52714 0.17045 0.00240 0.00000 0.00000 ( 7)  0.040
  18 G   0.00000 0.00000 0.00000 0.00058 0.03370 0.34928 0.54991 0.06644 0.00009 0.00000 0.00000 ( 7)  0.034
  19 G   0.00000 0.00000 0.00000 0.00000 0.00000 0.00121 0.13061 0.80549 0.06269 0.00000 0.00000 ( 8)  0.074
  20 H   0.00000 0.00000 0.00000 0.00000 0.00000 0.00000 0.00024 0.06165 0.91899 0.01912 0.00000 ( 9)  0.139
  21 A   0.00000 0.00000 0.00000 0.00000 0.00000 0.00000 0.00088 0.27542 0.72367 0.00002 0.00000 ( 9)  0.122
  22 E   0.00000 0.00000 0.00000 0.00000 0.00000 0.00032 0.06906 0.80846 0.12216 0.00000 0.00000 ( 8)  0.080
  23 A   0.00000 0.00042 0.01890 0.16770 0.44816 0.32401 0.04048 0.00034 0.00000 0.00000 0.00000 ( 5)  0.013
  24 Y   0.00000 0.00000 0.00000 0.00000 0.00000 0.00002 0.01609 0.65611 0.32777 0.00000 0.00000 ( 8)  0.095
  25 S   0.00000 0.00000 0.00000 0.00042 0.02598 0.30018 0.57499 0.09817 0.00026 0.00000 0.00000 ( 7)  0.036
  26 A   0.00000 0.00000 0.00000 0.00000 0.00000 0.00000 0.00001 0.04396 0.95581 0.00022 0.00000 ( 9)  0.137
  27 N   0.28333 0.27656 0.23742 0.14742 0.04935 0.00580 0.00012 0.00000 0.00000 0.00000 0.00000 ( 1)  0.001
  28 Q   0.00000 0.00000 0.00000 0.00000 0.00000 0.00000 0.00000 0.00317 0.76563 0.23120 0.00000 ( 9)  0.175
  29 T   0.28260 0.27590 0.23722 0.14800 0.05011 0.00603 0.00013 0.00000 0.00000 0.00000 0.00000 ( 1)  0.001
  30 V   0.28192 0.27530 0.23703 0.14854 0.05082 0.00625 0.00014 0.00000 0.00000 0.00000 0.00000 ( 1)  0.001
  31 V   0.00000 0.00050 0.02223 0.19038 0.46940 0.29001 0.02735 0.00014 0.00000 0.00000 0.00000 ( 5)  0.012
  32 D   0.28763 0.28034 0.23845 0.14382 0.04504 0.00465 0.00008 0.00000 0.00000 0.00000 0.00000 ( 1)  0.001
  33 K   0.00000 0.00000 0.00000 0.00000 0.00096 0.05973 0.52553 0.40781 0.00596 0.00000 0.00000 ( 7)  0.053
  34 V   0.27268 0.26706 0.23421 0.15543 0.06064 0.00963 0.00035 0.00000 0.00000 0.00000 0.00000 ( 1)  0.002
  35 L   0.00000 0.00000 0.00000 0.00000 0.00000 0.00000 0.00000 0.00000 0.00212 0.99788 0.00000 (10)  0.294
  36 P   0.00000 0.00000 0.00001 0.00137 0.03818 0.28471 0.52481 0.14922 0.00170 0.00000 0.00000 ( 7)  0.038
  37 E   0.00000 0.00000 0.00000 0.00000 0.00000 0.00000 0.00000 0.00234 0.98344 0.01422 0.00000 ( 9)  0.142
  38 M   0.00000 0.00000 0.00000 0.00000 0.00000 0.00048 0.17031 0.82430 0.00490 0.00000 0.00000 ( 8)  0.069
  39 L   0.00000 0.00000 0.00000 0.00000 0.00000 0.00001 0.00504 0.32519 0.66940 0.00036 0.00000 ( 9)  0.118
  40 H   0.00027 0.01857 0.11960 0.30970 0.36697 0.16596 0.01871 0.00022 0.00000 0.00000 0.00000 ( 5)  0.008
  41 L   0.00000 0.00000 0.00000 0.00000 0.00012 0.03944 0.68073 0.27949 0.00022 0.00000 0.00000 ( 7)  0.049
  42 I   0.00000 0.00000 0.00000 0.00000 0.00000 0.00000 0.00000 0.02968 0.97023 0.00008 0.00000 ( 9)  0.138
  43 D   0.28037 0.27394 0.23663 0.14978 0.05240 0.00672 0.00017 0.00000 0.00000 0.00000 0.00000 ( 1)  0.001
  44 A   0.00000 0.00000 0.00000 0.00017 0.01188 0.18087 0.57010 0.23387 0.00311 0.00000 0.00000 ( 7)  0.044
  45 H   0.00000 0.00000 0.00000 0.00000 0.00000 0.00000 0.00339 0.42771 0.56889 0.00001 0.00000 ( 9)  0.111
  46 W   0.24143 0.23834 0.21978 0.17060 0.09533 0.03050 0.00390 0.00010 0.00000 0.00000 0.00000 ( 1)  0.002
  47 Y   0.00023 0.01576 0.10299 0.27886 0.36616 0.20246 0.03279 0.00074 0.00000 0.00000 0.00000 ( 5)  0.010
  48 Q   0.23248 0.22992 0.21443 0.17244 0.10452 0.03922 0.00669 0.00030 0.00000 0.00000 0.00000 ( 1)  0.003
  49 F   0.00035 0.02387 0.14980 0.35755 0.35149 0.11043 0.00648 0.00003 0.00000 0.00000 0.00000 ( 4)  0.007
  50 P   0.24424 0.24097 0.22135 0.16978 0.09232 0.02801 0.00326 0.00007 0.00000 0.00000 0.00000 ( 1)  0.002
  51 P   0.25302 0.24913 0.22594 0.16652 0.08262 0.02097 0.00178 0.00002 0.00000 0.00000 0.00000 ( 1)  0.002
  52 M   0.00000 0.00087 0.03733 0.27956 0.50626 0.17062 0.00536 0.00000 0.00000 0.00000 0.00000 ( 5)  0.009
  53 N   0.00037 0.02553 0.15895 0.37012 0.34374 0.09663 0.00464 0.00001 0.00000 0.00000 0.00000 ( 4)  0.007
  54 P   0.00020 0.01377 0.09091 0.25433 0.35992 0.23046 0.04864 0.00176 0.00000 0.00000 0.00000 ( 5)  0.011
  55 L   0.00000 0.00000 0.00021 0.00821 0.09215 0.35784 0.43331 0.10662 0.00165 0.00000 0.00000 ( 7)  0.033
  56 W   0.24143 0.23834 0.21978 0.17060 0.09533 0.03050 0.00390 0.00010 0.00000 0.00000 0.00000 ( 1)  0.002
  57 Y   0.00029 0.01991 0.12739 0.32303 0.36480 0.15016 0.01429 0.00013 0.00000 0.00000 0.00000 ( 5)  0.008
  58 G   0.00000 0.00000 0.00000 0.00000 0.00000 0.00007 0.01813 0.47117 0.51041 0.00021 0.00000 ( 9)  0.107
  59 L   0.00000 0.00000 0.00000 0.00030 0.01934 0.24969 0.58586 0.14405 0.00076 0.00000 0.00000 ( 7)  0.039
  60 L   0.25723 0.25301 0.22794 0.16455 0.07789 0.01806 0.00131 0.00001 0.00000 0.00000 0.00000 ( 1)  0.002
  61 G   0.00022 0.01531 0.10027 0.27348 0.36515 0.20872 0.03594 0.00091 0.00000 0.00000 0.00000 ( 5)  0.010
  62 F   0.00045 0.03088 0.18751 0.40384 0.31358 0.06214 0.00159 0.00000 0.00000 0.00000 0.00000 ( 4)  0.006
  63 T   0.00000 0.00000 0.00000 0.00000 0.00000 0.00000 0.00000 0.00203 0.96420 0.03377 0.00000 ( 9)  0.145
  64 I   0.00000 0.00000 0.00000 0.00000 0.00280 0.17471 0.73471 0.08776 0.00003 0.00000 0.00000 ( 7)  0.039
  65 C   0.00000 0.00000 0.00000 0.00000 0.00000 0.00012 0.04680 0.80935 0.14373 0.00000 0.00000 ( 8)  0.082
  66 I   0.00000 0.00000 0.00000 0.00000 0.00000 0.00000 0.00000 0.00000 0.00000 1.00000 0.00000 (10)  0.295
  67 L   0.00000 0.00022 0.01047 0.10330 0.35213 0.40947 0.12001 0.00439 0.00000 0.00000 0.00000 ( 6)  0.017
  68 A   0.00000 0.00000 0.00002 0.00245 0.06157 0.37586 0.48511 0.07471 0.00029 0.00000 0.00000 ( 7)  0.033
  69 F   0.00000 0.00000 0.00001 0.00275 0.11378 0.59936 0.28005 0.00406 0.00000 0.00000 0.00000 ( 6)  0.024
  70 I   0.00000 0.00000 0.00000 0.00000 0.00000 0.00000 0.00000 0.00375 0.99590 0.00036 0.00000 ( 9)  0.139
  71 S   0.00020 0.01384 0.09131 0.25513 0.36012 0.22953 0.04813 0.00173 0.00000 0.00000 0.00000 ( 5)  0.011
  72 V   0.00000 0.00000 0.00000 0.00000 0.00000 0.00001 0.02598 0.90159 0.07243 0.00000 0.00000 ( 8)  0.078
  73 T   0.00000 0.00000 0.00000 0.00000 0.00000 0.00000 0.00000 0.00013 0.50008 0.49979 0.00000 ( 9)  0.217
  74 G   0.27285 0.26721 0.23428 0.15533 0.06045 0.00954 0.00034 0.00000 0.00000 0.00000 0.00000 ( 1)  0.002
  75 N   0.28386 0.27703 0.23756 0.14698 0.04880 0.00565 0.00012 0.00000 0.00000 0.00000 0.00000 ( 1)  0.001
  76 G   0.00000 0.00000 0.00036 0.01371 0.13849 0.43752 0.36396 0.04576 0.00020 0.00000 0.00000 ( 6)  0.028
  77 M   0.30128 0.29215 0.24060 0.13121 0.03260 0.00214 0.00002 0.00000 0.00000 0.00000 0.00000 ( 1)  0.001
  78 V   0.28040 0.27396 0.23661 0.14973 0.05239 0.00674 0.00017 0.00000 0.00000 0.00000 0.00000 ( 1)  0.001
  79 I   0.00000 0.00000 0.00000 0.00000 0.00000 0.00000 0.00259 0.63003 0.36738 0.00000 0.00000 ( 8)  0.098
  80 Y   0.00000 0.00000 0.00000 0.00006 0.00892 0.20537 0.64130 0.14398 0.00036 0.00000 0.00000 ( 7)  0.040
  81 I   0.28569 0.27863 0.23799 0.14545 0.04698 0.00516 0.00010 0.00000 0.00000 0.00000 0.00000 ( 1)  0.001
  82 F   0.28970 0.28215 0.23888 0.14201 0.04303 0.00417 0.00006 0.00000 0.00000 0.00000 0.00000 ( 1)  0.001
  83 S   0.00000 0.00000 0.00000 0.00000 0.00000 0.00000 0.00000 0.01184 0.98582 0.00234 0.00000 ( 9)  0.139
  84 T   0.00000 0.00000 0.00000 0.00000 0.00000 0.00000 0.00000 0.00000 0.01453 0.98547 0.00000 (10)  0.292
  85 T   0.26258 0.25791 0.23032 0.16176 0.07187 0.01471 0.00085 0.00001 0.00000 0.00000 0.00000 ( 1)  0.002
  86 K   0.26594 0.26098 0.23172 0.15982 0.06809 0.01282 0.00063 0.00000 0.00000 0.00000 0.00000 ( 1)  0.002
  87 S   0.00000 0.00000 0.00000 0.00000 0.00000 0.00000 0.00000 0.00000 0.00000 1.00000 0.00000 (10)  0.295
  88 L   0.26379 0.25901 0.23081 0.16104 0.07051 0.01405 0.00078 0.00000 0.00000 0.00000 0.00000 ( 1)  0.002
  89 K   0.00022 0.01516 0.09935 0.27167 0.36485 0.21082 0.03696 0.00096 0.00000 0.00000 0.00000 ( 5)  0.010
  90 T   0.25825 0.25395 0.22842 0.16407 0.07674 0.01736 0.00120 0.00001 0.00000 0.00000 0.00000 ( 1)  0.002
  91 P   0.24421 0.24095 0.22134 0.16978 0.09234 0.02803 0.00327 0.00007 0.00000 0.00000 0.00000 ( 1)  0.002
  92 S   0.24152 0.23843 0.21982 0.17055 0.09522 0.03044 0.00390 0.00011 0.00000 0.00000 0.00000 ( 1)  0.002
  93 N   0.28304 0.27630 0.23735 0.14766 0.04965 0.00589 0.00013 0.00000 0.00000 0.00000 0.00000 ( 1)  0.001
  94 L   0.00000 0.00019 0.00903 0.09102 0.32639 0.41913 0.14688 0.00736 0.00001 0.00000 0.00000 ( 6)  0.018
  95 L   0.00018 0.01267 0.08413 0.23968 0.35378 0.24616 0.06051 0.00289 0.00001 0.00000 0.00000 ( 5)  0.012
  96 V   0.00027 0.01846 0.11895 0.30844 0.36683 0.16746 0.01934 0.00025 0.00000 0.00000 0.00000 ( 5)  0.009
  97 V   0.00000 0.00000 0.00000 0.00051 0.03042 0.32867 0.56082 0.07942 0.00016 0.00000 0.00000 ( 7)  0.035
  98 N   0.26912 0.26385 0.23294 0.15783 0.06456 0.01123 0.00048 0.00000 0.00000 0.00000 0.00000 ( 1)  0.002
  99 L   0.25244 0.24859 0.22565 0.16675 0.08326 0.02142 0.00186 0.00003 0.00000 0.00000 0.00000 ( 1)  0.002
 100 A   0.26286 0.25817 0.23044 0.16160 0.07155 0.01455 0.00083 0.00001 0.00000 0.00000 0.00000 ( 1)  0.002
 101 F   0.00041 0.02823 0.17352 0.38829 0.32925 0.07756 0.00272 0.00000 0.00000 0.00000 0.00000 ( 4)  0.006
 102 S   0.26376 0.25898 0.23082 0.16110 0.07054 0.01402 0.00076 0.00000 0.00000 0.00000 0.00000 ( 1)  0.002
 103 D   0.28021 0.27379 0.23658 0.14990 0.05258 0.00678 0.00017 0.00000 0.00000 0.00000 0.00000 ( 1)  0.001
 104 F   0.00000 0.00000 0.00001 0.00310 0.12425 0.61413 0.25549 0.00301 0.00000 0.00000 0.00000 ( 6)  0.024
 105 L   0.00000 0.00000 0.00000 0.00000 0.00002 0.00627 0.23250 0.71440 0.04681 0.00000 0.00000 ( 8)  0.069
 106 M   0.00000 0.00087 0.03757 0.28083 0.50633 0.16917 0.00523 0.00000 0.00000 0.00000 0.00000 ( 5)  0.009
 107 M   0.00052 0.03554 0.21126 0.42598 0.28425 0.04183 0.00063 0.00000 0.00000 0.00000 0.00000 ( 4)  0.005
 108 A   0.00000 0.00000 0.00000 0.00000 0.00000 0.00000 0.00000 0.00000 0.02084 0.97916 0.00000 (10)  0.291
 109 M   0.00000 0.00000 0.00000 0.00000 0.00000 0.00000 0.00000 0.00000 0.00000 0.00027 0.99973 (11)  1.000
 110 M   0.30128 0.29215 0.24060 0.13121 0.03260 0.00214 0.00002 0.00000 0.00000 0.00000 0.00000 ( 1)  0.001
 111 A   0.00000 0.00000 0.00000 0.00000 0.00000 0.00001 0.00966 0.46040 0.52986 0.00007 0.00000 ( 9)  0.109
 112 P   0.00000 0.00000 0.00000 0.00000 0.00000 0.00105 0.09433 0.74931 0.15531 0.00000 0.00000 ( 8)  0.081
 113 P   0.00000 0.00000 0.00000 0.00000 0.00000 0.00000 0.00000 0.00000 0.00275 0.99725 0.00000 (10)  0.294
 114 L   0.00000 0.00000 0.00025 0.02563 0.33460 0.56678 0.07254 0.00019 0.00000 0.00000 0.00000 ( 6)  0.017
 115 C   0.00000 0.00000 0.00000 0.00000 0.00051 0.05380 0.57967 0.36381 0.00221 0.00000 0.00000 ( 7)  0.052
 116 I   0.00000 0.00000 0.00000 0.00000 0.00000 0.00000 0.00000 0.00003 0.36431 0.63565 0.00000 (10)  0.238
 117 N   0.00000 0.00000 0.00000 0.00008 0.01221 0.25056 0.63706 0.09996 0.00013 0.00000 0.00000 ( 7)  0.038
 118 S   0.00000 0.00000 0.00001 0.00164 0.04425 0.31189 0.51865 0.12259 0.00098 0.00000 0.00000 ( 7)  0.037
 119 Y   0.00000 0.00000 0.00000 0.00040 0.02477 0.29160 0.57800 0.10492 0.00031 0.00000 0.00000 ( 7)  0.037
 120 Y   0.00000 0.00000 0.00000 0.00000 0.00000 0.00000 0.00000 0.00789 0.99074 0.00137 0.00000 ( 9)  0.139
 121 Q   0.00022 0.01522 0.09971 0.27240 0.36503 0.20999 0.03650 0.00094 0.00000 0.00000 0.00000 ( 5)  0.010
 122 T   0.00024 0.01626 0.10594 0.28455 0.36680 0.19577 0.02983 0.00061 0.00000 0.00000 0.00000 ( 5)  0.009
 123 W   0.24143 0.23834 0.21978 0.17060 0.09533 0.03050 0.00390 0.00010 0.00000 0.00000 0.00000 ( 1)  0.002
 124 V   0.00000 0.00000 0.00000 0.00000 0.00000 0.00000 0.00523 0.38836 0.60632 0.00009 0.00000 ( 9)  0.114
 125 F   0.00000 0.00000 0.00000 0.00000 0.00000 0.00106 0.14845 0.81895 0.03154 0.00000 0.00000 ( 8)  0.071
 126 G   0.24404 0.24078 0.22124 0.16984 0.09253 0.02818 0.00331 0.00008 0.00000 0.00000 0.00000 ( 1)  0.002
 127 P   0.00000 0.00000 0.00000 0.00000 0.00000 0.00000 0.00000 0.00006 0.17306 0.82689 0.00000 (10)  0.268
 128 V   0.00000 0.00000 0.00000 0.00000 0.00000 0.00000 0.00000 0.00321 0.93824 0.05855 0.00000 ( 9)  0.148
 129 A   0.00000 0.00027 0.01243 0.11931 0.38175 0.39211 0.09186 0.00227 0.00000 0.00000 0.00000 ( 6)  0.015
 130 C   0.25046 0.24676 0.22466 0.16759 0.08548 0.02288 0.00213 0.00003 0.00000 0.00000 0.00000 ( 1)  0.002
 131 Q   0.00000 0.00000 0.00002 0.00218 0.05614 0.35784 0.49729 0.08613 0.00039 0.00000 0.00000 ( 7)  0.034
 132 F   0.00000 0.00000 0.00000 0.00000 0.00000 0.00000 0.00000 0.00688 0.95706 0.03606 0.00000 ( 9)  0.145
 133 Y   0.26464 0.25979 0.23119 0.16059 0.06955 0.01352 0.00071 0.00000 0.00000 0.00000 0.00000 ( 1)  0.002
 134 A   0.00000 0.00000 0.00003 0.00436 0.09731 0.47027 0.39862 0.02937 0.00003 0.00000 0.00000 ( 6)  0.028
 135 C   0.00000 0.00023 0.01087 0.10666 0.35904 0.40660 0.11291 0.00369 0.00000 0.00000 0.00000 ( 6)  0.016
 136 F   0.00000 0.00000 0.00000 0.00000 0.00000 0.00000 0.00000 0.00000 0.00828 0.99172 0.00000 (10)  0.293
 137 G   0.25963 0.25521 0.22904 0.16336 0.07519 0.01648 0.00107 0.00001 0.00000 0.00000 0.00000 ( 1)  0.002
 138 S   0.24306 0.23987 0.22069 0.17012 0.09358 0.02906 0.00353 0.00009 0.00000 0.00000 0.00000 ( 1)  0.002
 139 L   0.00016 0.01101 0.07374 0.21615 0.34054 0.26919 0.08325 0.00594 0.00003 0.00000 0.00000 ( 5)  0.013
 140 F   0.00000 0.00000 0.00000 0.00011 0.01772 0.34938 0.59964 0.03315 0.00000 0.00000 0.00000 ( 7)  0.033
 141 G   0.25483 0.25080 0.22682 0.16571 0.08059 0.01968 0.00155 0.00002 0.00000 0.00000 0.00000 ( 1)  0.002
 142 C   0.00000 0.00000 0.00056 0.02051 0.18738 0.48664 0.28530 0.01957 0.00003 0.00000 0.00000 ( 6)  0.024
 143 V   0.00000 0.00000 0.00000 0.00000 0.00000 0.00000 0.00000 0.00020 0.68892 0.31087 0.00000 ( 9)  0.188
 144 S   0.25524 0.25117 0.22701 0.16551 0.08013 0.01941 0.00151 0.00002 0.00000 0.00000 0.00000 ( 1)  0.002
 145 I   0.28253 0.27584 0.23720 0.14805 0.05018 0.00606 0.00014 0.00000 0.00000 0.00000 0.00000 ( 1)  0.001
 146 W   0.24143 0.23834 0.21978 0.17060 0.09533 0.03050 0.00390 0.00010 0.00000 0.00000 0.00000 ( 1)  0.002
 147 T   0.00000 0.00000 0.00000 0.00000 0.00006 0.01586 0.38975 0.58401 0.01032 0.00000 0.00000 ( 8)  0.061
 148 M   0.30128 0.29215 0.24060 0.13121 0.03260 0.00214 0.00002 0.00000 0.00000 0.00000 0.00000 ( 1)  0.001
 149 T   0.26142 0.25685 0.22982 0.16239 0.07317 0.01540 0.00093 0.00001 0.00000 0.00000 0.00000 ( 1)  0.002
 150 A   0.00000 0.00000 0.00000 0.00000 0.00186 0.17824 0.76656 0.05333 0.00000 0.00000 0.00000 ( 7)  0.038
 151 I   0.28433 0.27744 0.23766 0.14657 0.04835 0.00554 0.00011 0.00000 0.00000 0.00000 0.00000 ( 1)  0.001
 152 A   0.27808 0.27190 0.23595 0.15152 0.05483 0.00752 0.00021 0.00000 0.00000 0.00000 0.00000 ( 1)  0.001
 153 F   0.29253 0.28461 0.23941 0.13948 0.04035 0.00357 0.00005 0.00000 0.00000 0.00000 0.00000 ( 1)  0.001
 154 D   0.28488 0.27793 0.23781 0.14614 0.04777 0.00536 0.00010 0.00000 0.00000 0.00000 0.00000 ( 1)  0.001
 155 R   0.23576 0.23302 0.21645 0.17189 0.10123 0.03590 0.00554 0.00021 0.00000 0.00000 0.00000 ( 1)  0.003
 156 Y   0.26781 0.26267 0.23244 0.15867 0.06601 0.01186 0.00054 0.00000 0.00000 0.00000 0.00000 ( 1)  0.002
 157 N   0.27345 0.26776 0.23448 0.15490 0.05979 0.00929 0.00033 0.00000 0.00000 0.00000 0.00000 ( 1)  0.001
 158 V   0.28036 0.27393 0.23661 0.14976 0.05243 0.00675 0.00017 0.00000 0.00000 0.00000 0.00000 ( 1)  0.001
 159 I   0.29626 0.28784 0.23999 0.13603 0.03695 0.00289 0.00003 0.00000 0.00000 0.00000 0.00000 ( 1)  0.001
 160 V   0.26585 0.26089 0.23166 0.15984 0.06820 0.01291 0.00065 0.00000 0.00000 0.00000 0.00000 ( 1)  0.002
 161 K   0.00025 0.01709 0.11089 0.29383 0.36724 0.18480 0.02545 0.00044 0.00000 0.00000 0.00000 ( 5)  0.009
 162 G   0.25065 0.24694 0.22476 0.16751 0.08527 0.02274 0.00210 0.00003 0.00000 0.00000 0.00000 ( 1)  0.002
 163 I   0.00044 0.02987 0.18218 0.39809 0.31968 0.06776 0.00197 0.00000 0.00000 0.00000 0.00000 ( 4)  0.006
 164 A   0.28238 0.27571 0.23716 0.14817 0.05034 0.00610 0.00014 0.00000 0.00000 0.00000 0.00000 ( 1)  0.001
 165 A   0.00036 0.02451 0.15331 0.36236 0.34851 0.10515 0.00579 0.00002 0.00000 0.00000 0.00000 ( 4)  0.007
 166 K   0.00000 0.00026 0.01217 0.11720 0.37832 0.39486 0.09479 0.00241 0.00000 0.00000 0.00000 ( 6)  0.016
 167 P   0.25314 0.24924 0.22600 0.16646 0.08249 0.02089 0.00176 0.00002 0.00000 0.00000 0.00000 ( 1)  0.002
 168 L   0.00000 0.00000 0.00000 0.00000 0.00140 0.14889 0.77433 0.07538 0.00001 0.00000 0.00000 ( 7)  0.039
 169 T   0.00000 0.00000 0.00000 0.00000 0.00000 0.00000 0.00000 0.02584 0.97392 0.00023 0.00000 ( 9)  0.138
 170 V   0.00000 0.00000 0.00000 0.00000 0.00000 0.00000 0.00528 0.73697 0.25775 0.00000 0.00000 ( 8)  0.091
 171 N   0.00000 0.00000 0.00000 0.00000 0.00110 0.09370 0.68689 0.21793 0.00037 0.00000 0.00000 ( 7)  0.045
 172 G   0.00017 0.01202 0.08010 0.23077 0.34942 0.25536 0.06838 0.00376 0.00001 0.00000 0.00000 ( 5)  0.012
 173 A   0.26483 0.25996 0.23126 0.16047 0.06934 0.01344 0.00070 0.00000 0.00000 0.00000 0.00000 ( 1)  0.002
 174 L   0.00000 0.00000 0.00000 0.00001 0.00208 0.07303 0.48875 0.42288 0.01324 0.00000 0.00000 ( 7)  0.054
 175 L   0.00000 0.00000 0.00000 0.00000 0.00000 0.00045 0.05146 0.63750 0.31054 0.00005 0.00000 ( 8)  0.093
 176 Q   0.00014 0.00981 0.06621 0.19820 0.32766 0.28435 0.10374 0.00982 0.00007 0.00000 0.00000 ( 5)  0.014
 177 I   0.00000 0.00051 0.02303 0.19562 0.47330 0.28230 0.02512 0.00012 0.00000 0.00000 0.00000 ( 5)  0.012
 178 F   0.00000 0.00000 0.00000 0.00000 0.00000 0.00000 0.00070 0.17312 0.82577 0.00040 0.00000 ( 9)  0.128
 179 G   0.00000 0.00000 0.00000 0.00000 0.00017 0.02358 0.40093 0.56040 0.01491 0.00000 0.00000 ( 8)  0.060
 180 V   0.00000 0.00000 0.00000 0.00001 0.00538 0.26035 0.69586 0.03839 0.00000 0.00000 0.00000 ( 7)  0.036
 181 W   0.24143 0.23834 0.21978 0.17060 0.09533 0.03050 0.00390 0.00010 0.00000 0.00000 0.00000 ( 1)  0.002
 182 A   0.00000 0.00000 0.00000 0.00000 0.00000 0.00000 0.00000 0.00000 0.00000 0.00000 1.00000 (11)  1.000
 183 F   0.29335 0.28533 0.23955 0.13873 0.03958 0.00341 0.00004 0.00000 0.00000 0.00000 0.00000 ( 1)  0.001
 184 S   0.00000 0.00000 0.00000 0.00000 0.00000 0.00000 0.00103 0.15264 0.84418 0.00215 0.00000 ( 9)  0.130
 185 L   0.00000 0.00000 0.00000 0.00000 0.00000 0.00036 0.05906 0.74032 0.20026 0.00000 0.00000 ( 8)  0.086
 186 A   0.00000 0.00000 0.00000 0.00000 0.00000 0.00000 0.00000 0.00000 0.03483 0.96517 0.00000 (10)  0.289
 187 W   0.24143 0.23834 0.21978 0.17060 0.09533 0.03050 0.00390 0.00010 0.00000 0.00000 0.00000 ( 1)  0.002
 188 T   0.26559 0.26065 0.23157 0.16001 0.06849 0.01303 0.00066 0.00000 0.00000 0.00000 0.00000 ( 1)  0.002
 189 L   0.00000 0.00000 0.00000 0.00000 0.00000 0.00000 0.00000 0.00048 0.65806 0.34146 0.00000 ( 9)  0.193
 190 A   0.00025 0.01722 0.11167 0.29533 0.36741 0.18303 0.02467 0.00041 0.00000 0.00000 0.00000 ( 5)  0.009
 191 P   0.24185 0.23874 0.22002 0.17048 0.09488 0.03013 0.00381 0.00010 0.00000 0.00000 0.00000 ( 1)  0.002
 192 I   0.00000 0.00000 0.00000 0.00000 0.00000 0.00006 0.05607 0.91361 0.03026 0.00000 0.00000 ( 8)  0.075
 193 F   0.00000 0.00000 0.00000 0.00104 0.06457 0.53928 0.38722 0.00788 0.00000 0.00000 0.00000 ( 6)  0.027
 194 G   0.25555 0.25146 0.22716 0.16538 0.07979 0.01917 0.00147 0.00002 0.00000 0.00000 0.00000 ( 1)  0.002
 195 W   0.24143 0.23834 0.21978 0.17060 0.09533 0.03050 0.00390 0.00010 0.00000 0.00000 0.00000 ( 1)  0.002
 196 S   0.00000 0.00000 0.00010 0.01170 0.20138 0.58558 0.19834 0.00290 0.00000 0.00000 0.00000 ( 6)  0.022
 197 R   0.00000 0.00000 0.00000 0.00014 0.01009 0.16161 0.55731 0.26624 0.00461 0.00000 0.00000 ( 7)  0.046
 198 Y   0.25479 0.25076 0.22680 0.16573 0.08064 0.01970 0.00156 0.00002 0.00000 0.00000 0.00000 ( 1)  0.002
 199 V   0.00000 0.00031 0.01440 0.13469 0.40635 0.37210 0.07093 0.00122 0.00000 0.00000 0.00000 ( 5)  0.014
 200 P   0.25195 0.24814 0.22541 0.16698 0.08382 0.02176 0.00191 0.00003 0.00000 0.00000 0.00000 ( 1)  0.002
 201 E   0.25813 0.25384 0.22838 0.16414 0.07688 0.01742 0.00120 0.00001 0.00000 0.00000 0.00000 ( 1)  0.002
 202 G   0.25549 0.25141 0.22713 0.16540 0.07985 0.01922 0.00148 0.00002 0.00000 0.00000 0.00000 ( 1)  0.002
 203 N   0.28654 0.27939 0.23820 0.14475 0.04611 0.00492 0.00009 0.00000 0.00000 0.00000 0.00000 ( 1)  0.001
 204 M   0.30128 0.29215 0.24060 0.13121 0.03260 0.00214 0.00002 0.00000 0.00000 0.00000 0.00000 ( 1)  0.001
 205 T   0.00000 0.00039 0.01780 0.15982 0.43941 0.33578 0.04634 0.00046 0.00000 0.00000 0.00000 ( 5)  0.013
 206 A   0.00000 0.00038 0.01753 0.15787 0.43704 0.33868 0.04800 0.00050 0.00000 0.00000 0.00000 ( 5)  0.013
 207 C   0.26137 0.25681 0.22982 0.16245 0.07323 0.01539 0.00093 0.00001 0.00000 0.00000 0.00000 ( 1)  0.002
 208 G   0.24505 0.24172 0.22180 0.16952 0.09144 0.02731 0.00310 0.00007 0.00000 0.00000 0.00000 ( 1)  0.002
 209 T   0.27113 0.26566 0.23366 0.15649 0.06234 0.01031 0.00040 0.00000 0.00000 0.00000 0.00000 ( 1)  0.002
 210 D   0.28679 0.27960 0.23826 0.14454 0.04587 0.00486 0.00009 0.00000 0.00000 0.00000 0.00000 ( 1)  0.001
 211 Y   0.26581 0.26085 0.23166 0.15990 0.06824 0.01289 0.00064 0.00000 0.00000 0.00000 0.00000 ( 1)  0.002
 212 L   0.00000 0.00000 0.00002 0.00236 0.06061 0.37906 0.48893 0.06883 0.00019 0.00000 0.00000 ( 7)  0.033
 213 S   0.00000 0.00000 0.00000 0.00000 0.00000 0.00000 0.00000 0.00000 0.00000 1.00000 0.00000 (10)  0.295
 214 K   0.00028 0.01892 0.12163 0.31322 0.36653 0.16177 0.01746 0.00019 0.00000 0.00000 0.00000 ( 5)  0.008
 215 D   0.00000 0.00000 0.00000 0.00000 0.00000 0.00000 0.00000 0.00436 0.99257 0.00307 0.00000 ( 9)  0.140
 216 L   0.00000 0.00000 0.00000 0.00000 0.00020 0.01738 0.28207 0.63609 0.06426 0.00000 0.00000 ( 8)  0.068
 217 L   0.00000 0.00000 0.00000 0.00000 0.00000 0.00000 0.00000 0.00000 0.00001 0.99999 0.00000 (10)  0.295
 218 S   0.00000 0.00000 0.00008 0.00983 0.17831 0.57415 0.23299 0.00463 0.00000 0.00000 0.00000 ( 6)  0.023
 219 Q   0.00000 0.00000 0.00000 0.00008 0.00609 0.11205 0.49650 0.37063 0.01464 0.00000 0.00000 ( 7)  0.052
 220 I   0.00000 0.00000 0.00007 0.00886 0.16542 0.56457 0.25492 0.00615 0.00000 0.00000 0.00000 ( 6)  0.023
 221 Y   0.26779 0.26265 0.23244 0.15868 0.06603 0.01187 0.00054 0.00000 0.00000 0.00000 0.00000 ( 1)  0.002
 222 I   0.29679 0.28829 0.24007 0.13553 0.03648 0.00281 0.00003 0.00000 0.00000 0.00000 0.00000 ( 1)  0.001
 223 I   0.00000 0.00000 0.00000 0.00000 0.00009 0.01391 0.30308 0.64711 0.03581 0.00000 0.00000 ( 8)  0.066
 224 T   0.00000 0.00000 0.00000 0.00000 0.00000 0.00000 0.00000 0.00031 0.99148 0.00822 0.00000 ( 9)  0.141
 225 Y   0.26676 0.26172 0.23204 0.15932 0.06718 0.01240 0.00059 0.00000 0.00000 0.00000 0.00000 ( 1)  0.002
 226 S   0.00000 0.00000 0.00000 0.00002 0.00349 0.10729 0.56481 0.31983 0.00455 0.00000 0.00000 ( 7)  0.049
 227 I   0.00000 0.00000 0.00000 0.00000 0.00000 0.00006 0.04429 0.88560 0.07006 0.00000 0.00000 ( 8)  0.078
 228 A   0.00000 0.00000 0.00000 0.00000 0.00020 0.05472 0.73358 0.21140 0.00011 0.00000 0.00000 ( 7)  0.046
 229 C   0.00000 0.00000 0.00000 0.00000 0.00000 0.00000 0.00000 0.00001 0.40561 0.59438 0.00000 (10)  0.232
 230 Y   0.26657 0.26154 0.23196 0.15944 0.06739 0.01250 0.00060 0.00000 0.00000 0.00000 0.00000 ( 1)  0.002
 231 F   0.00000 0.00000 0.00000 0.00001 0.00394 0.21626 0.72192 0.05787 0.00001 0.00000 0.00000 ( 7)  0.037
 232 L   0.00000 0.00000 0.00000 0.00000 0.00000 0.00000 0.00000 0.00000 0.00000 1.00000 0.00000 (10)  0.295
 233 P   0.24862 0.24506 0.22371 0.16829 0.08752 0.02433 0.00242 0.00004 0.00000 0.00000 0.00000 ( 1)  0.002
 234 L   0.25136 0.24759 0.22511 0.16720 0.08447 0.02222 0.00201 0.00003 0.00000 0.00000 0.00000 ( 1)  0.002
 235 A   0.00000 0.00000 0.00000 0.00000 0.00000 0.00000 0.00000 0.00067 0.80150 0.19783 0.00000 ( 9)  0.170
 236 L   0.00000 0.00034 0.01542 0.14243 0.41760 0.36132 0.06202 0.00088 0.00000 0.00000 0.00000 ( 5)  0.014
 237 I   0.29718 0.28863 0.24012 0.13516 0.03614 0.00274 0.00003 0.00000 0.00000 0.00000 0.00000 ( 1)  0.001
 238 V   0.00000 0.00000 0.00000 0.00054 0.05493 0.55015 0.38780 0.00659 0.00000 0.00000 0.00000 ( 6)  0.027
 239 Y   0.26453 0.25969 0.23114 0.16066 0.06968 0.01359 0.00071 0.00000 0.00000 0.00000 0.00000 ( 1)  0.002
 240 S   0.25545 0.25137 0.22712 0.16543 0.07990 0.01924 0.00148 0.00002 0.00000 0.00000 0.00000 ( 1)  0.002
 241 Y   0.26554 0.26060 0.23155 0.16006 0.06855 0.01304 0.00066 0.00000 0.00000 0.00000 0.00000 ( 1)  0.002
 242 F   0.00000 0.00000 0.00000 0.00000 0.00000 0.00271 0.31156 0.68288 0.00284 0.00000 0.00000 ( 8)  0.064
 243 F   0.00000 0.00000 0.00000 0.00042 0.04577 0.51012 0.43362 0.01006 0.00000 0.00000 0.00000 ( 6)  0.029
 244 I   0.27954 0.27319 0.23638 0.15042 0.05328 0.00700 0.00018 0.00000 0.00000 0.00000 0.00000 ( 1)  0.001
 245 V   0.00000 0.00000 0.00000 0.00000 0.00012 0.02645 0.49920 0.47065 0.00358 0.00000 0.00000 ( 7)  0.056
 246 Q   0.00000 0.00000 0.00024 0.00960 0.10472 0.38402 0.41719 0.08340 0.00083 0.00000 0.00000 ( 7)  0.032
 247 A   0.00000 0.00000 0.00120 0.03985 0.29593 0.51346 0.14666 0.00291 0.00000 0.00000 0.00000 ( 6)  0.019
 248 V   0.25151 0.24773 0.22519 0.16714 0.08430 0.02211 0.00199 0.00003 0.00000 0.00000 0.00000 ( 1)  0.002
 249 A   0.00000 0.00000 0.00000 0.00000 0.00000 0.00020 0.03864 0.64442 0.31671 0.00002 0.00000 ( 8)  0.094
 250 A   0.00000 0.00000 0.00087 0.03004 0.24557 0.51301 0.20345 0.00706 0.00000 0.00000 0.00000 ( 6)  0.021
 251 H   0.27016 0.26479 0.23333 0.15716 0.06340 0.01072 0.00044 0.00000 0.00000 0.00000 0.00000 ( 1)  0.002
 252 E   0.26140 0.25683 0.22982 0.16243 0.07320 0.01539 0.00093 0.00001 0.00000 0.00000 0.00000 ( 1)  0.002
 253 K   0.00000 0.00000 0.00000 0.00000 0.00000 0.00000 0.00056 0.15295 0.84606 0.00043 0.00000 ( 9)  0.130
 254 A   0.00000 0.00000 0.00000 0.00000 0.00000 0.00000 0.00000 0.00001 0.20222 0.79777 0.00000 (10)  0.263
 255 M   0.30128 0.29215 0.24060 0.13121 0.03260 0.00214 0.00002 0.00000 0.00000 0.00000 0.00000 ( 1)  0.001
 256 R   0.25653 0.25237 0.22764 0.16493 0.07868 0.01848 0.00136 0.00001 0.00000 0.00000 0.00000 ( 1)  0.002
 257 E   0.25265 0.24879 0.22576 0.16669 0.08304 0.02123 0.00182 0.00002 0.00000 0.00000 0.00000 ( 1)  0.002
 258 Q   0.23290 0.23032 0.21469 0.17237 0.10410 0.03879 0.00654 0.00029 0.00000 0.00000 0.00000 ( 1)  0.003
 259 A   0.27187 0.26633 0.23391 0.15597 0.06153 0.01000 0.00038 0.00000 0.00000 0.00000 0.00000 ( 1)  0.002
 260 K   0.26413 0.25933 0.23098 0.16089 0.07012 0.01380 0.00074 0.00000 0.00000 0.00000 0.00000 ( 1)  0.002
 261 K   0.25245 0.24860 0.22566 0.16677 0.08327 0.02138 0.00184 0.00002 0.00000 0.00000 0.00000 ( 1)  0.002
 262 M   0.30128 0.29215 0.24060 0.13121 0.03260 0.00214 0.00002 0.00000 0.00000 0.00000 0.00000 ( 1)  0.001
 263 N   0.28222 0.27558 0.23713 0.14832 0.05049 0.00613 0.00014 0.00000 0.00000 0.00000 0.00000 ( 1)  0.001
 264 V   0.26788 0.26273 0.23245 0.15859 0.06594 0.01186 0.00054 0.00000 0.00000 0.00000 0.00000 ( 1)  0.002
 265 A   0.00029 0.02004 0.12809 0.32412 0.36439 0.14890 0.01405 0.00013 0.00000 0.00000 0.00000 ( 5)  0.008
 266 S   0.25910 0.25472 0.22881 0.16364 0.07579 0.01681 0.00112 0.00001 0.00000 0.00000 0.00000 ( 1)  0.002
 267 L   0.26437 0.25954 0.23106 0.16071 0.06986 0.01372 0.00074 0.00000 0.00000 0.00000 0.00000 ( 1)  0.002
 268 R   0.24411 0.24085 0.22128 0.16981 0.09245 0.02813 0.00330 0.00008 0.00000 0.00000 0.00000 ( 1)  0.002
 269 S   0.24104 0.23798 0.21954 0.17067 0.09573 0.03089 0.00403 0.00011 0.00000 0.00000 0.00000 ( 1)  0.002
 270 S   0.00000 0.00000 0.00000 0.00000 0.00000 0.00107 0.09510 0.74780 0.15603 0.00000 0.00000 ( 8)  0.081
 271 E   0.00000 0.00000 0.00000 0.00000 0.00099 0.06096 0.53015 0.40230 0.00561 0.00000 0.00000 ( 7)  0.053
 272 Q   0.00000 0.00000 0.00000 0.00000 0.00000 0.00000 0.00000 0.00899 0.97158 0.01943 0.00000 ( 9)  0.142
 273 A   0.00000 0.00000 0.00000 0.00000 0.00067 0.06511 0.61566 0.31709 0.00147 0.00000 0.00000 ( 7)  0.050
 274 N   0.28432 0.27743 0.23767 0.14661 0.04834 0.00552 0.00011 0.00000 0.00000 0.00000 0.00000 ( 1)  0.001
 275 T   0.00037 0.02502 0.15610 0.36624 0.34619 0.10087 0.00519 0.00002 0.00000 0.00000 0.00000 ( 4)  0.007
 276 S   0.00036 0.02429 0.15210 0.36084 0.34971 0.10675 0.00593 0.00002 0.00000 0.00000 0.00000 ( 4)  0.007
 277 A   0.00000 0.00000 0.00102 0.03477 0.27094 0.51562 0.17313 0.00450 0.00000 0.00000 0.00000 ( 6)  0.020
 278 E   0.25920 0.25482 0.22886 0.16360 0.07568 0.01674 0.00110 0.00001 0.00000 0.00000 0.00000 ( 1)  0.002
 279 C   0.00000 0.00000 0.00000 0.00082 0.04047 0.37808 0.52790 0.05268 0.00005 0.00000 0.00000 ( 7)  0.033
 280 K   0.24841 0.24486 0.22361 0.16838 0.08775 0.02450 0.00245 0.00004 0.00000 0.00000 0.00000 ( 1)  0.002
 281 L   0.24695 0.24350 0.22282 0.16887 0.08935 0.02573 0.00273 0.00005 0.00000 0.00000 0.00000 ( 1)  0.002
 282 A   0.26887 0.26362 0.23283 0.15797 0.06484 0.01137 0.00050 0.00000 0.00000 0.00000 0.00000 ( 1)  0.002
 283 K   0.26553 0.26060 0.23155 0.16007 0.06856 0.01304 0.00065 0.00000 0.00000 0.00000 0.00000 ( 1)  0.002
 284 V   0.26210 0.25747 0.23012 0.16202 0.07241 0.01499 0.00088 0.00001 0.00000 0.00000 0.00000 ( 1)  0.002
 285 A   0.26027 0.25580 0.22932 0.16301 0.07446 0.01609 0.00102 0.00001 0.00000 0.00000 0.00000 ( 1)  0.002
 286 L   0.24578 0.24240 0.22217 0.16924 0.09062 0.02674 0.00298 0.00006 0.00000 0.00000 0.00000 ( 1)  0.002
 287 M   0.00000 0.00089 0.03818 0.28404 0.50643 0.16553 0.00492 0.00000 0.00000 0.00000 0.00000 ( 5)  0.009
 288 T   0.28443 0.27753 0.23769 0.14650 0.04823 0.00550 0.00011 0.00000 0.00000 0.00000 0.00000 ( 1)  0.001
 289 I   0.28655 0.27939 0.23819 0.14472 0.04613 0.00494 0.00009 0.00000 0.00000 0.00000 0.00000 ( 1)  0.001
 290 S   0.25630 0.25216 0.22752 0.16502 0.07894 0.01866 0.00139 0.00001 0.00000 0.00000 0.00000 ( 1)  0.002
 291 L   0.24425 0.24098 0.22135 0.16975 0.09229 0.02803 0.00328 0.00008 0.00000 0.00000 0.00000 ( 1)  0.002
 292 W   0.24143 0.23834 0.21978 0.17060 0.09533 0.03050 0.00390 0.00010 0.00000 0.00000 0.00000 ( 1)  0.002
 293 F   0.29388 0.28579 0.23964 0.13825 0.03910 0.00331 0.00004 0.00000 0.00000 0.00000 0.00000 ( 1)  0.001
 294 M   0.00053 0.03561 0.21162 0.42627 0.28379 0.04157 0.00062 0.00000 0.00000 0.00000 0.00000 ( 4)  0.005
 295 A   0.26437 0.25954 0.23106 0.16072 0.06986 0.01371 0.00073 0.00000 0.00000 0.00000 0.00000 ( 1)  0.002
 296 W   0.24143 0.23834 0.21978 0.17060 0.09533 0.03050 0.00390 0.00010 0.00000 0.00000 0.00000 ( 1)  0.002
 297 T   0.26283 0.25814 0.23043 0.16162 0.07158 0.01456 0.00083 0.00001 0.00000 0.00000 0.00000 ( 1)  0.002
 298 P   0.24210 0.23897 0.22016 0.17041 0.09461 0.02990 0.00375 0.00010 0.00000 0.00000 0.00000 ( 1)  0.002
 299 Y   0.26500 0.26012 0.23134 0.16038 0.06915 0.01333 0.00069 0.00000 0.00000 0.00000 0.00000 ( 1)  0.002
 300 L   0.25064 0.24692 0.22474 0.16750 0.08528 0.02277 0.00211 0.00003 0.00000 0.00000 0.00000 ( 1)  0.002
 301 V   0.00000 0.00000 0.00006 0.00682 0.13652 0.53415 0.31052 0.01192 0.00000 0.00000 0.00000 ( 6)  0.025
 302 I   0.29845 0.28972 0.24028 0.13395 0.03503 0.00255 0.00002 0.00000 0.00000 0.00000 0.00000 ( 1)  0.001
 303 N   0.28580 0.27873 0.23803 0.14538 0.04686 0.00511 0.00009 0.00000 0.00000 0.00000 0.00000 ( 1)  0.001
 304 F   0.00000 0.00000 0.00000 0.00000 0.00000 0.00003 0.02278 0.73589 0.24130 0.00000 0.00000 ( 8)  0.090
 305 A   0.00000 0.00000 0.00000 0.00000 0.00000 0.00000 0.00002 0.04424 0.95529 0.00044 0.00000 ( 9)  0.137
 306 G   0.24751 0.24402 0.22312 0.16868 0.08874 0.02525 0.00263 0.00005 0.00000 0.00000 0.00000 ( 1)  0.002
 307 V   0.00000 0.00000 0.00000 0.00012 0.01693 0.30416 0.61313 0.06561 0.00005 0.00000 0.00000 ( 7)  0.035
 308 F   0.00045 0.03034 0.18467 0.40085 0.31688 0.06503 0.00178 0.00000 0.00000 0.00000 0.00000 ( 4)  0.006
 309 E   0.00000 0.00000 0.00083 0.02887 0.23906 0.51189 0.21155 0.00781 0.00000 0.00000 0.00000 ( 6)  0.021
 310 T   0.00000 0.00000 0.00000 0.00000 0.00000 0.00393 0.26491 0.71880 0.01236 0.00000 0.00000 ( 8)  0.066
 311 A   0.00000 0.00000 0.00000 0.00000 0.00000 0.00000 0.00000 0.00000 0.14617 0.85383 0.00000 (10)  0.272
 312 P   0.00000 0.00000 0.00000 0.00000 0.00000 0.00000 0.00000 0.00091 0.89162 0.10747 0.00000 ( 9)  0.156
 313 I   0.00049 0.03334 0.20017 0.41622 0.29822 0.05057 0.00098 0.00000 0.00000 0.00000 0.00000 ( 4)  0.005
 314 S   0.00000 0.00000 0.00000 0.00000 0.00000 0.00000 0.00648 0.65187 0.34165 0.00000 0.00000 ( 8)  0.097
 315 P   0.25265 0.24879 0.22576 0.16668 0.08303 0.02123 0.00182 0.00002 0.00000 0.00000 0.00000 ( 1)  0.002
 316 L   0.26169 0.25710 0.22993 0.16223 0.07287 0.01525 0.00092 0.00001 0.00000 0.00000 0.00000 ( 1)  0.002
 317 S   0.00000 0.00000 0.00000 0.00000 0.00001 0.00636 0.34330 0.64425 0.00609 0.00000 0.00000 ( 8)  0.063
 318 T   0.28251 0.27583 0.23720 0.14807 0.05020 0.00606 0.00014 0.00000 0.00000 0.00000 0.00000 ( 1)  0.001
 319 I   0.00050 0.03375 0.20221 0.41809 0.29568 0.04887 0.00091 0.00000 0.00000 0.00000 0.00000 ( 4)  0.005
 320 W   0.24143 0.23834 0.21978 0.17060 0.09533 0.03050 0.00390 0.00010 0.00000 0.00000 0.00000 ( 1)  0.002
 321 G   0.00026 0.01801 0.11632 0.30366 0.36695 0.17312 0.02136 0.00032 0.00000 0.00000 0.00000 ( 5)  0.009
 322 S   0.24726 0.24378 0.22298 0.16875 0.08901 0.02549 0.00269 0.00005 0.00000 0.00000 0.00000 ( 1)  0.002
 323 V   0.00000 0.00000 0.00000 0.00000 0.00004 0.01544 0.45598 0.52521 0.00333 0.00000 0.00000 ( 8)  0.058
 324 F   0.29034 0.28271 0.23900 0.14145 0.04242 0.00403 0.00006 0.00000 0.00000 0.00000 0.00000 ( 1)  0.001
 325 A   0.27775 0.27160 0.23585 0.15177 0.05518 0.00763 0.00022 0.00000 0.00000 0.00000 0.00000 ( 1)  0.001
 326 K   0.26218 0.25755 0.23016 0.16200 0.07231 0.01491 0.00087 0.00001 0.00000 0.00000 0.00000 ( 1)  0.002
 327 A   0.26687 0.26181 0.23207 0.15923 0.06706 0.01236 0.00059 0.00000 0.00000 0.00000 0.00000 ( 1)  0.002
 328 N   0.27525 0.26937 0.23508 0.15363 0.05784 0.00856 0.00027 0.00000 0.00000 0.00000 0.00000 ( 1)  0.001
 329 A   0.00037 0.02524 0.15732 0.36781 0.34503 0.09920 0.00501 0.00002 0.00000 0.00000 0.00000 ( 4)  0.007
 330 V   0.00040 0.02741 0.16911 0.38296 0.33381 0.08307 0.00323 0.00001 0.00000 0.00000 0.00000 ( 4)  0.006
 331 Y   0.26566 0.26072 0.23160 0.15999 0.06841 0.01297 0.00065 0.00000 0.00000 0.00000 0.00000 ( 1)  0.002
 332 N   0.27344 0.26774 0.23447 0.15491 0.05981 0.00930 0.00033 0.00000 0.00000 0.00000 0.00000 ( 1)  0.001
 333 P   0.25137 0.24761 0.22513 0.16722 0.08446 0.02219 0.00199 0.00003 0.00000 0.00000 0.00000 ( 1)  0.002
 334 I   0.27572 0.26979 0.23522 0.15328 0.05734 0.00838 0.00026 0.00000 0.00000 0.00000 0.00000 ( 1)  0.001
 335 V   0.24908 0.24548 0.22394 0.16810 0.08701 0.02400 0.00236 0.00004 0.00000 0.00000 0.00000 ( 1)  0.002
 336 Y   0.24822 0.24468 0.22350 0.16844 0.08796 0.02466 0.00249 0.00004 0.00000 0.00000 0.00000 ( 1)  0.002
 337 G   0.25771 0.25345 0.22818 0.16435 0.07736 0.01770 0.00124 0.00001 0.00000 0.00000 0.00000 ( 1)  0.002
 338 I   0.29846 0.28973 0.24028 0.13394 0.03502 0.00254 0.00002 0.00000 0.00000 0.00000 0.00000 ( 1)  0.001
 339 S   0.27925 0.27294 0.23631 0.15065 0.05357 0.00708 0.00018 0.00000 0.00000 0.00000 0.00000 ( 1)  0.001
 340 H   0.26074 0.25623 0.22954 0.16280 0.07394 0.01577 0.00097 0.00001 0.00000 0.00000 0.00000 ( 1)  0.002
 341 P   0.25377 0.24982 0.22632 0.16620 0.08178 0.02041 0.00167 0.00002 0.00000 0.00000 0.00000 ( 1)  0.002
 342 K   0.00000 0.00019 0.00886 0.08961 0.32357 0.42047 0.14971 0.00758 0.00001 0.00000 0.00000 ( 6)  0.018
 343 Y   0.26689 0.26183 0.23209 0.15924 0.06704 0.01233 0.00058 0.00000 0.00000 0.00000 0.00000 ( 1)  0.002
 344 R   0.00000 0.00000 0.00001 0.00101 0.02943 0.24070 0.52434 0.20054 0.00397 0.00000 0.00000 ( 7)  0.041
 345 A   0.00000 0.00000 0.00000 0.00000 0.00001 0.00393 0.21633 0.74450 0.03524 0.00000 0.00000 ( 8)  0.069
 346 A   0.00000 0.00000 0.00000 0.00000 0.00031 0.03652 0.49463 0.46274 0.00580 0.00000 0.00000 ( 7)  0.056
 347 L   0.24419 0.24092 0.22131 0.16977 0.09236 0.02808 0.00329 0.00008 0.00000 0.00000 0.00000 ( 1)  0.002
 348 Y   0.00000 0.00000 0.00095 0.03271 0.26032 0.51563 0.18507 0.00532 0.00000 0.00000 0.00000 ( 6)  0.020
 349 Q   0.00000 0.00000 0.00000 0.00000 0.00000 0.00000 0.00000 0.00590 0.95592 0.03818 0.00000 ( 9)  0.145
 350 R   0.00000 0.00000 0.00000 0.00000 0.00000 0.00000 0.00005 0.04766 0.94995 0.00234 0.00000 ( 9)  0.137
 351 F   0.29597 0.28759 0.23996 0.13631 0.03721 0.00294 0.00003 0.00000 0.00000 0.00000 0.00000 ( 1)  0.001
 352 P   0.25408 0.25011 0.22646 0.16606 0.08144 0.02020 0.00164 0.00002 0.00000 0.00000 0.00000 ( 1)  0.002
 353 S   0.00000 0.00000 0.00000 0.00000 0.00000 0.00000 0.00000 0.00000 0.04001 0.95999 0.00000 (10)  0.288
 354 L   0.24680 0.24335 0.22273 0.16892 0.08952 0.02585 0.00277 0.00005 0.00000 0.00000 0.00000 ( 1)  0.002
 355 A   0.00000 0.00000 0.00000 0.00000 0.00000 0.00013 0.03778 0.70890 0.25318 0.00000 0.00000 ( 8)  0.090
 356 C   0.26831 0.26312 0.23264 0.15835 0.06545 0.01161 0.00051 0.00000 0.00000 0.00000 0.00000 ( 1)  0.002
 357 Q   0.00000 0.00000 0.00000 0.00000 0.00000 0.00000 0.00000 0.00093 0.56196 0.43711 0.00000 ( 9)  0.207
 358 P   0.00000 0.00000 0.00000 0.00000 0.00000 0.00000 0.00000 0.00000 0.00332 0.99668 0.00000 (10)  0.294
 359 S   0.00000 0.00000 0.00000 0.00000 0.00000 0.00000 0.00000 0.00134 0.74117 0.25749 0.00000 ( 9)  0.179
 360 P   0.00000 0.00000 0.00000 0.00000 0.00000 0.00000 0.00000 0.00275 0.92971 0.06754 0.00000 ( 9)  0.150
 361 E   0.00000 0.00000 0.00000 0.00000 0.00000 0.00000 0.00022 0.20874 0.79103 0.00001 0.00000 ( 9)  0.126
 362 E   0.00000 0.00000 0.00000 0.00000 0.00000 0.00000 0.00062 0.22848 0.77087 0.00003 0.00000 ( 9)  0.125
 363 T   0.00000 0.00000 0.00000 0.00000 0.00000 0.00000 0.00000 0.00000 0.00000 1.00000 0.00000 (10)  0.295
 364 G   0.00000 0.00000 0.00000 0.00000 0.00000 0.00000 0.00001 0.02473 0.97444 0.00082 0.00000 ( 9)  0.138
 365 S   0.26755 0.26243 0.23233 0.15881 0.06630 0.01201 0.00056 0.00000 0.00000 0.00000 0.00000 ( 1)  0.002
 366 V   0.00000 0.00000 0.00000 0.00000 0.00000 0.00001 0.01332 0.67462 0.31204 0.00000 0.00000 ( 8)  0.094
 367 A   0.00000 0.00041 0.01869 0.16619 0.44648 0.32626 0.04161 0.00036 0.00000 0.00000 0.00000 ( 5)  0.013
 368 S   0.26484 0.25997 0.23125 0.16043 0.06933 0.01347 0.00071 0.00000 0.00000 0.00000 0.00000 ( 1)  0.002
 369 A   0.00000 0.00000 0.00000 0.00000 0.00000 0.00000 0.00003 0.05063 0.94874 0.00060 0.00000 ( 9)  0.136
 370 A   0.00000 0.00000 0.00000 0.00000 0.00000 0.00000 0.00000 0.00180 0.99515 0.00305 0.00000 ( 9)  0.140
 371 T   0.28407 0.27721 0.23760 0.14680 0.04860 0.00560 0.00011 0.00000 0.00000 0.00000 0.00000 ( 1)  0.001
 372 A   0.00000 0.00000 0.00000 0.00000 0.00040 0.06380 0.68998 0.24550 0.00032 0.00000 0.00000 ( 7)  0.047
 373 C   0.00000 0.00000 0.00000 0.00000 0.00000 0.00000 0.00000 0.01191 0.98738 0.00071 0.00000 ( 9)  0.139
 374 T   0.00000 0.00000 0.00000 0.00000 0.00000 0.00012 0.04638 0.80615 0.14735 0.00000 0.00000 ( 8)  0.083
 375 E   0.00000 0.00000 0.00000 0.00000 0.00000 0.00020 0.05034 0.76900 0.18046 0.00000 0.00000 ( 8)  0.085
 376 E   0.26726 0.26216 0.23223 0.15901 0.06663 0.01214 0.00057 0.00000 0.00000 0.00000 0.00000 ( 1)  0.002
 377 K   0.26186 0.25725 0.23003 0.16218 0.07268 0.01511 0.00089 0.00001 0.00000 0.00000 0.00000 ( 1)  0.002
 378 P   0.00000 0.00000 0.00058 0.02107 0.19119 0.48956 0.27937 0.01820 0.00002 0.00000 0.00000 ( 6)  0.024
 379 S   0.00000 0.00000 0.00000 0.00000 0.00003 0.01164 0.39544 0.58683 0.00607 0.00000 0.00000 ( 8)  0.061
 380 A   0.27136 0.26588 0.23375 0.15633 0.06208 0.01020 0.00040 0.00000 0.00000 0.00000 0.00000 ( 1)  0.002

Positively selected sites

	Prob(w>1)  mean w



lnL = -67175.403020

Bayes Empirical Bayes (BEB) probabilities for 11 classes (class) & postmean_w
(amino acids refer to 1st sequence: ColCroc|LWS3)

   1 M   1.00000 0.00000 0.00000 0.00000 0.00000 0.00000 0.00000 0.00000 0.00000 0.00000 0.00000 ( 1)  0.050 +-  0.000
   2 A   0.00000 0.04400 0.83098 0.12311 0.00190 0.00001 0.00000 0.00000 0.00000 0.00000 0.00000 ( 3)  0.258 +-  0.041
   3 T   0.00000 0.00000 0.03762 0.57918 0.34888 0.03332 0.00099 0.00001 0.00000 0.00000 0.00000 ( 4)  0.388 +-  0.062
   4 S   0.00000 0.27395 0.71713 0.00891 0.00001 0.00000 0.00000 0.00000 0.00000 0.00000 0.00000 ( 3)  0.223 +-  0.046
   5 M   0.00107 0.95528 0.04356 0.00008 0.00000 0.00000 0.00000 0.00000 0.00000 0.00000 0.00000 ( 2)  0.154 +-  0.021
   6 D   1.00000 0.00000 0.00000 0.00000 0.00000 0.00000 0.00000 0.00000 0.00000 0.00000 0.00000 ( 1)  0.050 +-  0.000
   7 P   0.67856 0.32117 0.00026 0.00000 0.00000 0.00000 0.00000 0.00000 0.00000 0.00000 0.00000 ( 1)  0.082 +-  0.047
   8 A   0.99995 0.00005 0.00000 0.00000 0.00000 0.00000 0.00000 0.00000 0.00000 0.00000 0.00000 ( 1)  0.050 +-  0.001
   9 P   0.99999 0.00001 0.00000 0.00000 0.00000 0.00000 0.00000 0.00000 0.00000 0.00000 0.00000 ( 1)  0.050 +-  0.000
  10 G   1.00000 0.00000 0.00000 0.00000 0.00000 0.00000 0.00000 0.00000 0.00000 0.00000 0.00000 ( 1)  0.050 +-  0.000
  11 V   0.00000 0.00002 0.17730 0.73136 0.08975 0.00156 0.00001 0.00000 0.00000 0.00000 0.00000 ( 4)  0.342 +-  0.052
  12 A   1.00000 0.00000 0.00000 0.00000 0.00000 0.00000 0.00000 0.00000 0.00000 0.00000 0.00000 ( 1)  0.050 +-  0.000
  13 A   1.00000 0.00000 0.00000 0.00000 0.00000 0.00000 0.00000 0.00000 0.00000 0.00000 0.00000 ( 1)  0.050 +-  0.000
  14 M   0.78985 0.20964 0.00051 0.00000 0.00000 0.00000 0.00000 0.00000 0.00000 0.00000 0.00000 ( 1)  0.071 +-  0.041
  15 Q   0.99573 0.00426 0.00001 0.00000 0.00000 0.00000 0.00000 0.00000 0.00000 0.00000 0.00000 ( 1)  0.050 +-  0.007
  16 T   0.87083 0.12898 0.00019 0.00000 0.00000 0.00000 0.00000 0.00000 0.00000 0.00000 0.00000 ( 1)  0.063 +-  0.034
  17 W   0.99985 0.00015 0.00000 0.00000 0.00000 0.00000 0.00000 0.00000 0.00000 0.00000 0.00000 ( 1)  0.050 +-  0.001
  18 G   1.00000 0.00000 0.00000 0.00000 0.00000 0.00000 0.00000 0.00000 0.00000 0.00000 0.00000 ( 1)  0.050 +-  0.000
  19 G   0.99465 0.00535 0.00000 0.00000 0.00000 0.00000 0.00000 0.00000 0.00000 0.00000 0.00000 ( 1)  0.051 +-  0.007
  20 H   0.03377 0.90461 0.06116 0.00046 0.00000 0.00000 0.00000 0.00000 0.00000 0.00000 0.00000 ( 2)  0.153 +-  0.031
  21 A   0.24450 0.75467 0.00082 0.00000 0.00000 0.00000 0.00000 0.00000 0.00000 0.00000 0.00000 ( 2)  0.126 +-  0.043
  22 E   0.98326 0.01674 0.00000 0.00000 0.00000 0.00000 0.00000 0.00000 0.00000 0.00000 0.00000 ( 1)  0.052 +-  0.013
  23 A   1.00000 0.00000 0.00000 0.00000 0.00000 0.00000 0.00000 0.00000 0.00000 0.00000 0.00000 ( 1)  0.050 +-  0.000
  24 Y   0.87595 0.12400 0.00005 0.00000 0.00000 0.00000 0.00000 0.00000 0.00000 0.00000 0.00000 ( 1)  0.062 +-  0.033
  25 S   0.99999 0.00001 0.00000 0.00000 0.00000 0.00000 0.00000 0.00000 0.00000 0.00000 0.00000 ( 1)  0.050 +-  0.000
  26 A   0.00716 0.98852 0.00431 0.00000 0.00000 0.00000 0.00000 0.00000 0.00000 0.00000 0.00000 ( 2)  0.150 +-  0.011
  27 N   1.00000 0.00000 0.00000 0.00000 0.00000 0.00000 0.00000 0.00000 0.00000 0.00000 0.00000 ( 1)  0.050 +-  0.000
  28 Q   0.00018 0.68774 0.30629 0.00578 0.00002 0.00000 0.00000 0.00000 0.00000 0.00000 0.00000 ( 2)  0.182 +-  0.048
  29 T   1.00000 0.00000 0.00000 0.00000 0.00000 0.00000 0.00000 0.00000 0.00000 0.00000 0.00000 ( 1)  0.050 +-  0.000
  30 V   1.00000 0.00000 0.00000 0.00000 0.00000 0.00000 0.00000 0.00000 0.00000 0.00000 0.00000 ( 1)  0.050 +-  0.000
  31 V   1.00000 0.00000 0.00000 0.00000 0.00000 0.00000 0.00000 0.00000 0.00000 0.00000 0.00000 ( 1)  0.050 +-  0.000
  32 D   1.00000 0.00000 0.00000 0.00000 0.00000 0.00000 0.00000 0.00000 0.00000 0.00000 0.00000 ( 1)  0.050 +-  0.000
  33 K   0.99976 0.00024 0.00000 0.00000 0.00000 0.00000 0.00000 0.00000 0.00000 0.00000 0.00000 ( 1)  0.050 +-  0.002
  34 V   1.00000 0.00000 0.00000 0.00000 0.00000 0.00000 0.00000 0.00000 0.00000 0.00000 0.00000 ( 1)  0.050 +-  0.000
  35 L   0.00000 0.00951 0.64664 0.32740 0.01624 0.00021 0.00000 0.00000 0.00000 0.00000 0.00000 ( 3)  0.285 +-  0.053
  36 P   0.99989 0.00011 0.00000 0.00000 0.00000 0.00000 0.00000 0.00000 0.00000 0.00000 0.00000 ( 1)  0.050 +-  0.001
  37 E   0.00004 0.93332 0.06654 0.00009 0.00000 0.00000 0.00000 0.00000 0.00000 0.00000 0.00000 ( 2)  0.157 +-  0.025
  38 M   0.99983 0.00017 0.00000 0.00000 0.00000 0.00000 0.00000 0.00000 0.00000 0.00000 0.00000 ( 1)  0.050 +-  0.001
  39 L   0.47664 0.52021 0.00314 0.00000 0.00000 0.00000 0.00000 0.00000 0.00000 0.00000 0.00000 ( 2)  0.103 +-  0.051
  40 H   1.00000 0.00000 0.00000 0.00000 0.00000 0.00000 0.00000 0.00000 0.00000 0.00000 0.00000 ( 1)  0.050 +-  0.000
  41 L   1.00000 0.00000 0.00000 0.00000 0.00000 0.00000 0.00000 0.00000 0.00000 0.00000 0.00000 ( 1)  0.050 +-  0.000
  42 I   0.00259 0.99496 0.00246 0.00000 0.00000 0.00000 0.00000 0.00000 0.00000 0.00000 0.00000 ( 2)  0.150 +-  0.007
  43 D   1.00000 0.00000 0.00000 0.00000 0.00000 0.00000 0.00000 0.00000 0.00000 0.00000 0.00000 ( 1)  0.050 +-  0.000
  44 A   0.99984 0.00016 0.00000 0.00000 0.00000 0.00000 0.00000 0.00000 0.00000 0.00000 0.00000 ( 1)  0.050 +-  0.001
  45 H   0.54239 0.45729 0.00033 0.00000 0.00000 0.00000 0.00000 0.00000 0.00000 0.00000 0.00000 ( 1)  0.096 +-  0.050
  46 W   1.00000 0.00000 0.00000 0.00000 0.00000 0.00000 0.00000 0.00000 0.00000 0.00000 0.00000 ( 1)  0.050 +-  0.000
  47 Y   1.00000 0.00000 0.00000 0.00000 0.00000 0.00000 0.00000 0.00000 0.00000 0.00000 0.00000 ( 1)  0.050 +-  0.000
  48 Q   0.99999 0.00001 0.00000 0.00000 0.00000 0.00000 0.00000 0.00000 0.00000 0.00000 0.00000 ( 1)  0.050 +-  0.000
  49 F   1.00000 0.00000 0.00000 0.00000 0.00000 0.00000 0.00000 0.00000 0.00000 0.00000 0.00000 ( 1)  0.050 +-  0.000
  50 P   1.00000 0.00000 0.00000 0.00000 0.00000 0.00000 0.00000 0.00000 0.00000 0.00000 0.00000 ( 1)  0.050 +-  0.000
  51 P   1.00000 0.00000 0.00000 0.00000 0.00000 0.00000 0.00000 0.00000 0.00000 0.00000 0.00000 ( 1)  0.050 +-  0.000
  52 M   1.00000 0.00000 0.00000 0.00000 0.00000 0.00000 0.00000 0.00000 0.00000 0.00000 0.00000 ( 1)  0.050 +-  0.000
  53 N   1.00000 0.00000 0.00000 0.00000 0.00000 0.00000 0.00000 0.00000 0.00000 0.00000 0.00000 ( 1)  0.050 +-  0.000
  54 P   1.00000 0.00000 0.00000 0.00000 0.00000 0.00000 0.00000 0.00000 0.00000 0.00000 0.00000 ( 1)  0.050 +-  0.000
  55 L   0.99985 0.00015 0.00000 0.00000 0.00000 0.00000 0.00000 0.00000 0.00000 0.00000 0.00000 ( 1)  0.050 +-  0.001
  56 W   1.00000 0.00000 0.00000 0.00000 0.00000 0.00000 0.00000 0.00000 0.00000 0.00000 0.00000 ( 1)  0.050 +-  0.000
  57 Y   1.00000 0.00000 0.00000 0.00000 0.00000 0.00000 0.00000 0.00000 0.00000 0.00000 0.00000 ( 1)  0.050 +-  0.000
  58 G   0.76064 0.23819 0.00117 0.00000 0.00000 0.00000 0.00000 0.00000 0.00000 0.00000 0.00000 ( 1)  0.074 +-  0.043
  59 L   0.99996 0.00004 0.00000 0.00000 0.00000 0.00000 0.00000 0.00000 0.00000 0.00000 0.00000 ( 1)  0.050 +-  0.001
  60 L   1.00000 0.00000 0.00000 0.00000 0.00000 0.00000 0.00000 0.00000 0.00000 0.00000 0.00000 ( 1)  0.050 +-  0.000
  61 G   1.00000 0.00000 0.00000 0.00000 0.00000 0.00000 0.00000 0.00000 0.00000 0.00000 0.00000 ( 1)  0.050 +-  0.000
  62 F   1.00000 0.00000 0.00000 0.00000 0.00000 0.00000 0.00000 0.00000 0.00000 0.00000 0.00000 ( 1)  0.050 +-  0.000
  63 T   0.00004 0.88923 0.11044 0.00029 0.00000 0.00000 0.00000 0.00000 0.00000 0.00000 0.00000 ( 2)  0.161 +-  0.032
  64 I   1.00000 0.00000 0.00000 0.00000 0.00000 0.00000 0.00000 0.00000 0.00000 0.00000 0.00000 ( 1)  0.050 +-  0.000
  65 C   0.97554 0.02446 0.00000 0.00000 0.00000 0.00000 0.00000 0.00000 0.00000 0.00000 0.00000 ( 1)  0.052 +-  0.015
  66 I   0.00000 0.00000 0.02481 0.62323 0.33069 0.02089 0.00037 0.00000 0.00000 0.00000 0.00000 ( 4)  0.385 +-  0.057
  67 L   1.00000 0.00000 0.00000 0.00000 0.00000 0.00000 0.00000 0.00000 0.00000 0.00000 0.00000 ( 1)  0.050 +-  0.000
  68 A   0.99998 0.00002 0.00000 0.00000 0.00000 0.00000 0.00000 0.00000 0.00000 0.00000 0.00000 ( 1)  0.050 +-  0.000
  69 F   1.00000 0.00000 0.00000 0.00000 0.00000 0.00000 0.00000 0.00000 0.00000 0.00000 0.00000 ( 1)  0.050 +-  0.000
  70 I   0.00005 0.99296 0.00699 0.00000 0.00000 0.00000 0.00000 0.00000 0.00000 0.00000 0.00000 ( 2)  0.151 +-  0.008
  71 S   1.00000 0.00000 0.00000 0.00000 0.00000 0.00000 0.00000 0.00000 0.00000 0.00000 0.00000 ( 1)  0.050 +-  0.000
  72 V   0.98775 0.01225 0.00000 0.00000 0.00000 0.00000 0.00000 0.00000 0.00000 0.00000 0.00000 ( 1)  0.051 +-  0.011
  73 T   0.00000 0.45980 0.53154 0.00864 0.00002 0.00000 0.00000 0.00000 0.00000 0.00000 0.00000 ( 3)  0.205 +-  0.051
  74 G   1.00000 0.00000 0.00000 0.00000 0.00000 0.00000 0.00000 0.00000 0.00000 0.00000 0.00000 ( 1)  0.050 +-  0.000
  75 N   1.00000 0.00000 0.00000 0.00000 0.00000 0.00000 0.00000 0.00000 0.00000 0.00000 0.00000 ( 1)  0.050 +-  0.000
  76 G   0.99998 0.00002 0.00000 0.00000 0.00000 0.00000 0.00000 0.00000 0.00000 0.00000 0.00000 ( 1)  0.050 +-  0.000
  77 M   1.00000 0.00000 0.00000 0.00000 0.00000 0.00000 0.00000 0.00000 0.00000 0.00000 0.00000 ( 1)  0.050 +-  0.000
  78 V   1.00000 0.00000 0.00000 0.00000 0.00000 0.00000 0.00000 0.00000 0.00000 0.00000 0.00000 ( 1)  0.050 +-  0.000
  79 I   0.71762 0.28237 0.00001 0.00000 0.00000 0.00000 0.00000 0.00000 0.00000 0.00000 0.00000 ( 1)  0.078 +-  0.045
  80 Y   0.99999 0.00001 0.00000 0.00000 0.00000 0.00000 0.00000 0.00000 0.00000 0.00000 0.00000 ( 1)  0.050 +-  0.000
  81 I   1.00000 0.00000 0.00000 0.00000 0.00000 0.00000 0.00000 0.00000 0.00000 0.00000 0.00000 ( 1)  0.050 +-  0.000
  82 F   1.00000 0.00000 0.00000 0.00000 0.00000 0.00000 0.00000 0.00000 0.00000 0.00000 0.00000 ( 1)  0.050 +-  0.000
  83 S   0.00078 0.97892 0.02029 0.00001 0.00000 0.00000 0.00000 0.00000 0.00000 0.00000 0.00000 ( 2)  0.152 +-  0.014
  84 T   0.00000 0.04321 0.81416 0.13991 0.00271 0.00002 0.00000 0.00000 0.00000 0.00000 0.00000 ( 3)  0.260 +-  0.043
  85 T   1.00000 0.00000 0.00000 0.00000 0.00000 0.00000 0.00000 0.00000 0.00000 0.00000 0.00000 ( 1)  0.050 +-  0.000
  86 K   1.00000 0.00000 0.00000 0.00000 0.00000 0.00000 0.00000 0.00000 0.00000 0.00000 0.00000 ( 1)  0.050 +-  0.000
  87 S   0.00000 0.00001 0.08750 0.73737 0.17006 0.00502 0.00004 0.00000 0.00000 0.00000 0.00000 ( 4)  0.359 +-  0.052
  88 L   1.00000 0.00000 0.00000 0.00000 0.00000 0.00000 0.00000 0.00000 0.00000 0.00000 0.00000 ( 1)  0.050 +-  0.000
  89 K   1.00000 0.00000 0.00000 0.00000 0.00000 0.00000 0.00000 0.00000 0.00000 0.00000 0.00000 ( 1)  0.050 +-  0.000
  90 T   1.00000 0.00000 0.00000 0.00000 0.00000 0.00000 0.00000 0.00000 0.00000 0.00000 0.00000 ( 1)  0.050 +-  0.000
  91 P   1.00000 0.00000 0.00000 0.00000 0.00000 0.00000 0.00000 0.00000 0.00000 0.00000 0.00000 ( 1)  0.050 +-  0.000
  92 S   1.00000 0.00000 0.00000 0.00000 0.00000 0.00000 0.00000 0.00000 0.00000 0.00000 0.00000 ( 1)  0.050 +-  0.000
  93 N   1.00000 0.00000 0.00000 0.00000 0.00000 0.00000 0.00000 0.00000 0.00000 0.00000 0.00000 ( 1)  0.050 +-  0.000
  94 L   1.00000 0.00000 0.00000 0.00000 0.00000 0.00000 0.00000 0.00000 0.00000 0.00000 0.00000 ( 1)  0.050 +-  0.000
  95 L   0.99999 0.00001 0.00000 0.00000 0.00000 0.00000 0.00000 0.00000 0.00000 0.00000 0.00000 ( 1)  0.050 +-  0.000
  96 V   1.00000 0.00000 0.00000 0.00000 0.00000 0.00000 0.00000 0.00000 0.00000 0.00000 0.00000 ( 1)  0.050 +-  0.000
  97 V   0.99999 0.00001 0.00000 0.00000 0.00000 0.00000 0.00000 0.00000 0.00000 0.00000 0.00000 ( 1)  0.050 +-  0.000
  98 N   1.00000 0.00000 0.00000 0.00000 0.00000 0.00000 0.00000 0.00000 0.00000 0.00000 0.00000 ( 1)  0.050 +-  0.000
  99 L   1.00000 0.00000 0.00000 0.00000 0.00000 0.00000 0.00000 0.00000 0.00000 0.00000 0.00000 ( 1)  0.050 +-  0.000
 100 A   1.00000 0.00000 0.00000 0.00000 0.00000 0.00000 0.00000 0.00000 0.00000 0.00000 0.00000 ( 1)  0.050 +-  0.000
 101 F   1.00000 0.00000 0.00000 0.00000 0.00000 0.00000 0.00000 0.00000 0.00000 0.00000 0.00000 ( 1)  0.050 +-  0.000
 102 S   1.00000 0.00000 0.00000 0.00000 0.00000 0.00000 0.00000 0.00000 0.00000 0.00000 0.00000 ( 1)  0.050 +-  0.000
 103 D   1.00000 0.00000 0.00000 0.00000 0.00000 0.00000 0.00000 0.00000 0.00000 0.00000 0.00000 ( 1)  0.050 +-  0.000
 104 F   1.00000 0.00000 0.00000 0.00000 0.00000 0.00000 0.00000 0.00000 0.00000 0.00000 0.00000 ( 1)  0.050 +-  0.000
 105 L   0.99688 0.00312 0.00000 0.00000 0.00000 0.00000 0.00000 0.00000 0.00000 0.00000 0.00000 ( 1)  0.050 +-  0.006
 106 M   1.00000 0.00000 0.00000 0.00000 0.00000 0.00000 0.00000 0.00000 0.00000 0.00000 0.00000 ( 1)  0.050 +-  0.000
 107 M   1.00000 0.00000 0.00000 0.00000 0.00000 0.00000 0.00000 0.00000 0.00000 0.00000 0.00000 ( 1)  0.050 +-  0.000
 108 A   0.00000 0.05327 0.87267 0.07353 0.00053 0.00000 0.00000 0.00000 0.00000 0.00000 0.00000 ( 3)  0.252 +-  0.036
 109 M   0.00000 0.00000 0.00000 0.00004 0.01631 0.25402 0.48311 0.21406 0.03110 0.00137 0.00000 ( 7)  0.649 +-  0.082
 110 M   1.00000 0.00000 0.00000 0.00000 0.00000 0.00000 0.00000 0.00000 0.00000 0.00000 0.00000 ( 1)  0.050 +-  0.000
 111 A   0.69032 0.30894 0.00073 0.00000 0.00000 0.00000 0.00000 0.00000 0.00000 0.00000 0.00000 ( 1)  0.081 +-  0.046
 112 P   0.97902 0.02096 0.00001 0.00000 0.00000 0.00000 0.00000 0.00000 0.00000 0.00000 0.00000 ( 1)  0.052 +-  0.014
 113 P   0.00000 0.01226 0.76429 0.21841 0.00502 0.00003 0.00000 0.00000 0.00000 0.00000 0.00000 ( 3)  0.272 +-  0.045
 114 L   1.00000 0.00000 0.00000 0.00000 0.00000 0.00000 0.00000 0.00000 0.00000 0.00000 0.00000 ( 1)  0.050 +-  0.000
 115 C   0.99993 0.00007 0.00000 0.00000 0.00000 0.00000 0.00000 0.00000 0.00000 0.00000 0.00000 ( 1)  0.050 +-  0.001
 116 I   0.00000 0.35752 0.63188 0.01058 0.00002 0.00000 0.00000 0.00000 0.00000 0.00000 0.00000 ( 3)  0.215 +-  0.050
 117 N   0.99999 0.00001 0.00000 0.00000 0.00000 0.00000 0.00000 0.00000 0.00000 0.00000 0.00000 ( 1)  0.050 +-  0.000
 118 S   0.99994 0.00006 0.00000 0.00000 0.00000 0.00000 0.00000 0.00000 0.00000 0.00000 0.00000 ( 1)  0.050 +-  0.001
 119 Y   0.99998 0.00002 0.00000 0.00000 0.00000 0.00000 0.00000 0.00000 0.00000 0.00000 0.00000 ( 1)  0.050 +-  0.000
 120 Y   0.00032 0.98442 0.01526 0.00000 0.00000 0.00000 0.00000 0.00000 0.00000 0.00000 0.00000 ( 2)  0.151 +-  0.012
 121 Q   1.00000 0.00000 0.00000 0.00000 0.00000 0.00000 0.00000 0.00000 0.00000 0.00000 0.00000 ( 1)  0.050 +-  0.000
 122 T   1.00000 0.00000 0.00000 0.00000 0.00000 0.00000 0.00000 0.00000 0.00000 0.00000 0.00000 ( 1)  0.050 +-  0.000
 123 W   1.00000 0.00000 0.00000 0.00000 0.00000 0.00000 0.00000 0.00000 0.00000 0.00000 0.00000 ( 1)  0.050 +-  0.000
 124 V   0.55043 0.44840 0.00117 0.00000 0.00000 0.00000 0.00000 0.00000 0.00000 0.00000 0.00000 ( 1)  0.095 +-  0.050
 125 F   0.99795 0.00205 0.00000 0.00000 0.00000 0.00000 0.00000 0.00000 0.00000 0.00000 0.00000 ( 1)  0.050 +-  0.005
 126 G   1.00000 0.00000 0.00000 0.00000 0.00000 0.00000 0.00000 0.00000 0.00000 0.00000 0.00000 ( 1)  0.050 +-  0.000
 127 P   0.00000 0.24088 0.71380 0.04486 0.00046 0.00000 0.00000 0.00000 0.00000 0.00000 0.00000 ( 3)  0.230 +-  0.050
 128 V   0.00010 0.85542 0.14369 0.00079 0.00000 0.00000 0.00000 0.00000 0.00000 0.00000 0.00000 ( 2)  0.165 +-  0.035
 129 A   1.00000 0.00000 0.00000 0.00000 0.00000 0.00000 0.00000 0.00000 0.00000 0.00000 0.00000 ( 1)  0.050 +-  0.000
 130 C   1.00000 0.00000 0.00000 0.00000 0.00000 0.00000 0.00000 0.00000 0.00000 0.00000 0.00000 ( 1)  0.050 +-  0.000
 131 Q   0.99997 0.00003 0.00000 0.00000 0.00000 0.00000 0.00000 0.00000 0.00000 0.00000 0.00000 ( 1)  0.050 +-  0.001
 132 F   0.00042 0.89543 0.10362 0.00052 0.00000 0.00000 0.00000 0.00000 0.00000 0.00000 0.00000 ( 2)  0.160 +-  0.031
 133 Y   1.00000 0.00000 0.00000 0.00000 0.00000 0.00000 0.00000 0.00000 0.00000 0.00000 0.00000 ( 1)  0.050 +-  0.000
 134 A   1.00000 0.00000 0.00000 0.00000 0.00000 0.00000 0.00000 0.00000 0.00000 0.00000 0.00000 ( 1)  0.050 +-  0.000
 135 C   1.00000 0.00000 0.00000 0.00000 0.00000 0.00000 0.00000 0.00000 0.00000 0.00000 0.00000 ( 1)  0.050 +-  0.000
 136 F   0.00000 0.02771 0.86061 0.11056 0.00112 0.00000 0.00000 0.00000 0.00000 0.00000 0.00000 ( 3)  0.259 +-  0.037
 137 G   1.00000 0.00000 0.00000 0.00000 0.00000 0.00000 0.00000 0.00000 0.00000 0.00000 0.00000 ( 1)  0.050 +-  0.000
 138 S   1.00000 0.00000 0.00000 0.00000 0.00000 0.00000 0.00000 0.00000 0.00000 0.00000 0.00000 ( 1)  0.050 +-  0.000
 139 L   0.99998 0.00002 0.00000 0.00000 0.00000 0.00000 0.00000 0.00000 0.00000 0.00000 0.00000 ( 1)  0.050 +-  0.000
 140 F   1.00000 0.00000 0.00000 0.00000 0.00000 0.00000 0.00000 0.00000 0.00000 0.00000 0.00000 ( 1)  0.050 +-  0.000
 141 G   1.00000 0.00000 0.00000 0.00000 0.00000 0.00000 0.00000 0.00000 0.00000 0.00000 0.00000 ( 1)  0.050 +-  0.000
 142 C   1.00000 0.00000 0.00000 0.00000 0.00000 0.00000 0.00000 0.00000 0.00000 0.00000 0.00000 ( 1)  0.050 +-  0.000
 143 V   0.00000 0.58723 0.40892 0.00384 0.00001 0.00000 0.00000 0.00000 0.00000 0.00000 0.00000 ( 2)  0.192 +-  0.050
 144 S   1.00000 0.00000 0.00000 0.00000 0.00000 0.00000 0.00000 0.00000 0.00000 0.00000 0.00000 ( 1)  0.050 +-  0.000
 145 I   1.00000 0.00000 0.00000 0.00000 0.00000 0.00000 0.00000 0.00000 0.00000 0.00000 0.00000 ( 1)  0.050 +-  0.000
 146 W   1.00000 0.00000 0.00000 0.00000 0.00000 0.00000 0.00000 0.00000 0.00000 0.00000 0.00000 ( 1)  0.050 +-  0.000
 147 T   0.99959 0.00041 0.00000 0.00000 0.00000 0.00000 0.00000 0.00000 0.00000 0.00000 0.00000 ( 1)  0.050 +-  0.002
 148 M   1.00000 0.00000 0.00000 0.00000 0.00000 0.00000 0.00000 0.00000 0.00000 0.00000 0.00000 ( 1)  0.050 +-  0.000
 149 T   1.00000 0.00000 0.00000 0.00000 0.00000 0.00000 0.00000 0.00000 0.00000 0.00000 0.00000 ( 1)  0.050 +-  0.000
 150 A   1.00000 0.00000 0.00000 0.00000 0.00000 0.00000 0.00000 0.00000 0.00000 0.00000 0.00000 ( 1)  0.050 +-  0.000
 151 I   1.00000 0.00000 0.00000 0.00000 0.00000 0.00000 0.00000 0.00000 0.00000 0.00000 0.00000 ( 1)  0.050 +-  0.000
 152 A   1.00000 0.00000 0.00000 0.00000 0.00000 0.00000 0.00000 0.00000 0.00000 0.00000 0.00000 ( 1)  0.050 +-  0.000
 153 F   1.00000 0.00000 0.00000 0.00000 0.00000 0.00000 0.00000 0.00000 0.00000 0.00000 0.00000 ( 1)  0.050 +-  0.000
 154 D   1.00000 0.00000 0.00000 0.00000 0.00000 0.00000 0.00000 0.00000 0.00000 0.00000 0.00000 ( 1)  0.050 +-  0.000
 155 R   0.99999 0.00001 0.00000 0.00000 0.00000 0.00000 0.00000 0.00000 0.00000 0.00000 0.00000 ( 1)  0.050 +-  0.000
 156 Y   1.00000 0.00000 0.00000 0.00000 0.00000 0.00000 0.00000 0.00000 0.00000 0.00000 0.00000 ( 1)  0.050 +-  0.000
 157 N   1.00000 0.00000 0.00000 0.00000 0.00000 0.00000 0.00000 0.00000 0.00000 0.00000 0.00000 ( 1)  0.050 +-  0.000
 158 V   1.00000 0.00000 0.00000 0.00000 0.00000 0.00000 0.00000 0.00000 0.00000 0.00000 0.00000 ( 1)  0.050 +-  0.000
 159 I   1.00000 0.00000 0.00000 0.00000 0.00000 0.00000 0.00000 0.00000 0.00000 0.00000 0.00000 ( 1)  0.050 +-  0.000
 160 V   1.00000 0.00000 0.00000 0.00000 0.00000 0.00000 0.00000 0.00000 0.00000 0.00000 0.00000 ( 1)  0.050 +-  0.000
 161 K   1.00000 0.00000 0.00000 0.00000 0.00000 0.00000 0.00000 0.00000 0.00000 0.00000 0.00000 ( 1)  0.050 +-  0.000
 162 G   1.00000 0.00000 0.00000 0.00000 0.00000 0.00000 0.00000 0.00000 0.00000 0.00000 0.00000 ( 1)  0.050 +-  0.000
 163 I   1.00000 0.00000 0.00000 0.00000 0.00000 0.00000 0.00000 0.00000 0.00000 0.00000 0.00000 ( 1)  0.050 +-  0.000
 164 A   1.00000 0.00000 0.00000 0.00000 0.00000 0.00000 0.00000 0.00000 0.00000 0.00000 0.00000 ( 1)  0.050 +-  0.000
 165 A   1.00000 0.00000 0.00000 0.00000 0.00000 0.00000 0.00000 0.00000 0.00000 0.00000 0.00000 ( 1)  0.050 +-  0.000
 166 K   1.00000 0.00000 0.00000 0.00000 0.00000 0.00000 0.00000 0.00000 0.00000 0.00000 0.00000 ( 1)  0.050 +-  0.000
 167 P   1.00000 0.00000 0.00000 0.00000 0.00000 0.00000 0.00000 0.00000 0.00000 0.00000 0.00000 ( 1)  0.050 +-  0.000
 168 L   1.00000 0.00000 0.00000 0.00000 0.00000 0.00000 0.00000 0.00000 0.00000 0.00000 0.00000 ( 1)  0.050 +-  0.000
 169 T   0.00237 0.99299 0.00463 0.00000 0.00000 0.00000 0.00000 0.00000 0.00000 0.00000 0.00000 ( 2)  0.150 +-  0.008
 170 V   0.86407 0.13592 0.00000 0.00000 0.00000 0.00000 0.00000 0.00000 0.00000 0.00000 0.00000 ( 1)  0.064 +-  0.034
 171 N   0.99999 0.00001 0.00000 0.00000 0.00000 0.00000 0.00000 0.00000 0.00000 0.00000 0.00000 ( 1)  0.050 +-  0.000
 172 G   0.99999 0.00001 0.00000 0.00000 0.00000 0.00000 0.00000 0.00000 0.00000 0.00000 0.00000 ( 1)  0.050 +-  0.000
 173 A   1.00000 0.00000 0.00000 0.00000 0.00000 0.00000 0.00000 0.00000 0.00000 0.00000 0.00000 ( 1)  0.050 +-  0.000
 174 L   0.99933 0.00067 0.00000 0.00000 0.00000 0.00000 0.00000 0.00000 0.00000 0.00000 0.00000 ( 1)  0.050 +-  0.003
 175 L   0.92631 0.07351 0.00018 0.00000 0.00000 0.00000 0.00000 0.00000 0.00000 0.00000 0.00000 ( 1)  0.057 +-  0.026
 176 Q   0.99996 0.00004 0.00000 0.00000 0.00000 0.00000 0.00000 0.00000 0.00000 0.00000 0.00000 ( 1)  0.050 +-  0.001
 177 I   1.00000 0.00000 0.00000 0.00000 0.00000 0.00000 0.00000 0.00000 0.00000 0.00000 0.00000 ( 1)  0.050 +-  0.000
 178 F   0.14246 0.85237 0.00517 0.00000 0.00000 0.00000 0.00000 0.00000 0.00000 0.00000 0.00000 ( 2)  0.136 +-  0.036
 179 G   0.99932 0.00068 0.00000 0.00000 0.00000 0.00000 0.00000 0.00000 0.00000 0.00000 0.00000 ( 1)  0.050 +-  0.003
 180 V   1.00000 0.00000 0.00000 0.00000 0.00000 0.00000 0.00000 0.00000 0.00000 0.00000 0.00000 ( 1)  0.050 +-  0.000
 181 W   1.00000 0.00000 0.00000 0.00000 0.00000 0.00000 0.00000 0.00000 0.00000 0.00000 0.00000 ( 1)  0.050 +-  0.000
 182 A   0.00000 0.00000 0.00000 0.00000 0.00000 0.00022 0.01559 0.17523 0.48250 0.31831 0.00814 ( 9)  0.866 +-  0.094
 183 F   1.00000 0.00000 0.00000 0.00000 0.00000 0.00000 0.00000 0.00000 0.00000 0.00000 0.00000 ( 1)  0.050 +-  0.000
 184 S   0.14607 0.83964 0.01426 0.00003 0.00000 0.00000 0.00000 0.00000 0.00000 0.00000 0.00000 ( 2)  0.137 +-  0.038
 185 L   0.96403 0.03594 0.00002 0.00000 0.00000 0.00000 0.00000 0.00000 0.00000 0.00000 0.00000 ( 1)  0.054 +-  0.019
 186 A   0.00000 0.07854 0.84543 0.07529 0.00073 0.00000 0.00000 0.00000 0.00000 0.00000 0.00000 ( 3)  0.250 +-  0.040
 187 W   1.00000 0.00000 0.00000 0.00000 0.00000 0.00000 0.00000 0.00000 0.00000 0.00000 0.00000 ( 1)  0.050 +-  0.000
 188 T   1.00000 0.00000 0.00000 0.00000 0.00000 0.00000 0.00000 0.00000 0.00000 0.00000 0.00000 ( 1)  0.050 +-  0.000
 189 L   0.00000 0.58513 0.40833 0.00651 0.00002 0.00000 0.00000 0.00000 0.00000 0.00000 0.00000 ( 2)  0.192 +-  0.051
 190 A   1.00000 0.00000 0.00000 0.00000 0.00000 0.00000 0.00000 0.00000 0.00000 0.00000 0.00000 ( 1)  0.050 +-  0.000
 191 P   1.00000 0.00000 0.00000 0.00000 0.00000 0.00000 0.00000 0.00000 0.00000 0.00000 0.00000 ( 1)  0.050 +-  0.000
 192 I   0.99722 0.00278 0.00000 0.00000 0.00000 0.00000 0.00000 0.00000 0.00000 0.00000 0.00000 ( 1)  0.050 +-  0.005
 193 F   1.00000 0.00000 0.00000 0.00000 0.00000 0.00000 0.00000 0.00000 0.00000 0.00000 0.00000 ( 1)  0.050 +-  0.000
 194 G   1.00000 0.00000 0.00000 0.00000 0.00000 0.00000 0.00000 0.00000 0.00000 0.00000 0.00000 ( 1)  0.050 +-  0.000
 195 W   1.00000 0.00000 0.00000 0.00000 0.00000 0.00000 0.00000 0.00000 0.00000 0.00000 0.00000 ( 1)  0.050 +-  0.000
 196 S   1.00000 0.00000 0.00000 0.00000 0.00000 0.00000 0.00000 0.00000 0.00000 0.00000 0.00000 ( 1)  0.050 +-  0.000
 197 R   0.99976 0.00024 0.00000 0.00000 0.00000 0.00000 0.00000 0.00000 0.00000 0.00000 0.00000 ( 1)  0.050 +-  0.002
 198 Y   1.00000 0.00000 0.00000 0.00000 0.00000 0.00000 0.00000 0.00000 0.00000 0.00000 0.00000 ( 1)  0.050 +-  0.000
 199 V   1.00000 0.00000 0.00000 0.00000 0.00000 0.00000 0.00000 0.00000 0.00000 0.00000 0.00000 ( 1)  0.050 +-  0.000
 200 P   1.00000 0.00000 0.00000 0.00000 0.00000 0.00000 0.00000 0.00000 0.00000 0.00000 0.00000 ( 1)  0.050 +-  0.000
 201 E   1.00000 0.00000 0.00000 0.00000 0.00000 0.00000 0.00000 0.00000 0.00000 0.00000 0.00000 ( 1)  0.050 +-  0.000
 202 G   1.00000 0.00000 0.00000 0.00000 0.00000 0.00000 0.00000 0.00000 0.00000 0.00000 0.00000 ( 1)  0.050 +-  0.000
 203 N   1.00000 0.00000 0.00000 0.00000 0.00000 0.00000 0.00000 0.00000 0.00000 0.00000 0.00000 ( 1)  0.050 +-  0.000
 204 M   1.00000 0.00000 0.00000 0.00000 0.00000 0.00000 0.00000 0.00000 0.00000 0.00000 0.00000 ( 1)  0.050 +-  0.000
 205 T   1.00000 0.00000 0.00000 0.00000 0.00000 0.00000 0.00000 0.00000 0.00000 0.00000 0.00000 ( 1)  0.050 +-  0.000
 206 A   1.00000 0.00000 0.00000 0.00000 0.00000 0.00000 0.00000 0.00000 0.00000 0.00000 0.00000 ( 1)  0.050 +-  0.000
 207 C   1.00000 0.00000 0.00000 0.00000 0.00000 0.00000 0.00000 0.00000 0.00000 0.00000 0.00000 ( 1)  0.050 +-  0.000
 208 G   1.00000 0.00000 0.00000 0.00000 0.00000 0.00000 0.00000 0.00000 0.00000 0.00000 0.00000 ( 1)  0.050 +-  0.000
 209 T   1.00000 0.00000 0.00000 0.00000 0.00000 0.00000 0.00000 0.00000 0.00000 0.00000 0.00000 ( 1)  0.050 +-  0.000
 210 D   1.00000 0.00000 0.00000 0.00000 0.00000 0.00000 0.00000 0.00000 0.00000 0.00000 0.00000 ( 1)  0.050 +-  0.000
 211 Y   1.00000 0.00000 0.00000 0.00000 0.00000 0.00000 0.00000 0.00000 0.00000 0.00000 0.00000 ( 1)  0.050 +-  0.000
 212 L   0.99999 0.00001 0.00000 0.00000 0.00000 0.00000 0.00000 0.00000 0.00000 0.00000 0.00000 ( 1)  0.050 +-  0.000
 213 S   0.00000 0.00000 0.08794 0.80997 0.10099 0.00110 0.00000 0.00000 0.00000 0.00000 0.00000 ( 4)  0.352 +-  0.044
 214 K   1.00000 0.00000 0.00000 0.00000 0.00000 0.00000 0.00000 0.00000 0.00000 0.00000 0.00000 ( 1)  0.050 +-  0.000
 215 D   0.00011 0.97412 0.02575 0.00001 0.00000 0.00000 0.00000 0.00000 0.00000 0.00000 0.00000 ( 2)  0.153 +-  0.016
 216 L   0.99528 0.00472 0.00000 0.00000 0.00000 0.00000 0.00000 0.00000 0.00000 0.00000 0.00000 ( 1)  0.050 +-  0.007
 217 L   0.00000 0.00009 0.38120 0.59428 0.02429 0.00014 0.00000 0.00000 0.00000 0.00000 0.00000 ( 4)  0.314 +-  0.053
 218 S   1.00000 0.00000 0.00000 0.00000 0.00000 0.00000 0.00000 0.00000 0.00000 0.00000 0.00000 ( 1)  0.050 +-  0.000
 219 Q   0.99915 0.00085 0.00000 0.00000 0.00000 0.00000 0.00000 0.00000 0.00000 0.00000 0.00000 ( 1)  0.050 +-  0.003
 220 I   1.00000 0.00000 0.00000 0.00000 0.00000 0.00000 0.00000 0.00000 0.00000 0.00000 0.00000 ( 1)  0.050 +-  0.000
 221 Y   1.00000 0.00000 0.00000 0.00000 0.00000 0.00000 0.00000 0.00000 0.00000 0.00000 0.00000 ( 1)  0.050 +-  0.000
 222 I   1.00000 0.00000 0.00000 0.00000 0.00000 0.00000 0.00000 0.00000 0.00000 0.00000 0.00000 ( 1)  0.050 +-  0.000
 223 I   0.99788 0.00212 0.00000 0.00000 0.00000 0.00000 0.00000 0.00000 0.00000 0.00000 0.00000 ( 1)  0.050 +-  0.005
 224 T   0.00000 0.94378 0.05620 0.00002 0.00000 0.00000 0.00000 0.00000 0.00000 0.00000 0.00000 ( 2)  0.156 +-  0.023
 225 Y   1.00000 0.00000 0.00000 0.00000 0.00000 0.00000 0.00000 0.00000 0.00000 0.00000 0.00000 ( 1)  0.050 +-  0.000
 226 S   0.99980 0.00020 0.00000 0.00000 0.00000 0.00000 0.00000 0.00000 0.00000 0.00000 0.00000 ( 1)  0.050 +-  0.001
 227 I   0.99065 0.00935 0.00000 0.00000 0.00000 0.00000 0.00000 0.00000 0.00000 0.00000 0.00000 ( 1)  0.051 +-  0.010
 228 A   1.00000 0.00000 0.00000 0.00000 0.00000 0.00000 0.00000 0.00000 0.00000 0.00000 0.00000 ( 1)  0.050 +-  0.000
 229 C   0.00000 0.36620 0.62759 0.00620 0.00001 0.00000 0.00000 0.00000 0.00000 0.00000 0.00000 ( 3)  0.214 +-  0.049
 230 Y   1.00000 0.00000 0.00000 0.00000 0.00000 0.00000 0.00000 0.00000 0.00000 0.00000 0.00000 ( 1)  0.050 +-  0.000
 231 F   1.00000 0.00000 0.00000 0.00000 0.00000 0.00000 0.00000 0.00000 0.00000 0.00000 0.00000 ( 1)  0.050 +-  0.000
 232 L   0.00000 0.00000 0.17431 0.78761 0.03793 0.00015 0.00000 0.00000 0.00000 0.00000 0.00000 ( 4)  0.336 +-  0.044
 233 P   1.00000 0.00000 0.00000 0.00000 0.00000 0.00000 0.00000 0.00000 0.00000 0.00000 0.00000 ( 1)  0.050 +-  0.000
 234 L   1.00000 0.00000 0.00000 0.00000 0.00000 0.00000 0.00000 0.00000 0.00000 0.00000 0.00000 ( 1)  0.050 +-  0.000
 235 A   0.00001 0.69395 0.30320 0.00283 0.00000 0.00000 0.00000 0.00000 0.00000 0.00000 0.00000 ( 2)  0.181 +-  0.047
 236 L   1.00000 0.00000 0.00000 0.00000 0.00000 0.00000 0.00000 0.00000 0.00000 0.00000 0.00000 ( 1)  0.050 +-  0.000
 237 I   1.00000 0.00000 0.00000 0.00000 0.00000 0.00000 0.00000 0.00000 0.00000 0.00000 0.00000 ( 1)  0.050 +-  0.000
 238 V   1.00000 0.00000 0.00000 0.00000 0.00000 0.00000 0.00000 0.00000 0.00000 0.00000 0.00000 ( 1)  0.050 +-  0.000
 239 Y   1.00000 0.00000 0.00000 0.00000 0.00000 0.00000 0.00000 0.00000 0.00000 0.00000 0.00000 ( 1)  0.050 +-  0.000
 240 S   1.00000 0.00000 0.00000 0.00000 0.00000 0.00000 0.00000 0.00000 0.00000 0.00000 0.00000 ( 1)  0.050 +-  0.000
 241 Y   1.00000 0.00000 0.00000 0.00000 0.00000 0.00000 0.00000 0.00000 0.00000 0.00000 0.00000 ( 1)  0.050 +-  0.000
 242 F   0.99992 0.00008 0.00000 0.00000 0.00000 0.00000 0.00000 0.00000 0.00000 0.00000 0.00000 ( 1)  0.050 +-  0.001
 243 F   1.00000 0.00000 0.00000 0.00000 0.00000 0.00000 0.00000 0.00000 0.00000 0.00000 0.00000 ( 1)  0.050 +-  0.000
 244 I   1.00000 0.00000 0.00000 0.00000 0.00000 0.00000 0.00000 0.00000 0.00000 0.00000 0.00000 ( 1)  0.050 +-  0.000
 245 V   0.99989 0.00011 0.00000 0.00000 0.00000 0.00000 0.00000 0.00000 0.00000 0.00000 0.00000 ( 1)  0.050 +-  0.001
 246 Q   0.99992 0.00008 0.00000 0.00000 0.00000 0.00000 0.00000 0.00000 0.00000 0.00000 0.00000 ( 1)  0.050 +-  0.001
 247 A   1.00000 0.00000 0.00000 0.00000 0.00000 0.00000 0.00000 0.00000 0.00000 0.00000 0.00000 ( 1)  0.050 +-  0.000
 248 V   1.00000 0.00000 0.00000 0.00000 0.00000 0.00000 0.00000 0.00000 0.00000 0.00000 0.00000 ( 1)  0.050 +-  0.000
 249 A   0.91563 0.08424 0.00013 0.00000 0.00000 0.00000 0.00000 0.00000 0.00000 0.00000 0.00000 ( 1)  0.058 +-  0.028
 250 A   1.00000 0.00000 0.00000 0.00000 0.00000 0.00000 0.00000 0.00000 0.00000 0.00000 0.00000 ( 1)  0.050 +-  0.000
 251 H   1.00000 0.00000 0.00000 0.00000 0.00000 0.00000 0.00000 0.00000 0.00000 0.00000 0.00000 ( 1)  0.050 +-  0.000
 252 E   1.00000 0.00000 0.00000 0.00000 0.00000 0.00000 0.00000 0.00000 0.00000 0.00000 0.00000 ( 1)  0.050 +-  0.000
 253 K   0.11599 0.87835 0.00565 0.00000 0.00000 0.00000 0.00000 0.00000 0.00000 0.00000 0.00000 ( 2)  0.139 +-  0.033
 254 A   0.00000 0.24760 0.73012 0.02219 0.00009 0.00000 0.00000 0.00000 0.00000 0.00000 0.00000 ( 3)  0.227 +-  0.047
 255 M   1.00000 0.00000 0.00000 0.00000 0.00000 0.00000 0.00000 0.00000 0.00000 0.00000 0.00000 ( 1)  0.050 +-  0.000
 256 R   1.00000 0.00000 0.00000 0.00000 0.00000 0.00000 0.00000 0.00000 0.00000 0.00000 0.00000 ( 1)  0.050 +-  0.000
 257 E   1.00000 0.00000 0.00000 0.00000 0.00000 0.00000 0.00000 0.00000 0.00000 0.00000 0.00000 ( 1)  0.050 +-  0.000
 258 Q   0.99999 0.00001 0.00000 0.00000 0.00000 0.00000 0.00000 0.00000 0.00000 0.00000 0.00000 ( 1)  0.050 +-  0.000
 259 A   1.00000 0.00000 0.00000 0.00000 0.00000 0.00000 0.00000 0.00000 0.00000 0.00000 0.00000 ( 1)  0.050 +-  0.000
 260 K   1.00000 0.00000 0.00000 0.00000 0.00000 0.00000 0.00000 0.00000 0.00000 0.00000 0.00000 ( 1)  0.050 +-  0.000
 261 K   1.00000 0.00000 0.00000 0.00000 0.00000 0.00000 0.00000 0.00000 0.00000 0.00000 0.00000 ( 1)  0.050 +-  0.000
 262 M   1.00000 0.00000 0.00000 0.00000 0.00000 0.00000 0.00000 0.00000 0.00000 0.00000 0.00000 ( 1)  0.050 +-  0.000
 263 N   1.00000 0.00000 0.00000 0.00000 0.00000 0.00000 0.00000 0.00000 0.00000 0.00000 0.00000 ( 1)  0.050 +-  0.000
 264 V   1.00000 0.00000 0.00000 0.00000 0.00000 0.00000 0.00000 0.00000 0.00000 0.00000 0.00000 ( 1)  0.050 +-  0.000
 265 A   1.00000 0.00000 0.00000 0.00000 0.00000 0.00000 0.00000 0.00000 0.00000 0.00000 0.00000 ( 1)  0.050 +-  0.000
 266 S   1.00000 0.00000 0.00000 0.00000 0.00000 0.00000 0.00000 0.00000 0.00000 0.00000 0.00000 ( 1)  0.050 +-  0.000
 267 L   1.00000 0.00000 0.00000 0.00000 0.00000 0.00000 0.00000 0.00000 0.00000 0.00000 0.00000 ( 1)  0.050 +-  0.000
 268 R   1.00000 0.00000 0.00000 0.00000 0.00000 0.00000 0.00000 0.00000 0.00000 0.00000 0.00000 ( 1)  0.050 +-  0.000
 269 S   1.00000 0.00000 0.00000 0.00000 0.00000 0.00000 0.00000 0.00000 0.00000 0.00000 0.00000 ( 1)  0.050 +-  0.000
 270 S   0.97893 0.02106 0.00001 0.00000 0.00000 0.00000 0.00000 0.00000 0.00000 0.00000 0.00000 ( 1)  0.052 +-  0.014
 271 E   0.99978 0.00022 0.00000 0.00000 0.00000 0.00000 0.00000 0.00000 0.00000 0.00000 0.00000 ( 1)  0.050 +-  0.001
 272 Q   0.00065 0.92736 0.07176 0.00023 0.00000 0.00000 0.00000 0.00000 0.00000 0.00000 0.00000 ( 2)  0.157 +-  0.026
 273 A   0.99996 0.00004 0.00000 0.00000 0.00000 0.00000 0.00000 0.00000 0.00000 0.00000 0.00000 ( 1)  0.050 +-  0.001
 274 N   1.00000 0.00000 0.00000 0.00000 0.00000 0.00000 0.00000 0.00000 0.00000 0.00000 0.00000 ( 1)  0.050 +-  0.000
 275 T   1.00000 0.00000 0.00000 0.00000 0.00000 0.00000 0.00000 0.00000 0.00000 0.00000 0.00000 ( 1)  0.050 +-  0.000
 276 S   1.00000 0.00000 0.00000 0.00000 0.00000 0.00000 0.00000 0.00000 0.00000 0.00000 0.00000 ( 1)  0.050 +-  0.000
 277 A   1.00000 0.00000 0.00000 0.00000 0.00000 0.00000 0.00000 0.00000 0.00000 0.00000 0.00000 ( 1)  0.050 +-  0.000
 278 E   1.00000 0.00000 0.00000 0.00000 0.00000 0.00000 0.00000 0.00000 0.00000 0.00000 0.00000 ( 1)  0.050 +-  0.000
 279 C   1.00000 0.00000 0.00000 0.00000 0.00000 0.00000 0.00000 0.00000 0.00000 0.00000 0.00000 ( 1)  0.050 +-  0.000
 280 K   1.00000 0.00000 0.00000 0.00000 0.00000 0.00000 0.00000 0.00000 0.00000 0.00000 0.00000 ( 1)  0.050 +-  0.000
 281 L   1.00000 0.00000 0.00000 0.00000 0.00000 0.00000 0.00000 0.00000 0.00000 0.00000 0.00000 ( 1)  0.050 +-  0.000
 282 A   1.00000 0.00000 0.00000 0.00000 0.00000 0.00000 0.00000 0.00000 0.00000 0.00000 0.00000 ( 1)  0.050 +-  0.000
 283 K   1.00000 0.00000 0.00000 0.00000 0.00000 0.00000 0.00000 0.00000 0.00000 0.00000 0.00000 ( 1)  0.050 +-  0.000
 284 V   1.00000 0.00000 0.00000 0.00000 0.00000 0.00000 0.00000 0.00000 0.00000 0.00000 0.00000 ( 1)  0.050 +-  0.000
 285 A   1.00000 0.00000 0.00000 0.00000 0.00000 0.00000 0.00000 0.00000 0.00000 0.00000 0.00000 ( 1)  0.050 +-  0.000
 286 L   1.00000 0.00000 0.00000 0.00000 0.00000 0.00000 0.00000 0.00000 0.00000 0.00000 0.00000 ( 1)  0.050 +-  0.000
 287 M   1.00000 0.00000 0.00000 0.00000 0.00000 0.00000 0.00000 0.00000 0.00000 0.00000 0.00000 ( 1)  0.050 +-  0.000
 288 T   1.00000 0.00000 0.00000 0.00000 0.00000 0.00000 0.00000 0.00000 0.00000 0.00000 0.00000 ( 1)  0.050 +-  0.000
 289 I   1.00000 0.00000 0.00000 0.00000 0.00000 0.00000 0.00000 0.00000 0.00000 0.00000 0.00000 ( 1)  0.050 +-  0.000
 290 S   1.00000 0.00000 0.00000 0.00000 0.00000 0.00000 0.00000 0.00000 0.00000 0.00000 0.00000 ( 1)  0.050 +-  0.000
 291 L   1.00000 0.00000 0.00000 0.00000 0.00000 0.00000 0.00000 0.00000 0.00000 0.00000 0.00000 ( 1)  0.050 +-  0.000
 292 W   1.00000 0.00000 0.00000 0.00000 0.00000 0.00000 0.00000 0.00000 0.00000 0.00000 0.00000 ( 1)  0.050 +-  0.000
 293 F   1.00000 0.00000 0.00000 0.00000 0.00000 0.00000 0.00000 0.00000 0.00000 0.00000 0.00000 ( 1)  0.050 +-  0.000
 294 M   1.00000 0.00000 0.00000 0.00000 0.00000 0.00000 0.00000 0.00000 0.00000 0.00000 0.00000 ( 1)  0.050 +-  0.000
 295 A   1.00000 0.00000 0.00000 0.00000 0.00000 0.00000 0.00000 0.00000 0.00000 0.00000 0.00000 ( 1)  0.050 +-  0.000
 296 W   1.00000 0.00000 0.00000 0.00000 0.00000 0.00000 0.00000 0.00000 0.00000 0.00000 0.00000 ( 1)  0.050 +-  0.000
 297 T   1.00000 0.00000 0.00000 0.00000 0.00000 0.00000 0.00000 0.00000 0.00000 0.00000 0.00000 ( 1)  0.050 +-  0.000
 298 P   1.00000 0.00000 0.00000 0.00000 0.00000 0.00000 0.00000 0.00000 0.00000 0.00000 0.00000 ( 1)  0.050 +-  0.000
 299 Y   1.00000 0.00000 0.00000 0.00000 0.00000 0.00000 0.00000 0.00000 0.00000 0.00000 0.00000 ( 1)  0.050 +-  0.000
 300 L   1.00000 0.00000 0.00000 0.00000 0.00000 0.00000 0.00000 0.00000 0.00000 0.00000 0.00000 ( 1)  0.050 +-  0.000
 301 V   1.00000 0.00000 0.00000 0.00000 0.00000 0.00000 0.00000 0.00000 0.00000 0.00000 0.00000 ( 1)  0.050 +-  0.000
 302 I   1.00000 0.00000 0.00000 0.00000 0.00000 0.00000 0.00000 0.00000 0.00000 0.00000 0.00000 ( 1)  0.050 +-  0.000
 303 N   1.00000 0.00000 0.00000 0.00000 0.00000 0.00000 0.00000 0.00000 0.00000 0.00000 0.00000 ( 1)  0.050 +-  0.000
 304 F   0.93124 0.06874 0.00002 0.00000 0.00000 0.00000 0.00000 0.00000 0.00000 0.00000 0.00000 ( 1)  0.057 +-  0.025
 305 A   0.00826 0.98508 0.00666 0.00000 0.00000 0.00000 0.00000 0.00000 0.00000 0.00000 0.00000 ( 2)  0.150 +-  0.012
 306 G   1.00000 0.00000 0.00000 0.00000 0.00000 0.00000 0.00000 0.00000 0.00000 0.00000 0.00000 ( 1)  0.050 +-  0.000
 307 V   1.00000 0.00000 0.00000 0.00000 0.00000 0.00000 0.00000 0.00000 0.00000 0.00000 0.00000 ( 1)  0.050 +-  0.000
 308 F   1.00000 0.00000 0.00000 0.00000 0.00000 0.00000 0.00000 0.00000 0.00000 0.00000 0.00000 ( 1)  0.050 +-  0.000
 309 E   1.00000 0.00000 0.00000 0.00000 0.00000 0.00000 0.00000 0.00000 0.00000 0.00000 0.00000 ( 1)  0.050 +-  0.000
 310 T   0.99948 0.00052 0.00000 0.00000 0.00000 0.00000 0.00000 0.00000 0.00000 0.00000 0.00000 ( 1)  0.050 +-  0.002
 311 A   0.00000 0.18758 0.79429 0.01809 0.00004 0.00000 0.00000 0.00000 0.00000 0.00000 0.00000 ( 3)  0.233 +-  0.042
 312 P   0.00001 0.77822 0.22063 0.00113 0.00000 0.00000 0.00000 0.00000 0.00000 0.00000 0.00000 ( 2)  0.172 +-  0.042
 313 I   1.00000 0.00000 0.00000 0.00000 0.00000 0.00000 0.00000 0.00000 0.00000 0.00000 0.00000 ( 1)  0.050 +-  0.000
 314 S   0.81433 0.18564 0.00002 0.00000 0.00000 0.00000 0.00000 0.00000 0.00000 0.00000 0.00000 ( 1)  0.069 +-  0.039
 315 P   1.00000 0.00000 0.00000 0.00000 0.00000 0.00000 0.00000 0.00000 0.00000 0.00000 0.00000 ( 1)  0.050 +-  0.000
 316 L   1.00000 0.00000 0.00000 0.00000 0.00000 0.00000 0.00000 0.00000 0.00000 0.00000 0.00000 ( 1)  0.050 +-  0.000
 317 S   0.99980 0.00020 0.00000 0.00000 0.00000 0.00000 0.00000 0.00000 0.00000 0.00000 0.00000 ( 1)  0.050 +-  0.001
 318 T   1.00000 0.00000 0.00000 0.00000 0.00000 0.00000 0.00000 0.00000 0.00000 0.00000 0.00000 ( 1)  0.050 +-  0.000
 319 I   1.00000 0.00000 0.00000 0.00000 0.00000 0.00000 0.00000 0.00000 0.00000 0.00000 0.00000 ( 1)  0.050 +-  0.000
 320 W   1.00000 0.00000 0.00000 0.00000 0.00000 0.00000 0.00000 0.00000 0.00000 0.00000 0.00000 ( 1)  0.050 +-  0.000
 321 G   1.00000 0.00000 0.00000 0.00000 0.00000 0.00000 0.00000 0.00000 0.00000 0.00000 0.00000 ( 1)  0.050 +-  0.000
 322 S   1.00000 0.00000 0.00000 0.00000 0.00000 0.00000 0.00000 0.00000 0.00000 0.00000 0.00000 ( 1)  0.050 +-  0.000
 323 V   0.99990 0.00010 0.00000 0.00000 0.00000 0.00000 0.00000 0.00000 0.00000 0.00000 0.00000 ( 1)  0.050 +-  0.001
 324 F   1.00000 0.00000 0.00000 0.00000 0.00000 0.00000 0.00000 0.00000 0.00000 0.00000 0.00000 ( 1)  0.050 +-  0.000
 325 A   1.00000 0.00000 0.00000 0.00000 0.00000 0.00000 0.00000 0.00000 0.00000 0.00000 0.00000 ( 1)  0.050 +-  0.000
 326 K   1.00000 0.00000 0.00000 0.00000 0.00000 0.00000 0.00000 0.00000 0.00000 0.00000 0.00000 ( 1)  0.050 +-  0.000
 327 A   1.00000 0.00000 0.00000 0.00000 0.00000 0.00000 0.00000 0.00000 0.00000 0.00000 0.00000 ( 1)  0.050 +-  0.000
 328 N   1.00000 0.00000 0.00000 0.00000 0.00000 0.00000 0.00000 0.00000 0.00000 0.00000 0.00000 ( 1)  0.050 +-  0.000
 329 A   1.00000 0.00000 0.00000 0.00000 0.00000 0.00000 0.00000 0.00000 0.00000 0.00000 0.00000 ( 1)  0.050 +-  0.000
 330 V   1.00000 0.00000 0.00000 0.00000 0.00000 0.00000 0.00000 0.00000 0.00000 0.00000 0.00000 ( 1)  0.050 +-  0.000
 331 Y   1.00000 0.00000 0.00000 0.00000 0.00000 0.00000 0.00000 0.00000 0.00000 0.00000 0.00000 ( 1)  0.050 +-  0.000
 332 N   1.00000 0.00000 0.00000 0.00000 0.00000 0.00000 0.00000 0.00000 0.00000 0.00000 0.00000 ( 1)  0.050 +-  0.000
 333 P   1.00000 0.00000 0.00000 0.00000 0.00000 0.00000 0.00000 0.00000 0.00000 0.00000 0.00000 ( 1)  0.050 +-  0.000
 334 I   1.00000 0.00000 0.00000 0.00000 0.00000 0.00000 0.00000 0.00000 0.00000 0.00000 0.00000 ( 1)  0.050 +-  0.000
 335 V   1.00000 0.00000 0.00000 0.00000 0.00000 0.00000 0.00000 0.00000 0.00000 0.00000 0.00000 ( 1)  0.050 +-  0.000
 336 Y   1.00000 0.00000 0.00000 0.00000 0.00000 0.00000 0.00000 0.00000 0.00000 0.00000 0.00000 ( 1)  0.050 +-  0.000
 337 G   1.00000 0.00000 0.00000 0.00000 0.00000 0.00000 0.00000 0.00000 0.00000 0.00000 0.00000 ( 1)  0.050 +-  0.000
 338 I   1.00000 0.00000 0.00000 0.00000 0.00000 0.00000 0.00000 0.00000 0.00000 0.00000 0.00000 ( 1)  0.050 +-  0.000
 339 S   1.00000 0.00000 0.00000 0.00000 0.00000 0.00000 0.00000 0.00000 0.00000 0.00000 0.00000 ( 1)  0.050 +-  0.000
 340 H   1.00000 0.00000 0.00000 0.00000 0.00000 0.00000 0.00000 0.00000 0.00000 0.00000 0.00000 ( 1)  0.050 +-  0.000
 341 P   1.00000 0.00000 0.00000 0.00000 0.00000 0.00000 0.00000 0.00000 0.00000 0.00000 0.00000 ( 1)  0.050 +-  0.000
 342 K   1.00000 0.00000 0.00000 0.00000 0.00000 0.00000 0.00000 0.00000 0.00000 0.00000 0.00000 ( 1)  0.050 +-  0.000
 343 Y   1.00000 0.00000 0.00000 0.00000 0.00000 0.00000 0.00000 0.00000 0.00000 0.00000 0.00000 ( 1)  0.050 +-  0.000
 344 R   0.99974 0.00026 0.00000 0.00000 0.00000 0.00000 0.00000 0.00000 0.00000 0.00000 0.00000 ( 1)  0.050 +-  0.002
 345 A   0.99784 0.00216 0.00000 0.00000 0.00000 0.00000 0.00000 0.00000 0.00000 0.00000 0.00000 ( 1)  0.050 +-  0.005
 346 A   0.99979 0.00021 0.00000 0.00000 0.00000 0.00000 0.00000 0.00000 0.00000 0.00000 0.00000 ( 1)  0.050 +-  0.001
 347 L   1.00000 0.00000 0.00000 0.00000 0.00000 0.00000 0.00000 0.00000 0.00000 0.00000 0.00000 ( 1)  0.050 +-  0.000
 348 Y   1.00000 0.00000 0.00000 0.00000 0.00000 0.00000 0.00000 0.00000 0.00000 0.00000 0.00000 ( 1)  0.050 +-  0.000
 349 Q   0.00033 0.88910 0.11008 0.00049 0.00000 0.00000 0.00000 0.00000 0.00000 0.00000 0.00000 ( 2)  0.161 +-  0.032
 350 R   0.01355 0.96820 0.01823 0.00002 0.00000 0.00000 0.00000 0.00000 0.00000 0.00000 0.00000 ( 2)  0.150 +-  0.018
 351 F   1.00000 0.00000 0.00000 0.00000 0.00000 0.00000 0.00000 0.00000 0.00000 0.00000 0.00000 ( 1)  0.050 +-  0.000
 352 P   1.00000 0.00000 0.00000 0.00000 0.00000 0.00000 0.00000 0.00000 0.00000 0.00000 0.00000 ( 1)  0.050 +-  0.000
 353 S   0.00000 0.08712 0.83642 0.07567 0.00078 0.00000 0.00000 0.00000 0.00000 0.00000 0.00000 ( 3)  0.249 +-  0.041
 354 L   1.00000 0.00000 0.00000 0.00000 0.00000 0.00000 0.00000 0.00000 0.00000 0.00000 0.00000 ( 1)  0.050 +-  0.000
 355 A   0.93957 0.06039 0.00004 0.00000 0.00000 0.00000 0.00000 0.00000 0.00000 0.00000 0.00000 ( 1)  0.056 +-  0.024
 356 C   1.00000 0.00000 0.00000 0.00000 0.00000 0.00000 0.00000 0.00000 0.00000 0.00000 0.00000 ( 1)  0.050 +-  0.000
 357 Q   0.00003 0.53227 0.45485 0.01279 0.00007 0.00000 0.00000 0.00000 0.00000 0.00000 0.00000 ( 2)  0.198 +-  0.053
 358 P   0.00000 0.01420 0.79371 0.18852 0.00356 0.00002 0.00000 0.00000 0.00000 0.00000 0.00000 ( 3)  0.268 +-  0.043
 359 S   0.00003 0.65708 0.33755 0.00533 0.00002 0.00000 0.00000 0.00000 0.00000 0.00000 0.00000 ( 2)  0.185 +-  0.049
 360 P   0.00008 0.84240 0.15660 0.00093 0.00000 0.00000 0.00000 0.00000 0.00000 0.00000 0.00000 ( 2)  0.166 +-  0.037
 361 E   0.10886 0.89073 0.00041 0.00000 0.00000 0.00000 0.00000 0.00000 0.00000 0.00000 0.00000 ( 2)  0.139 +-  0.031
 362 E   0.17810 0.82084 0.00106 0.00000 0.00000 0.00000 0.00000 0.00000 0.00000 0.00000 0.00000 ( 2)  0.132 +-  0.038
 363 T   0.00000 0.00000 0.04080 0.73809 0.21494 0.00613 0.00004 0.00000 0.00000 0.00000 0.00000 ( 4)  0.369 +-  0.050
 364 G   0.00285 0.98696 0.01018 0.00000 0.00000 0.00000 0.00000 0.00000 0.00000 0.00000 0.00000 ( 2)  0.151 +-  0.011
 365 S   1.00000 0.00000 0.00000 0.00000 0.00000 0.00000 0.00000 0.00000 0.00000 0.00000 0.00000 ( 1)  0.050 +-  0.000
 366 V   0.87580 0.12416 0.00004 0.00000 0.00000 0.00000 0.00000 0.00000 0.00000 0.00000 0.00000 ( 1)  0.062 +-  0.033
 367 A   1.00000 0.00000 0.00000 0.00000 0.00000 0.00000 0.00000 0.00000 0.00000 0.00000 0.00000 ( 1)  0.050 +-  0.000
 368 S   1.00000 0.00000 0.00000 0.00000 0.00000 0.00000 0.00000 0.00000 0.00000 0.00000 0.00000 ( 1)  0.050 +-  0.000
 369 A   0.01166 0.98043 0.00790 0.00000 0.00000 0.00000 0.00000 0.00000 0.00000 0.00000 0.00000 ( 2)  0.150 +-  0.014
 370 A   0.00002 0.97243 0.02754 0.00001 0.00000 0.00000 0.00000 0.00000 0.00000 0.00000 0.00000 ( 2)  0.153 +-  0.016
 371 T   1.00000 0.00000 0.00000 0.00000 0.00000 0.00000 0.00000 0.00000 0.00000 0.00000 0.00000 ( 1)  0.050 +-  0.000
 372 A   0.99999 0.00001 0.00000 0.00000 0.00000 0.00000 0.00000 0.00000 0.00000 0.00000 0.00000 ( 1)  0.050 +-  0.000
 373 C   0.00061 0.98971 0.00968 0.00000 0.00000 0.00000 0.00000 0.00000 0.00000 0.00000 0.00000 ( 2)  0.151 +-  0.010
 374 T   0.97456 0.02544 0.00000 0.00000 0.00000 0.00000 0.00000 0.00000 0.00000 0.00000 0.00000 ( 1)  0.053 +-  0.016
 375 E   0.96716 0.03283 0.00001 0.00000 0.00000 0.00000 0.00000 0.00000 0.00000 0.00000 0.00000 ( 1)  0.053 +-  0.018
 376 E   1.00000 0.00000 0.00000 0.00000 0.00000 0.00000 0.00000 0.00000 0.00000 0.00000 0.00000 ( 1)  0.050 +-  0.000
 377 K   1.00000 0.00000 0.00000 0.00000 0.00000 0.00000 0.00000 0.00000 0.00000 0.00000 0.00000 ( 1)  0.050 +-  0.000
 378 P   1.00000 0.00000 0.00000 0.00000 0.00000 0.00000 0.00000 0.00000 0.00000 0.00000 0.00000 ( 1)  0.050 +-  0.000
 379 S   0.99979 0.00021 0.00000 0.00000 0.00000 0.00000 0.00000 0.00000 0.00000 0.00000 0.00000 ( 1)  0.050 +-  0.001
 380 A   1.00000 0.00000 0.00000 0.00000 0.00000 0.00000 0.00000 0.00000 0.00000 0.00000 0.00000 ( 1)  0.050 +-  0.000

Positively selected sites

	Prob(w>1)  mean w

