Supplemental results for CODEML (seqf: align.fa  treef: tree.nwk)


MLEs of dN/dS (w) for site classes (K=4)

site class             0        1       2a       2b
proportion       0.92944  0.02788  0.04144  0.00124
background w     0.04065  1.00000  0.04065  1.00000
foreground w     0.04065  1.00000  1.00000  1.00000

Naive Empirical Bayes (NEB) probabilities for 4 classes
(amino acids refer to 1st sequence: ColCroc|LWS3)

   1 M   0.98046 0.00000 0.01954 0.00000 ( 1)
   2 A   0.97267 0.00021 0.02711 0.00001 ( 1)
   3 T   0.00000 0.95732 0.00000 0.04268 ( 2)
   4 S   0.97135 0.00000 0.02865 0.00000 ( 1)
   5 M   0.96861 0.00000 0.03139 0.00000 ( 1)
   6 D   0.97675 0.00000 0.02325 0.00000 ( 1)
   7 P   0.97597 0.00000 0.02403 0.00000 ( 1)
   8 A   0.97181 0.00000 0.02819 0.00000 ( 1)
   9 P   0.96793 0.00000 0.03207 0.00000 ( 1)
  10 G   0.96709 0.00000 0.03291 0.00000 ( 1)
  11 V   0.00000 0.95732 0.00000 0.04268 ( 2)
  12 A   0.97313 0.00000 0.02687 0.00000 ( 1)
  13 A   0.97687 0.00000 0.02313 0.00000 ( 1)
  14 M   0.98045 0.00000 0.01955 0.00000 ( 1)
  15 Q   0.96730 0.00000 0.03270 0.00000 ( 1)
  16 T   0.96976 0.00000 0.03024 0.00000 ( 1)
  17 W   0.96956 0.00000 0.03044 0.00000 ( 1)
  18 G   0.97069 0.00000 0.02931 0.00000 ( 1)
  19 G   0.96708 0.00000 0.03292 0.00000 ( 1)
  20 H   0.96668 0.00000 0.03332 0.00000 ( 1)
  21 A   0.97305 0.00000 0.02695 0.00000 ( 1)
  22 E   0.97404 0.00000 0.02596 0.00000 ( 1)
  23 A   0.97390 0.00000 0.02610 0.00000 ( 1)
  24 Y   0.96948 0.00000 0.03052 0.00000 ( 1)
  25 S   0.96706 0.00000 0.03294 0.00000 ( 1)
  26 A   0.97375 0.00000 0.02625 0.00000 ( 1)
  27 N   0.97768 0.00000 0.02232 0.00000 ( 1)
  28 Q   0.96931 0.00000 0.03069 0.00000 ( 1)
  29 T   0.97792 0.00000 0.02208 0.00000 ( 1)
  30 V   0.97814 0.00000 0.02186 0.00000 ( 1)
  31 V   0.97409 0.00000 0.02591 0.00000 ( 1)
  32 D   0.97819 0.00000 0.02181 0.00000 ( 1)
  33 K   0.97064 0.00000 0.02936 0.00000 ( 1)
  34 V   0.97419 0.00000 0.02581 0.00000 ( 1)
  35 L   0.09673 0.86165 0.00321 0.03842 ( 2)
  36 P   0.96793 0.00000 0.03207 0.00000 ( 1)
  37 E   0.60990 0.00000 0.39010 0.00000 ( 1)
  38 M   0.98046 0.00000 0.01954 0.00000 ( 1)
  39 L   0.97143 0.00000 0.02857 0.00000 ( 1)
  40 H   0.97047 0.00000 0.02953 0.00000 ( 1)
  41 L   0.98046 0.00000 0.01954 0.00000 ( 1)
  42 I   0.97525 0.00000 0.02475 0.00000 ( 1)
  43 D   0.97499 0.00000 0.02501 0.00000 ( 1)
  44 A   0.97083 0.00000 0.02917 0.00000 ( 1)
  45 H   0.97490 0.00000 0.02510 0.00000 ( 1)
  46 W   0.96956 0.00000 0.03044 0.00000 ( 1)
  47 Y   0.97431 0.00000 0.02569 0.00000 ( 1)
  48 Q   0.96928 0.00000 0.03072 0.00000 ( 1)
  49 F   0.97650 0.00000 0.02350 0.00000 ( 1)
  50 P   0.97083 0.00000 0.02917 0.00000 ( 1)
  51 P   0.96793 0.00000 0.03207 0.00000 ( 1)
  52 M   0.98046 0.00000 0.01954 0.00000 ( 1)
  53 N   0.97780 0.00000 0.02220 0.00000 ( 1)
  54 P   0.96793 0.00000 0.03207 0.00000 ( 1)
  55 L   0.97143 0.00000 0.02857 0.00000 ( 1)
  56 W   0.96956 0.00000 0.03044 0.00000 ( 1)
  57 Y   0.97490 0.00000 0.02510 0.00000 ( 1)
  58 G   0.96706 0.00000 0.03294 0.00000 ( 1)
  59 L   0.97403 0.00000 0.02597 0.00000 ( 1)
  60 L   0.97313 0.00000 0.02687 0.00000 ( 1)
  61 G   0.96706 0.00000 0.03294 0.00000 ( 1)
  62 F   0.97922 0.00000 0.02078 0.00000 ( 1)
  63 T   0.97268 0.00000 0.02732 0.00000 ( 1)
  64 I   0.97706 0.00000 0.02294 0.00000 ( 1)
  65 C   0.97581 0.00000 0.02419 0.00000 ( 1)
  66 I   0.00000 0.95732 0.00000 0.04268 ( 2)
  67 L   0.97143 0.00000 0.02857 0.00000 ( 1)
  68 A   0.97209 0.00000 0.02791 0.00000 ( 1)
  69 F   0.97922 0.00000 0.02078 0.00000 ( 1)
  70 I   0.97979 0.00000 0.02021 0.00000 ( 1)
  71 S   0.97135 0.00000 0.02865 0.00000 ( 1)
  72 V   0.97979 0.00000 0.02021 0.00000 ( 1)
  73 T   0.97269 0.00000 0.02731 0.00000 ( 1)
  74 G   0.97581 0.00000 0.02419 0.00000 ( 1)
  75 N   0.97338 0.00000 0.02662 0.00000 ( 1)
  76 G   0.97581 0.00000 0.02419 0.00000 ( 1)
  77 M   0.98046 0.00000 0.01954 0.00000 ( 1)
  78 V   0.97819 0.00000 0.02181 0.00000 ( 1)
  79 I   0.97525 0.00000 0.02475 0.00000 ( 1)
  80 Y   0.97419 0.00000 0.02581 0.00000 ( 1)
  81 I   0.97500 0.00000 0.02500 0.00000 ( 1)
  82 F   0.97922 0.00000 0.02078 0.00000 ( 1)
  83 S   0.98046 0.00000 0.01954 0.00000 ( 1)
  84 T   0.97285 0.00109 0.02601 0.00005 ( 1)
  85 T   0.97569 0.00000 0.02431 0.00000 ( 1)
  86 K   0.97389 0.00000 0.02611 0.00000 ( 1)
  87 S   0.00000 0.95732 0.00000 0.04268 ( 2)
  88 L   0.97143 0.00000 0.02857 0.00000 ( 1)
  89 K   0.97064 0.00000 0.02936 0.00000 ( 1)
  90 T   0.97271 0.00000 0.02729 0.00000 ( 1)
  91 P   0.96793 0.00000 0.03207 0.00000 ( 1)
  92 S   0.96937 0.00000 0.03063 0.00000 ( 1)
  93 N   0.97780 0.00000 0.02220 0.00000 ( 1)
  94 L   0.96978 0.00000 0.03022 0.00000 ( 1)
  95 L   0.96861 0.00000 0.03139 0.00000 ( 1)
  96 V   0.96990 0.00000 0.03010 0.00000 ( 1)
  97 V   0.97420 0.00000 0.02580 0.00000 ( 1)
  98 N   0.97319 0.00000 0.02681 0.00000 ( 1)
  99 L   0.97645 0.00000 0.02355 0.00000 ( 1)
 100 A   0.97288 0.00000 0.02712 0.00000 ( 1)
 101 F   0.97922 0.00000 0.02078 0.00000 ( 1)
 102 S   0.97512 0.00000 0.02488 0.00000 ( 1)
 103 D   0.97724 0.00000 0.02276 0.00000 ( 1)
 104 F   0.97640 0.00000 0.02360 0.00000 ( 1)
 105 L   0.97140 0.00000 0.02860 0.00000 ( 1)
 106 M   0.98046 0.00000 0.01954 0.00000 ( 1)
 107 M   0.98046 0.00000 0.01954 0.00000 ( 1)
 108 A   0.97457 0.00001 0.02543 0.00000 ( 1)
 109 M   0.00000 0.95732 0.00000 0.04268 ( 2)
 110 M   0.98046 0.00000 0.01954 0.00000 ( 1)
 111 A   0.97135 0.00000 0.02865 0.00000 ( 1)
 112 P   0.04815 0.00000 0.95185 0.00000 ( 3)
 113 P   0.51546 0.06990 0.41152 0.00312 ( 1)
 114 L   0.98046 0.00000 0.01954 0.00000 ( 1)
 115 C   0.97305 0.00000 0.02695 0.00000 ( 1)
 116 I   0.58254 0.00000 0.41746 0.00000 ( 1)
 117 N   0.97635 0.00000 0.02365 0.00000 ( 1)
 118 S   0.96999 0.00000 0.03001 0.00000 ( 1)
 119 Y   0.96948 0.00000 0.03052 0.00000 ( 1)
 120 Y   0.59496 0.00000 0.40504 0.00000 ( 1)
 121 Q   0.97121 0.00000 0.02879 0.00000 ( 1)
 122 T   0.97268 0.00000 0.02732 0.00000 ( 1)
 123 W   0.96956 0.00000 0.03044 0.00000 ( 1)
 124 V   0.97305 0.00000 0.02695 0.00000 ( 1)
 125 F   0.96956 0.00000 0.03044 0.00000 ( 1)
 126 G   0.97068 0.00000 0.02932 0.00000 ( 1)
 127 P   0.96945 0.00000 0.03055 0.00000 ( 1)
 128 V   0.97623 0.00000 0.02377 0.00000 ( 1)
 129 A   0.96976 0.00000 0.03024 0.00000 ( 1)
 130 C   0.96999 0.00000 0.03001 0.00000 ( 1)
 131 Q   0.97121 0.00000 0.02879 0.00000 ( 1)
 132 F   0.97978 0.00000 0.02022 0.00000 ( 1)
 133 Y   0.97427 0.00000 0.02573 0.00000 ( 1)
 134 A   0.97288 0.00000 0.02712 0.00000 ( 1)
 135 C   0.97457 0.00000 0.02543 0.00000 ( 1)
 136 F   0.96939 0.00061 0.02997 0.00003 ( 1)
 137 G   0.97167 0.00000 0.02833 0.00000 ( 1)
 138 S   0.97135 0.00000 0.02865 0.00000 ( 1)
 139 L   0.96870 0.00000 0.03130 0.00000 ( 1)
 140 F   0.97918 0.00000 0.02082 0.00000 ( 1)
 141 G   0.97068 0.00000 0.02932 0.00000 ( 1)
 142 C   0.97206 0.00000 0.02794 0.00000 ( 1)
 143 V   0.97619 0.00000 0.02381 0.00000 ( 1)
 144 S   0.97136 0.00000 0.02864 0.00000 ( 1)
 145 I   0.97396 0.00000 0.02604 0.00000 ( 1)
 146 W   0.96956 0.00000 0.03044 0.00000 ( 1)
 147 T   0.97797 0.00000 0.02203 0.00000 ( 1)
 148 M   0.98046 0.00000 0.01954 0.00000 ( 1)
 149 T   0.97261 0.00000 0.02739 0.00000 ( 1)
 150 A   0.98046 0.00000 0.01954 0.00000 ( 1)
 151 I   0.97443 0.00000 0.02557 0.00000 ( 1)
 152 A   0.97423 0.00000 0.02577 0.00000 ( 1)
 153 F   0.97922 0.00000 0.02078 0.00000 ( 1)
 154 D   0.97825 0.00000 0.02175 0.00000 ( 1)
 155 R   0.97228 0.00000 0.02772 0.00000 ( 1)
 156 Y   0.97430 0.00000 0.02570 0.00000 ( 1)
 157 N   0.97596 0.00000 0.02404 0.00000 ( 1)
 158 V   0.97815 0.00000 0.02185 0.00000 ( 1)
 159 I   0.97974 0.00000 0.02026 0.00000 ( 1)
 160 V   0.97420 0.00000 0.02580 0.00000 ( 1)
 161 K   0.97113 0.00000 0.02887 0.00000 ( 1)
 162 G   0.97068 0.00000 0.02932 0.00000 ( 1)
 163 I   0.97976 0.00000 0.02024 0.00000 ( 1)
 164 A   0.97812 0.00000 0.02188 0.00000 ( 1)
 165 A   0.97534 0.00000 0.02466 0.00000 ( 1)
 166 K   0.97292 0.00000 0.02708 0.00000 ( 1)
 167 P   0.96793 0.00000 0.03207 0.00000 ( 1)
 168 L   0.98046 0.00000 0.01954 0.00000 ( 1)
 169 T   0.97797 0.00000 0.02203 0.00000 ( 1)
 170 V   0.97780 0.00000 0.02220 0.00000 ( 1)
 171 N   0.97501 0.00000 0.02499 0.00000 ( 1)
 172 G   0.96706 0.00000 0.03294 0.00000 ( 1)
 173 A   0.97288 0.00000 0.02712 0.00000 ( 1)
 174 L   0.96979 0.00000 0.03021 0.00000 ( 1)
 175 L   0.96861 0.00000 0.03139 0.00000 ( 1)
 176 Q   0.97228 0.00000 0.02772 0.00000 ( 1)
 177 I   0.97277 0.00000 0.02723 0.00000 ( 1)
 178 F   0.97143 0.00000 0.02857 0.00000 ( 1)
 179 G   0.96706 0.00000 0.03294 0.00000 ( 1)
 180 V   0.97971 0.00000 0.02029 0.00000 ( 1)
 181 W   0.96956 0.00000 0.03044 0.00000 ( 1)
 182 A   0.00000 0.95732 0.00000 0.04268 ( 2)
 183 F   0.97922 0.00000 0.02078 0.00000 ( 1)
 184 S   0.96675 0.00000 0.03325 0.00000 ( 1)
 185 L   0.96886 0.00000 0.03114 0.00000 ( 1)
 186 A   0.60085 0.00000 0.39914 0.00000 ( 1)
 187 W   0.96956 0.00000 0.03044 0.00000 ( 1)
 188 T   0.97269 0.00000 0.02731 0.00000 ( 1)
 189 L   0.97409 0.00000 0.02591 0.00000 ( 1)
 190 A   0.97080 0.00000 0.02920 0.00000 ( 1)
 191 P   0.97083 0.00000 0.02917 0.00000 ( 1)
 192 I   0.97922 0.00000 0.02078 0.00000 ( 1)
 193 F   0.97922 0.00000 0.02078 0.00000 ( 1)
 194 G   0.97581 0.00000 0.02419 0.00000 ( 1)
 195 W   0.96956 0.00000 0.03044 0.00000 ( 1)
 196 S   0.97780 0.00000 0.02220 0.00000 ( 1)
 197 R   0.96783 0.00000 0.03217 0.00000 ( 1)
 198 Y   0.96950 0.00000 0.03050 0.00000 ( 1)
 199 V   0.97420 0.00000 0.02580 0.00000 ( 1)
 200 P   0.97142 0.00000 0.02858 0.00000 ( 1)
 201 E   0.97121 0.00000 0.02879 0.00000 ( 1)
 202 G   0.96706 0.00000 0.03294 0.00000 ( 1)
 203 N   0.97780 0.00000 0.02220 0.00000 ( 1)
 204 M   0.98046 0.00000 0.01954 0.00000 ( 1)
 205 T   0.97144 0.00000 0.02856 0.00000 ( 1)
 206 A   0.96973 0.00000 0.03027 0.00000 ( 1)
 207 C   0.97457 0.00000 0.02543 0.00000 ( 1)
 208 G   0.97166 0.00000 0.02834 0.00000 ( 1)
 209 T   0.97796 0.00000 0.02204 0.00000 ( 1)
 210 D   0.97825 0.00000 0.02175 0.00000 ( 1)
 211 Y   0.97197 0.00000 0.02803 0.00000 ( 1)
 212 L   0.97314 0.00000 0.02686 0.00000 ( 1)
 213 S   0.00000 0.95732 0.00000 0.04268 ( 2)
 214 K   0.97381 0.00000 0.02619 0.00000 ( 1)
 215 D   0.97404 0.00000 0.02596 0.00000 ( 1)
 216 L   0.96956 0.00000 0.03044 0.00000 ( 1)
 217 L   0.00000 0.95732 0.00000 0.04268 ( 2)
 218 S   0.97685 0.00000 0.02315 0.00000 ( 1)
 219 Q   0.97229 0.00000 0.02771 0.00000 ( 1)
 220 I   0.97685 0.00000 0.02315 0.00000 ( 1)
 221 Y   0.97431 0.00000 0.02569 0.00000 ( 1)
 222 I   0.97855 0.00000 0.02145 0.00000 ( 1)
 223 I   0.96861 0.00000 0.03139 0.00000 ( 1)
 224 T   0.65089 0.00000 0.34911 0.00000 ( 1)
 225 Y   0.97197 0.00000 0.02803 0.00000 ( 1)
 226 S   0.97648 0.00000 0.02352 0.00000 ( 1)
 227 I   0.97819 0.00000 0.02181 0.00000 ( 1)
 228 A   0.97922 0.00000 0.02078 0.00000 ( 1)
 229 C   0.97701 0.00000 0.02299 0.00000 ( 1)
 230 Y   0.97431 0.00000 0.02569 0.00000 ( 1)
 231 F   0.97922 0.00000 0.02078 0.00000 ( 1)
 232 L   0.00000 0.95732 0.00000 0.04268 ( 2)
 233 P   0.96955 0.00000 0.03045 0.00000 ( 1)
 234 L   0.97143 0.00000 0.02857 0.00000 ( 1)
 235 A   0.96861 0.00000 0.03139 0.00000 ( 1)
 236 L   0.97650 0.00000 0.02350 0.00000 ( 1)
 237 I   0.97979 0.00000 0.02021 0.00000 ( 1)
 238 V   0.97978 0.00000 0.02022 0.00000 ( 1)
 239 Y   0.97431 0.00000 0.02569 0.00000 ( 1)
 240 S   0.97405 0.00000 0.02595 0.00000 ( 1)
 241 Y   0.96991 0.00000 0.03009 0.00000 ( 1)
 242 F   0.97922 0.00000 0.02078 0.00000 ( 1)
 243 F   0.97922 0.00000 0.02078 0.00000 ( 1)
 244 I   0.97887 0.00000 0.02113 0.00000 ( 1)
 245 V   0.97774 0.00000 0.02226 0.00000 ( 1)
 246 Q   0.96931 0.00000 0.03069 0.00000 ( 1)
 247 A   0.97168 0.00000 0.02832 0.00000 ( 1)
 248 V   0.96990 0.00000 0.03010 0.00000 ( 1)
 249 A   0.96973 0.00000 0.03027 0.00000 ( 1)
 250 A   0.58844 0.00000 0.41156 0.00000 ( 1)
 251 H   0.97490 0.00000 0.02510 0.00000 ( 1)
 252 E   0.97121 0.00000 0.02879 0.00000 ( 1)
 253 K   0.56119 0.00000 0.43881 0.00000 ( 1)
 254 A   0.69670 0.00000 0.30330 0.00000 ( 1)
 255 M   0.98046 0.00000 0.01954 0.00000 ( 1)
 256 R   0.97316 0.00000 0.02684 0.00000 ( 1)
 257 E   0.97121 0.00000 0.02879 0.00000 ( 1)
 258 Q   0.96668 0.00000 0.03332 0.00000 ( 1)
 259 A   0.97288 0.00000 0.02712 0.00000 ( 1)
 260 K   0.97389 0.00000 0.02611 0.00000 ( 1)
 261 K   0.97064 0.00000 0.02936 0.00000 ( 1)
 262 M   0.98046 0.00000 0.01954 0.00000 ( 1)
 263 N   0.97777 0.00000 0.02223 0.00000 ( 1)
 264 V   0.97802 0.00000 0.02198 0.00000 ( 1)
 265 A   0.97288 0.00000 0.02712 0.00000 ( 1)
 266 S   0.97135 0.00000 0.02865 0.00000 ( 1)
 267 L   0.97147 0.00000 0.02853 0.00000 ( 1)
 268 R   0.97316 0.00000 0.02684 0.00000 ( 1)
 269 S   0.97135 0.00000 0.02865 0.00000 ( 1)
 270 S   0.97135 0.00000 0.02865 0.00000 ( 1)
 271 E   0.97122 0.00000 0.02878 0.00000 ( 1)
 272 Q   0.97396 0.00000 0.02604 0.00000 ( 1)
 273 A   0.97542 0.00000 0.02458 0.00000 ( 1)
 274 N   0.97319 0.00000 0.02681 0.00000 ( 1)
 275 T   0.97789 0.00000 0.02211 0.00000 ( 1)
 276 S   0.97685 0.00000 0.02315 0.00000 ( 1)
 277 A   0.96973 0.00000 0.03027 0.00000 ( 1)
 278 E   0.97446 0.00000 0.02554 0.00000 ( 1)
 279 C   0.97457 0.00000 0.02543 0.00000 ( 1)
 280 K   0.97064 0.00000 0.02936 0.00000 ( 1)
 281 L   0.96674 0.00000 0.03326 0.00000 ( 1)
 282 A   0.96973 0.00000 0.03027 0.00000 ( 1)
 283 K   0.97389 0.00000 0.02611 0.00000 ( 1)
 284 V   0.96990 0.00000 0.03010 0.00000 ( 1)
 285 A   0.97288 0.00000 0.02712 0.00000 ( 1)
 286 L   0.96709 0.00000 0.03291 0.00000 ( 1)
 287 M   0.98046 0.00000 0.01954 0.00000 ( 1)
 288 T   0.97402 0.00000 0.02598 0.00000 ( 1)
 289 I   0.97518 0.00000 0.02482 0.00000 ( 1)
 290 S   0.97135 0.00000 0.02865 0.00000 ( 1)
 291 L   0.96861 0.00000 0.03139 0.00000 ( 1)
 292 W   0.96956 0.00000 0.03044 0.00000 ( 1)
 293 F   0.97922 0.00000 0.02078 0.00000 ( 1)
 294 M   0.98046 0.00000 0.01954 0.00000 ( 1)
 295 A   0.97405 0.00000 0.02595 0.00000 ( 1)
 296 W   0.96956 0.00000 0.03044 0.00000 ( 1)
 297 T   0.97020 0.00000 0.02980 0.00000 ( 1)
 298 P   0.96955 0.00000 0.03045 0.00000 ( 1)
 299 Y   0.97431 0.00000 0.02569 0.00000 ( 1)
 300 L   0.97653 0.00000 0.02347 0.00000 ( 1)
 301 V   0.97224 0.00000 0.02776 0.00000 ( 1)
 302 I   0.97979 0.00000 0.02021 0.00000 ( 1)
 303 N   0.97780 0.00000 0.02220 0.00000 ( 1)
 304 F   0.97431 0.00000 0.02569 0.00000 ( 1)
 305 A   0.97549 0.00000 0.02451 0.00000 ( 1)
 306 G   0.97069 0.00000 0.02931 0.00000 ( 1)
 307 V   0.97819 0.00000 0.02181 0.00000 ( 1)
 308 F   0.97847 0.00000 0.02153 0.00000 ( 1)
 309 E   0.97446 0.00000 0.02554 0.00000 ( 1)
 310 T   0.97214 0.00000 0.02786 0.00000 ( 1)
 311 A   0.06049 0.00000 0.93951 0.00000 ( 3)
 312 P   0.97215 0.00000 0.02785 0.00000 ( 1)
 313 I   0.97979 0.00000 0.02021 0.00000 ( 1)
 314 S   0.97681 0.00000 0.02319 0.00000 ( 1)
 315 P   0.97083 0.00000 0.02917 0.00000 ( 1)
 316 L   0.97666 0.00000 0.02334 0.00000 ( 1)
 317 S   0.97570 0.00000 0.02430 0.00000 ( 1)
 318 T   0.97797 0.00000 0.02203 0.00000 ( 1)
 319 I   0.97979 0.00000 0.02021 0.00000 ( 1)
 320 W   0.96956 0.00000 0.03044 0.00000 ( 1)
 321 G   0.97580 0.00000 0.02420 0.00000 ( 1)
 322 S   0.96670 0.00000 0.03330 0.00000 ( 1)
 323 V   0.97666 0.00000 0.02334 0.00000 ( 1)
 324 F   0.97906 0.00000 0.02094 0.00000 ( 1)
 325 A   0.97357 0.00000 0.02643 0.00000 ( 1)
 326 K   0.97389 0.00000 0.02611 0.00000 ( 1)
 327 A   0.97288 0.00000 0.02712 0.00000 ( 1)
 328 N   0.97772 0.00000 0.02228 0.00000 ( 1)
 329 A   0.97812 0.00000 0.02188 0.00000 ( 1)
 330 V   0.97819 0.00000 0.02181 0.00000 ( 1)
 331 Y   0.97431 0.00000 0.02569 0.00000 ( 1)
 332 N   0.97319 0.00000 0.02681 0.00000 ( 1)
 333 P   0.97083 0.00000 0.02917 0.00000 ( 1)
 334 I   0.97498 0.00000 0.02502 0.00000 ( 1)
 335 V   0.96990 0.00000 0.03010 0.00000 ( 1)
 336 Y   0.97203 0.00000 0.02797 0.00000 ( 1)
 337 G   0.97070 0.00000 0.02930 0.00000 ( 1)
 338 I   0.97979 0.00000 0.02021 0.00000 ( 1)
 339 S   0.97587 0.00000 0.02413 0.00000 ( 1)
 340 H   0.97229 0.00000 0.02771 0.00000 ( 1)
 341 P   0.97083 0.00000 0.02917 0.00000 ( 1)
 342 K   0.97064 0.00000 0.02936 0.00000 ( 1)
 343 Y   0.97427 0.00000 0.02573 0.00000 ( 1)
 344 R   0.97229 0.00000 0.02771 0.00000 ( 1)
 345 A   0.97811 0.00000 0.02189 0.00000 ( 1)
 346 A   0.97121 0.00000 0.02879 0.00000 ( 1)
 347 L   0.97298 0.00000 0.02702 0.00000 ( 1)
 348 Y   0.97431 0.00000 0.02569 0.00000 ( 1)
 349 Q   0.97389 0.00000 0.02611 0.00000 ( 1)
 350 R   0.97389 0.00000 0.02611 0.00000 ( 1)
 351 F   0.97922 0.00000 0.02078 0.00000 ( 1)
 352 P   0.97593 0.00000 0.02407 0.00000 ( 1)
 353 S   0.97123 0.00000 0.02876 0.00000 ( 1)
 354 L   0.96861 0.00000 0.03139 0.00000 ( 1)
 355 A   0.97124 0.00000 0.02876 0.00000 ( 1)
 356 C   0.97457 0.00000 0.02543 0.00000 ( 1)
 357 Q   0.96931 0.00000 0.03069 0.00000 ( 1)
 358 P   0.88024 0.09096 0.02474 0.00406 ( 1)
 359 S   0.97124 0.00000 0.02876 0.00000 ( 1)
 360 P   0.97195 0.00000 0.02805 0.00000 ( 1)
 361 E   0.97444 0.00000 0.02556 0.00000 ( 1)
 362 E   0.97273 0.00000 0.02727 0.00000 ( 1)
 363 T   0.00000 0.95732 0.00000 0.04268 ( 2)
 364 G   0.62208 0.00000 0.37792 0.00000 ( 1)
 365 S   0.97648 0.00000 0.02352 0.00000 ( 1)
 366 V   0.97420 0.00000 0.02580 0.00000 ( 1)
 367 A   0.97571 0.00000 0.02429 0.00000 ( 1)
 368 S   0.97135 0.00000 0.02865 0.00000 ( 1)
 369 A   0.96952 0.00000 0.03048 0.00000 ( 1)
 370 A   0.97809 0.00000 0.02191 0.00000 ( 1)
 371 T   0.97797 0.00000 0.02203 0.00000 ( 1)
 372 A   0.97809 0.00000 0.02191 0.00000 ( 1)
 373 C   0.96585 0.00000 0.03415 0.00000 ( 1)
 374 T   0.39333 0.00000 0.60667 0.00000 ( 3)
 375 E   0.97443 0.00000 0.02557 0.00000 ( 1)
 376 E   0.97445 0.00000 0.02555 0.00000 ( 1)
 377 K   0.97389 0.00000 0.02611 0.00000 ( 1)
 378 P   0.97241 0.00000 0.02759 0.00000 ( 1)
 379 S   0.97308 0.00000 0.02692 0.00000 ( 1)
 380 A   0.97184 0.00000 0.02816 0.00000 ( 1)


lnL = -69100.740651

