Supplemental results for CODEML (seqf: align.fa  treef: tree.nwk)


MLEs of dN/dS (w) for site classes (K=4)

site class             0        1       2a       2b
proportion       0.87633  0.02580  0.09508  0.00280
background w     0.04053  1.00000  0.04053  1.00000
foreground w     0.04053  1.00000 31.63180 31.63180

Naive Empirical Bayes (NEB) probabilities for 4 classes
(amino acids refer to 1st sequence: ColCroc|LWS3)

   1 M   0.96245 0.00000 0.03755 0.00000 ( 1)
   2 A   0.94428 0.00017 0.05553 0.00001 ( 1)
   3 T   0.00000 0.92143 0.00000 0.07857 ( 2)
   4 S   0.95158 0.00000 0.04842 0.00000 ( 1)
   5 M   0.94432 0.00000 0.05568 0.00000 ( 1)
   6 D   0.95659 0.00000 0.04341 0.00000 ( 1)
   7 P   0.94989 0.00000 0.05011 0.00000 ( 1)
   8 A   0.92891 0.00000 0.07109 0.00000 ( 1)
   9 P   0.93101 0.00000 0.06899 0.00000 ( 1)
  10 G   0.95099 0.00000 0.04901 0.00000 ( 1)
  11 V   0.00000 0.93308 0.00000 0.06692 ( 2)
  12 A   0.94183 0.00000 0.05817 0.00000 ( 1)
  13 A   0.94677 0.00000 0.05323 0.00000 ( 1)
  14 M   0.93234 0.00000 0.06766 0.00000 ( 1)
  15 Q   0.93427 0.00000 0.06573 0.00000 ( 1)
  16 T   0.93596 0.00000 0.06404 0.00000 ( 1)
  17 W   0.93555 0.00000 0.06445 0.00000 ( 1)
  18 G   0.95150 0.00000 0.04850 0.00000 ( 1)
  19 G   0.95134 0.00000 0.04866 0.00000 ( 1)
  20 H   0.93039 0.00000 0.06961 0.00000 ( 1)
  21 A   0.02550 0.00000 0.97450 0.00000 ( 3)
  22 E   0.94683 0.00000 0.05317 0.00000 ( 1)
  23 A   0.95586 0.00000 0.04414 0.00000 ( 1)
  24 Y   0.94772 0.00000 0.05228 0.00000 ( 1)
  25 S   0.95155 0.00000 0.04845 0.00000 ( 1)
  26 A   0.95312 0.00000 0.04688 0.00000 ( 1)
  27 N   0.95634 0.00000 0.04366 0.00000 ( 1)
  28 Q   0.93166 0.00000 0.06834 0.00000 ( 1)
  29 T   0.95663 0.00000 0.04337 0.00000 ( 1)
  30 V   0.95609 0.00000 0.04391 0.00000 ( 1)
  31 V   0.95699 0.00000 0.04301 0.00000 ( 1)
  32 D   0.95736 0.00000 0.04264 0.00000 ( 1)
  33 K   0.94197 0.00000 0.05803 0.00000 ( 1)
  34 V   0.94715 0.00000 0.05285 0.00000 ( 1)
  35 L   0.13641 0.70502 0.03507 0.12350 ( 2)
  36 P   0.93185 0.00000 0.06815 0.00000 ( 1)
  37 E   0.93724 0.00000 0.06276 0.00000 ( 1)
  38 M   0.96018 0.00000 0.03982 0.00000 ( 1)
  39 L   0.93136 0.00000 0.06864 0.00000 ( 1)
  40 H   0.94896 0.00000 0.05104 0.00000 ( 1)
  41 L   0.01978 0.00000 0.98022 0.00000 ( 3)
  42 I   0.03282 0.00000 0.96718 0.00000 ( 3)
  43 D   0.95724 0.00000 0.04276 0.00000 ( 1)
  44 A   0.93123 0.00000 0.06877 0.00000 ( 1)
  45 H   0.94689 0.00000 0.05311 0.00000 ( 1)
  46 W   0.93555 0.00000 0.06445 0.00000 ( 1)
  47 Y   0.93542 0.00000 0.06458 0.00000 ( 1)
  48 Q   0.92793 0.00000 0.07207 0.00000 ( 1)
  49 F   0.94884 0.00000 0.05116 0.00000 ( 1)
  50 P   0.93118 0.00000 0.06882 0.00000 ( 1)
  51 P   0.93881 0.00000 0.06119 0.00000 ( 1)
  52 M   0.96245 0.00000 0.03755 0.00000 ( 1)
  53 N   0.95568 0.00000 0.04432 0.00000 ( 1)
  54 P   0.93808 0.00000 0.06192 0.00000 ( 1)
  55 L   0.92431 0.00000 0.07569 0.00000 ( 1)
  56 W   0.93555 0.00000 0.06445 0.00000 ( 1)
  57 Y   0.94850 0.00000 0.05150 0.00000 ( 1)
  58 G   0.93714 0.00000 0.06286 0.00000 ( 1)
  59 L   0.93042 0.00000 0.06958 0.00000 ( 1)
  60 L   0.93253 0.00000 0.06747 0.00000 ( 1)
  61 G   0.93803 0.00000 0.06197 0.00000 ( 1)
  62 F   0.95853 0.00000 0.04147 0.00000 ( 1)
  63 T   0.94406 0.00000 0.05594 0.00000 ( 1)
  64 I   0.95084 0.00000 0.04916 0.00000 ( 1)
  65 C   0.95154 0.00000 0.04846 0.00000 ( 1)
  66 I   0.00000 0.93840 0.00000 0.06160 ( 2)
  67 L   0.93594 0.00000 0.06406 0.00000 ( 1)
  68 A   0.94855 0.00000 0.05145 0.00000 ( 1)
  69 F   0.95902 0.00000 0.04098 0.00000 ( 1)
  70 I   0.95983 0.00000 0.04017 0.00000 ( 1)
  71 S   0.92955 0.00000 0.07045 0.00000 ( 1)
  72 V   0.96069 0.00000 0.03931 0.00000 ( 1)
  73 T   0.94370 0.00000 0.05630 0.00000 ( 1)
  74 G   0.95148 0.00000 0.04852 0.00000 ( 1)
  75 N   0.95622 0.00000 0.04378 0.00000 ( 1)
  76 G   0.92891 0.00000 0.07109 0.00000 ( 1)
  77 M   0.96245 0.00000 0.03755 0.00000 ( 1)
  78 V   0.94622 0.00000 0.05378 0.00000 ( 1)
  79 I   0.93458 0.00000 0.06542 0.00000 ( 1)
  80 Y   0.94773 0.00000 0.05227 0.00000 ( 1)
  81 I   0.95135 0.00000 0.04865 0.00000 ( 1)
  82 F   0.95946 0.00000 0.04054 0.00000 ( 1)
  83 S   0.93540 0.00000 0.06460 0.00000 ( 1)
  84 T   0.84795 0.00054 0.15143 0.00009 ( 1)
  85 T   0.93596 0.00000 0.06404 0.00000 ( 1)
  86 K   0.94674 0.00000 0.05326 0.00000 ( 1)
  87 S   0.00000 0.93927 0.00000 0.06073 ( 2)
  88 L   0.95357 0.00000 0.04643 0.00000 ( 1)
  89 K   0.93839 0.00000 0.06161 0.00000 ( 1)
  90 T   0.93578 0.00000 0.06422 0.00000 ( 1)
  91 P   0.93125 0.00000 0.06875 0.00000 ( 1)
  92 S   0.92778 0.00000 0.07222 0.00000 ( 1)
  93 N   0.95625 0.00000 0.04375 0.00000 ( 1)
  94 L   0.88228 0.00000 0.11772 0.00000 ( 1)
  95 L   0.92528 0.00000 0.07472 0.00000 ( 1)
  96 V   0.93918 0.00000 0.06082 0.00000 ( 1)
  97 V   0.93654 0.00000 0.06346 0.00000 ( 1)
  98 N   0.94492 0.00000 0.05508 0.00000 ( 1)
  99 L   0.92520 0.00000 0.07480 0.00000 ( 1)
 100 A   0.94239 0.00000 0.05761 0.00000 ( 1)
 101 F   0.95231 0.00000 0.04769 0.00000 ( 1)
 102 S   0.93980 0.00000 0.06020 0.00000 ( 1)
 103 D   0.95492 0.00000 0.04508 0.00000 ( 1)
 104 F   0.95938 0.00000 0.04062 0.00000 ( 1)
 105 L   0.92823 0.00000 0.07177 0.00000 ( 1)
 106 M   0.96245 0.00000 0.03755 0.00000 ( 1)
 107 M   0.96245 0.00000 0.03755 0.00000 ( 1)
 108 A   0.00109 0.00000 0.99891 0.00000 ( 3)
 109 M   0.00000 0.92444 0.00000 0.07556 ( 2)
 110 M   0.96245 0.00000 0.03755 0.00000 ( 1)
 111 A   0.93742 0.00000 0.06258 0.00000 ( 1)
 112 P   0.94173 0.00000 0.05827 0.00000 ( 1)
 113 P   0.15993 0.02445 0.81090 0.00473 ( 3)
 114 L   0.96245 0.00000 0.03755 0.00000 ( 1)
 115 C   0.94409 0.00000 0.05591 0.00000 ( 1)
 116 I   0.87049 0.00000 0.12951 0.00000 ( 1)
 117 N   0.94449 0.00000 0.05551 0.00000 ( 1)
 118 S   0.93668 0.00000 0.06332 0.00000 ( 1)
 119 Y   0.94315 0.00000 0.05685 0.00000 ( 1)
 120 Y   0.02277 0.00000 0.97723 0.00000 ( 3)
 121 Q   0.93985 0.00000 0.06015 0.00000 ( 1)
 122 T   0.93540 0.00000 0.06460 0.00000 ( 1)
 123 W   0.93555 0.00000 0.06445 0.00000 ( 1)
 124 V   0.93663 0.00000 0.06337 0.00000 ( 1)
 125 F   0.94983 0.00000 0.05017 0.00000 ( 1)
 126 G   0.93782 0.00000 0.06218 0.00000 ( 1)
 127 P   0.93182 0.00000 0.06818 0.00000 ( 1)
 128 V   0.93171 0.00000 0.06829 0.00000 ( 1)
 129 A   0.93824 0.00000 0.06176 0.00000 ( 1)
 130 C   0.93676 0.00000 0.06324 0.00000 ( 1)
 131 Q   0.93985 0.00000 0.06015 0.00000 ( 1)
 132 F   0.92493 0.00000 0.07507 0.00000 ( 1)
 133 Y   0.94763 0.00000 0.05237 0.00000 ( 1)
 134 A   0.94423 0.00000 0.05577 0.00000 ( 1)
 135 C   0.93610 0.00000 0.06390 0.00000 ( 1)
 136 F   0.94580 0.00066 0.05350 0.00005 ( 1)
 137 G   0.94105 0.00000 0.05895 0.00000 ( 1)
 138 S   0.92801 0.00000 0.07199 0.00000 ( 1)
 139 L   0.92427 0.00000 0.07573 0.00000 ( 1)
 140 F   0.95934 0.00000 0.04066 0.00000 ( 1)
 141 G   0.94078 0.00000 0.05922 0.00000 ( 1)
 142 C   0.76330 0.00000 0.23670 0.00000 ( 1)
 143 V   0.00563 0.00000 0.99437 0.00000 ( 3)
 144 S   0.93347 0.00000 0.06653 0.00000 ( 1)
 145 I   0.94905 0.00000 0.05095 0.00000 ( 1)
 146 W   0.93555 0.00000 0.06445 0.00000 ( 1)
 147 T   0.93722 0.00000 0.06278 0.00000 ( 1)
 148 M   0.96245 0.00000 0.03755 0.00000 ( 1)
 149 T   0.94288 0.00000 0.05712 0.00000 ( 1)
 150 A   0.96245 0.00000 0.03755 0.00000 ( 1)
 151 I   0.95063 0.00000 0.04937 0.00000 ( 1)
 152 A   0.95561 0.00000 0.04439 0.00000 ( 1)
 153 F   0.95944 0.00000 0.04056 0.00000 ( 1)
 154 D   0.95735 0.00000 0.04265 0.00000 ( 1)
 155 R   0.91740 0.00000 0.08260 0.00000 ( 1)
 156 Y   0.94773 0.00000 0.05227 0.00000 ( 1)
 157 N   0.94519 0.00000 0.05481 0.00000 ( 1)
 158 V   0.95151 0.00000 0.04849 0.00000 ( 1)
 159 I   0.95980 0.00000 0.04020 0.00000 ( 1)
 160 V   0.93844 0.00000 0.06156 0.00000 ( 1)
 161 K   0.94652 0.00000 0.05348 0.00000 ( 1)
 162 G   0.93845 0.00000 0.06155 0.00000 ( 1)
 163 I   0.95754 0.00000 0.04246 0.00000 ( 1)
 164 A   0.95580 0.00000 0.04420 0.00000 ( 1)
 165 A   0.95209 0.00000 0.04791 0.00000 ( 1)
 166 K   0.94649 0.00000 0.05351 0.00000 ( 1)
 167 P   0.93137 0.00000 0.06863 0.00000 ( 1)
 168 L   0.89454 0.00000 0.10546 0.00000 ( 1)
 169 T   0.95651 0.00000 0.04349 0.00000 ( 1)
 170 V   0.02682 0.00000 0.97318 0.00000 ( 3)
 171 N   0.94945 0.00000 0.05055 0.00000 ( 1)
 172 G   0.92897 0.00000 0.07103 0.00000 ( 1)
 173 A   0.94382 0.00000 0.05618 0.00000 ( 1)
 174 L   0.93299 0.00000 0.06701 0.00000 ( 1)
 175 L   0.93262 0.00000 0.06738 0.00000 ( 1)
 176 Q   0.91741 0.00000 0.08259 0.00000 ( 1)
 177 I   0.95477 0.00000 0.04523 0.00000 ( 1)
 178 F   0.94035 0.00000 0.05965 0.00000 ( 1)
 179 G   0.94854 0.00000 0.05146 0.00000 ( 1)
 180 V   0.96052 0.00000 0.03948 0.00000 ( 1)
 181 W   0.93555 0.00000 0.06445 0.00000 ( 1)
 182 A   0.00000 0.91412 0.00000 0.08588 ( 2)
 183 F   0.95957 0.00000 0.04043 0.00000 ( 1)
 184 S   0.92799 0.00000 0.07201 0.00000 ( 1)
 185 L   0.93998 0.00000 0.06002 0.00000 ( 1)
 186 A   0.93608 0.00001 0.06391 0.00000 ( 1)
 187 W   0.93555 0.00000 0.06445 0.00000 ( 1)
 188 T   0.94354 0.00000 0.05646 0.00000 ( 1)
 189 L   0.03465 0.00000 0.96535 0.00000 ( 3)
 190 A   0.93721 0.00000 0.06279 0.00000 ( 1)
 191 P   0.93117 0.00000 0.06883 0.00000 ( 1)
 192 I   0.00693 0.00000 0.99307 0.00000 ( 3)
 193 F   0.95908 0.00000 0.04092 0.00000 ( 1)
 194 G   0.93624 0.00000 0.06376 0.00000 ( 1)
 195 W   0.93555 0.00000 0.06445 0.00000 ( 1)
 196 S   0.95499 0.00000 0.04501 0.00000 ( 1)
 197 R   0.94461 0.00000 0.05539 0.00000 ( 1)
 198 Y   0.94037 0.00000 0.05963 0.00000 ( 1)
 199 V   0.94108 0.00000 0.05892 0.00000 ( 1)
 200 P   0.93863 0.00000 0.06137 0.00000 ( 1)
 201 E   0.93462 0.00000 0.06538 0.00000 ( 1)
 202 G   0.94745 0.00000 0.05255 0.00000 ( 1)
 203 N   0.95639 0.00000 0.04361 0.00000 ( 1)
 204 M   0.96245 0.00000 0.03755 0.00000 ( 1)
 205 T   0.95245 0.00000 0.04755 0.00000 ( 1)
 206 A   0.95291 0.00000 0.04709 0.00000 ( 1)
 207 C   0.94476 0.00000 0.05524 0.00000 ( 1)
 208 G   0.92889 0.00000 0.07111 0.00000 ( 1)
 209 T   0.94354 0.00000 0.05646 0.00000 ( 1)
 210 D   0.95734 0.00000 0.04266 0.00000 ( 1)
 211 Y   0.94766 0.00000 0.05234 0.00000 ( 1)
 212 L   0.33731 0.00000 0.66269 0.00000 ( 3)
 213 S   0.00000 0.94111 0.00000 0.05889 ( 2)
 214 K   0.94674 0.00000 0.05326 0.00000 ( 1)
 215 D   0.94841 0.00000 0.05159 0.00000 ( 1)
 216 L   0.93555 0.00000 0.06445 0.00000 ( 1)
 217 L   0.00000 0.93962 0.00000 0.06038 ( 2)
 218 S   0.95413 0.00000 0.04587 0.00000 ( 1)
 219 Q   0.94270 0.00000 0.05730 0.00000 ( 1)
 220 I   0.95413 0.00000 0.04587 0.00000 ( 1)
 221 Y   0.94771 0.00000 0.05229 0.00000 ( 1)
 222 I   0.96080 0.00000 0.03920 0.00000 ( 1)
 223 I   0.93332 0.00000 0.06668 0.00000 ( 1)
 224 T   0.92595 0.00000 0.07405 0.00000 ( 1)
 225 Y   0.94773 0.00000 0.05227 0.00000 ( 1)
 226 S   0.92795 0.00000 0.07205 0.00000 ( 1)
 227 I   0.91617 0.00000 0.08383 0.00000 ( 1)
 228 A   0.95959 0.00000 0.04041 0.00000 ( 1)
 229 C   0.95572 0.00000 0.04428 0.00000 ( 1)
 230 Y   0.94773 0.00000 0.05227 0.00000 ( 1)
 231 F   0.95907 0.00000 0.04093 0.00000 ( 1)
 232 L   0.00000 0.89495 0.00000 0.10505 ( 2)
 233 P   0.93880 0.00000 0.06120 0.00000 ( 1)
 234 L   0.93337 0.00000 0.06663 0.00000 ( 1)
 235 A   0.60210 0.00000 0.39790 0.00000 ( 1)
 236 L   0.95356 0.00000 0.04644 0.00000 ( 1)
 237 I   0.96075 0.00000 0.03925 0.00000 ( 1)
 238 V   0.96073 0.00000 0.03927 0.00000 ( 1)
 239 Y   0.94767 0.00000 0.05233 0.00000 ( 1)
 240 S   0.94018 0.00000 0.05982 0.00000 ( 1)
 241 Y   0.94766 0.00000 0.05234 0.00000 ( 1)
 242 F   0.95919 0.00000 0.04081 0.00000 ( 1)
 243 F   0.95957 0.00000 0.04043 0.00000 ( 1)
 244 I   0.94921 0.00000 0.05079 0.00000 ( 1)
 245 V   0.94309 0.00000 0.05691 0.00000 ( 1)
 246 Q   0.93489 0.00000 0.06511 0.00000 ( 1)
 247 A   0.94555 0.00000 0.05445 0.00000 ( 1)
 248 V   0.93628 0.00000 0.06372 0.00000 ( 1)
 249 A   0.93580 0.00000 0.06420 0.00000 ( 1)
 250 A   0.94389 0.00000 0.05611 0.00000 ( 1)
 251 H   0.94931 0.00000 0.05069 0.00000 ( 1)
 252 E   0.94116 0.00000 0.05884 0.00000 ( 1)
 253 K   0.93846 0.00000 0.06154 0.00000 ( 1)
 254 A   0.95437 0.00000 0.04563 0.00000 ( 1)
 255 M   0.96245 0.00000 0.03755 0.00000 ( 1)
 256 R   0.94493 0.00000 0.05507 0.00000 ( 1)
 257 E   0.93983 0.00000 0.06017 0.00000 ( 1)
 258 Q   0.93210 0.00000 0.06790 0.00000 ( 1)
 259 A   0.94583 0.00000 0.05417 0.00000 ( 1)
 260 K   0.94673 0.00000 0.05327 0.00000 ( 1)
 261 K   0.93840 0.00000 0.06160 0.00000 ( 1)
 262 M   0.96245 0.00000 0.03755 0.00000 ( 1)
 263 N   0.95630 0.00000 0.04370 0.00000 ( 1)
 264 V   0.94419 0.00000 0.05581 0.00000 ( 1)
 265 A   0.94388 0.00000 0.05612 0.00000 ( 1)
 266 S   0.94013 0.00000 0.05987 0.00000 ( 1)
 267 L   0.94843 0.00000 0.05157 0.00000 ( 1)
 268 R   0.93425 0.00000 0.06575 0.00000 ( 1)
 269 S   0.92792 0.00000 0.07208 0.00000 ( 1)
 270 S   0.94019 0.00000 0.05981 0.00000 ( 1)
 271 E   0.93707 0.00000 0.06293 0.00000 ( 1)
 272 Q   0.75683 0.00000 0.24317 0.00000 ( 1)
 273 A   0.94683 0.00000 0.05317 0.00000 ( 1)
 274 N   0.95638 0.00000 0.04362 0.00000 ( 1)
 275 T   0.95547 0.00000 0.04453 0.00000 ( 1)
 276 S   0.95406 0.00000 0.04594 0.00000 ( 1)
 277 A   0.94403 0.00000 0.05597 0.00000 ( 1)
 278 E   0.93983 0.00000 0.06017 0.00000 ( 1)
 279 C   0.94846 0.00000 0.05154 0.00000 ( 1)
 280 K   0.93840 0.00000 0.06160 0.00000 ( 1)
 281 L   0.93450 0.00000 0.06550 0.00000 ( 1)
 282 A   0.94391 0.00000 0.05609 0.00000 ( 1)
 283 K   0.94674 0.00000 0.05326 0.00000 ( 1)
 284 V   0.94413 0.00000 0.05587 0.00000 ( 1)
 285 A   0.93738 0.00000 0.06262 0.00000 ( 1)
 286 L   0.93704 0.00000 0.06296 0.00000 ( 1)
 287 M   0.96245 0.00000 0.03755 0.00000 ( 1)
 288 T   0.95629 0.00000 0.04371 0.00000 ( 1)
 289 I   0.95383 0.00000 0.04617 0.00000 ( 1)
 290 S   0.93864 0.00000 0.06136 0.00000 ( 1)
 291 L   0.92881 0.00000 0.07119 0.00000 ( 1)
 292 W   0.93555 0.00000 0.06445 0.00000 ( 1)
 293 F   0.95949 0.00000 0.04051 0.00000 ( 1)
 294 M   0.96245 0.00000 0.03755 0.00000 ( 1)
 295 A   0.93981 0.00000 0.06019 0.00000 ( 1)
 296 W   0.93555 0.00000 0.06445 0.00000 ( 1)
 297 T   0.94419 0.00000 0.05581 0.00000 ( 1)
 298 P   0.93117 0.00000 0.06883 0.00000 ( 1)
 299 Y   0.94759 0.00000 0.05241 0.00000 ( 1)
 300 L   0.93301 0.00000 0.06699 0.00000 ( 1)
 301 V   0.94701 0.00000 0.05299 0.00000 ( 1)
 302 I   0.96080 0.00000 0.03920 0.00000 ( 1)
 303 N   0.95625 0.00000 0.04375 0.00000 ( 1)
 304 F   0.94134 0.00000 0.05866 0.00000 ( 1)
 305 A   0.94473 0.00000 0.05527 0.00000 ( 1)
 306 G   0.92889 0.00000 0.07111 0.00000 ( 1)
 307 V   0.94181 0.00000 0.05819 0.00000 ( 1)
 308 F   0.95946 0.00000 0.04054 0.00000 ( 1)
 309 E   0.94705 0.00000 0.05295 0.00000 ( 1)
 310 T   0.02320 0.00000 0.97680 0.00000 ( 3)
 311 A   0.93974 0.00000 0.06026 0.00000 ( 1)
 312 P   0.94096 0.00000 0.05904 0.00000 ( 1)
 313 I   0.96083 0.00000 0.03917 0.00000 ( 1)
 314 S   0.95407 0.00000 0.04593 0.00000 ( 1)
 315 P   0.93759 0.00000 0.06241 0.00000 ( 1)
 316 L   0.93464 0.00000 0.06536 0.00000 ( 1)
 317 S   0.95577 0.00000 0.04423 0.00000 ( 1)
 318 T   0.95654 0.00000 0.04346 0.00000 ( 1)
 319 I   0.96066 0.00000 0.03934 0.00000 ( 1)
 320 W   0.93555 0.00000 0.06445 0.00000 ( 1)
 321 G   0.94591 0.00000 0.05409 0.00000 ( 1)
 322 S   0.93513 0.00000 0.06487 0.00000 ( 1)
 323 V   0.02320 0.00000 0.97680 0.00000 ( 3)
 324 F   0.95815 0.00000 0.04185 0.00000 ( 1)
 325 A   0.95679 0.00000 0.04321 0.00000 ( 1)
 326 K   0.94672 0.00000 0.05328 0.00000 ( 1)
 327 A   0.94389 0.00000 0.05611 0.00000 ( 1)
 328 N   0.94494 0.00000 0.05506 0.00000 ( 1)
 329 A   0.94794 0.00000 0.05206 0.00000 ( 1)
 330 V   0.95661 0.00000 0.04339 0.00000 ( 1)
 331 Y   0.94765 0.00000 0.05235 0.00000 ( 1)
 332 N   0.94507 0.00000 0.05493 0.00000 ( 1)
 333 P   0.93878 0.00000 0.06122 0.00000 ( 1)
 334 I   0.94923 0.00000 0.05077 0.00000 ( 1)
 335 V   0.93627 0.00000 0.06373 0.00000 ( 1)
 336 Y   0.93542 0.00000 0.06458 0.00000 ( 1)
 337 G   0.93851 0.00000 0.06149 0.00000 ( 1)
 338 I   0.96084 0.00000 0.03916 0.00000 ( 1)
 339 S   0.95414 0.00000 0.04586 0.00000 ( 1)
 340 H   0.94263 0.00000 0.05737 0.00000 ( 1)
 341 P   0.93882 0.00000 0.06118 0.00000 ( 1)
 342 K   0.93838 0.00000 0.06162 0.00000 ( 1)
 343 Y   0.94771 0.00000 0.05229 0.00000 ( 1)
 344 R   0.94267 0.00000 0.05733 0.00000 ( 1)
 345 A   0.94668 0.00000 0.05332 0.00000 ( 1)
 346 A   0.94616 0.00000 0.05384 0.00000 ( 1)
 347 L   0.93289 0.00000 0.06711 0.00000 ( 1)
 348 Y   0.94773 0.00000 0.05227 0.00000 ( 1)
 349 Q   0.93490 0.00000 0.06510 0.00000 ( 1)
 350 R   0.94457 0.00000 0.05543 0.00000 ( 1)
 351 F   0.95959 0.00000 0.04041 0.00000 ( 1)
 352 P   0.93449 0.00000 0.06551 0.00000 ( 1)
 353 S   0.86890 0.00000 0.13110 0.00000 ( 1)
 354 L   0.93336 0.00000 0.06664 0.00000 ( 1)
 355 A   0.04602 0.00000 0.95398 0.00000 ( 3)
 356 C   0.94847 0.00000 0.05153 0.00000 ( 1)
 357 Q   0.93487 0.00000 0.06513 0.00000 ( 1)
 358 P   0.01834 0.00511 0.97211 0.00444 ( 3)
 359 S   0.93954 0.00000 0.06046 0.00000 ( 1)
 360 P   0.95033 0.00000 0.04967 0.00000 ( 1)
 361 E   0.34366 0.00000 0.65634 0.00000 ( 3)
 362 E   0.94522 0.00000 0.05478 0.00000 ( 1)
 363 T   0.00000 0.91638 0.00000 0.08362 ( 2)
 364 G   0.95149 0.00000 0.04851 0.00000 ( 1)
 365 S   0.95128 0.00000 0.04872 0.00000 ( 1)
 366 V   0.94736 0.00000 0.05264 0.00000 ( 1)
 367 A   0.95517 0.00000 0.04483 0.00000 ( 1)
 368 S   0.95065 0.00000 0.04935 0.00000 ( 1)
 369 A   0.95122 0.00000 0.04878 0.00000 ( 1)
 370 A   0.95667 0.00000 0.04333 0.00000 ( 1)
 371 T   0.95649 0.00000 0.04351 0.00000 ( 1)
 372 A   0.95564 0.00000 0.04436 0.00000 ( 1)
 373 C   0.95505 0.00000 0.04495 0.00000 ( 1)
 374 T   0.95097 0.00000 0.04903 0.00000 ( 1)
 375 E   0.94796 0.00000 0.05204 0.00000 ( 1)
 376 E   0.94808 0.00000 0.05192 0.00000 ( 1)
 377 K   0.94543 0.00000 0.05457 0.00000 ( 1)
 378 P   0.94893 0.00000 0.05107 0.00000 ( 1)
 379 S   0.02312 0.00000 0.97688 0.00000 ( 3)
 380 A   0.94691 0.00000 0.05309 0.00000 ( 1)


lnL = -69090.306489

Bayes Empirical Bayes (BEB) probabilities for 4 classes (class)
(amino acids refer to 1st sequence: ColCroc|LWS3)

   1 M   0.80880 0.00000 0.19120 0.00000 ( 1)
   2 A   0.78973 0.00000 0.21027 0.00000 ( 1)
   3 T   0.00000 0.77033 0.00000 0.22967 ( 2)
   4 S   0.79576 0.00000 0.20424 0.00000 ( 1)
   5 M   0.78919 0.00000 0.21081 0.00000 ( 1)
   6 D   0.80175 0.00000 0.19825 0.00000 ( 1)
   7 P   0.79432 0.00000 0.20568 0.00000 ( 1)
   8 A   0.77620 0.00000 0.22380 0.00000 ( 1)
   9 P   0.77778 0.00000 0.22222 0.00000 ( 1)
  10 G   0.79528 0.00000 0.20472 0.00000 ( 1)
  11 V   0.00000 0.77942 0.00000 0.22058 ( 2)
  12 A   0.78743 0.00000 0.21257 0.00000 ( 1)
  13 A   0.79185 0.00000 0.20815 0.00000 ( 1)
  14 M   0.77920 0.00000 0.22080 0.00000 ( 1)
  15 Q   0.78009 0.00000 0.21991 0.00000 ( 1)
  16 T   0.78200 0.00000 0.21800 0.00000 ( 1)
  17 W   0.78108 0.00000 0.21892 0.00000 ( 1)
  18 G   0.79571 0.00000 0.20429 0.00000 ( 1)
  19 G   0.79555 0.00000 0.20445 0.00000 ( 1)
  20 H   0.77712 0.00000 0.22288 0.00000 ( 1)
  21 A   0.02776 0.00000 0.97224 0.00000 ( 3)
  22 E   0.79193 0.00000 0.20807 0.00000 ( 1)
  23 A   0.80210 0.00000 0.19790 0.00000 ( 1)
  24 Y   0.79205 0.00000 0.20795 0.00000 ( 1)
  25 S   0.79575 0.00000 0.20425 0.00000 ( 1)
  26 A   0.79809 0.00000 0.20191 0.00000 ( 1)
  27 N   0.80110 0.00000 0.19890 0.00000 ( 1)
  28 Q   0.77809 0.00000 0.22191 0.00000 ( 1)
  29 T   0.80255 0.00000 0.19745 0.00000 ( 1)
  30 V   0.80285 0.00000 0.19715 0.00000 ( 1)
  31 V   0.80395 0.00000 0.19605 0.00000 ( 1)
  32 D   0.80249 0.00000 0.19751 0.00000 ( 1)
  33 K   0.78687 0.00000 0.21313 0.00000 ( 1)
  34 V   0.79249 0.00000 0.20751 0.00000 ( 1)
  35 L   0.65629 0.02567 0.30808 0.00997 ( 1)
  36 P   0.77841 0.00000 0.22159 0.00000 ( 1)
  37 E   0.78250 0.00000 0.21750 0.00000 ( 1)
  38 M   0.80681 0.00000 0.19319 0.00000 ( 1)
  39 L   0.77839 0.00000 0.22161 0.00000 ( 1)
  40 H   0.79293 0.00000 0.20707 0.00000 ( 1)
  41 L   0.02362 0.00000 0.97638 0.00000 ( 3)
  42 I   0.03095 0.00000 0.96905 0.00000 ( 3)
  43 D   0.80243 0.00000 0.19757 0.00000 ( 1)
  44 A   0.77792 0.00000 0.22208 0.00000 ( 1)
  45 H   0.79105 0.00000 0.20895 0.00000 ( 1)
  46 W   0.78108 0.00000 0.21892 0.00000 ( 1)
  47 Y   0.78119 0.00000 0.21881 0.00000 ( 1)
  48 Q   0.77534 0.00000 0.22466 0.00000 ( 1)
  49 F   0.79342 0.00000 0.20658 0.00000 ( 1)
  50 P   0.77788 0.00000 0.22212 0.00000 ( 1)
  51 P   0.78397 0.00000 0.21603 0.00000 ( 1)
  52 M   0.80879 0.00000 0.19121 0.00000 ( 1)
  53 N   0.80045 0.00000 0.19955 0.00000 ( 1)
  54 P   0.78335 0.00000 0.21665 0.00000 ( 1)
  55 L   0.77297 0.00000 0.22703 0.00000 ( 1)
  56 W   0.78108 0.00000 0.21892 0.00000 ( 1)
  57 Y   0.79262 0.00000 0.20738 0.00000 ( 1)
  58 G   0.78271 0.00000 0.21729 0.00000 ( 1)
  59 L   0.78147 0.00000 0.21853 0.00000 ( 1)
  60 L   0.77907 0.00000 0.22093 0.00000 ( 1)
  61 G   0.78342 0.00000 0.21658 0.00000 ( 1)
  62 F   0.80468 0.00000 0.19532 0.00000 ( 1)
  63 T   0.78921 0.00000 0.21079 0.00000 ( 1)
  64 I   0.79604 0.00000 0.20396 0.00000 ( 1)
  65 C   0.79574 0.00000 0.20426 0.00000 ( 1)
  66 I   0.00000 0.78292 0.00000 0.21708 ( 2)
  67 L   0.78912 0.00000 0.21088 0.00000 ( 1)
  68 A   0.79285 0.00000 0.20715 0.00000 ( 1)
  69 F   0.80512 0.00000 0.19488 0.00000 ( 1)
  70 I   0.80709 0.00000 0.19291 0.00000 ( 1)
  71 S   0.77706 0.00000 0.22294 0.00000 ( 1)
  72 V   0.80788 0.00000 0.19212 0.00000 ( 1)
  73 T   0.78877 0.00000 0.21123 0.00000 ( 1)
  74 G   0.79569 0.00000 0.20431 0.00000 ( 1)
  75 N   0.80100 0.00000 0.19900 0.00000 ( 1)
  76 G   0.77620 0.00000 0.22380 0.00000 ( 1)
  77 M   0.80880 0.00000 0.19120 0.00000 ( 1)
  78 V   0.79165 0.00000 0.20835 0.00000 ( 1)
  79 I   0.78095 0.00000 0.21905 0.00000 ( 1)
  80 Y   0.79205 0.00000 0.20795 0.00000 ( 1)
  81 I   0.79694 0.00000 0.20306 0.00000 ( 1)
  82 F   0.80556 0.00000 0.19444 0.00000 ( 1)
  83 S   0.78138 0.00000 0.21862 0.00000 ( 1)
  84 T   0.71683 0.00000 0.28316 0.00000 ( 1)
  85 T   0.78190 0.00000 0.21810 0.00000 ( 1)
  86 K   0.79091 0.00000 0.20909 0.00000 ( 1)
  87 S   0.00000 0.78233 0.00000 0.21767 ( 2)
  88 L   0.79812 0.00000 0.20188 0.00000 ( 1)
  89 K   0.78343 0.00000 0.21657 0.00000 ( 1)
  90 T   0.78174 0.00000 0.21826 0.00000 ( 1)
  91 P   0.77794 0.00000 0.22206 0.00000 ( 1)
  92 S   0.77556 0.00000 0.22444 0.00000 ( 1)
  93 N   0.80106 0.00000 0.19894 0.00000 ( 1)
  94 L   0.76945 0.00000 0.23055 0.00000 ( 1)
  95 L   0.77376 0.00000 0.22624 0.00000 ( 1)
  96 V   0.78500 0.00000 0.21500 0.00000 ( 1)
  97 V   0.78259 0.00000 0.21741 0.00000 ( 1)
  98 N   0.78920 0.00000 0.21080 0.00000 ( 1)
  99 L   0.77395 0.00000 0.22605 0.00000 ( 1)
 100 A   0.78776 0.00000 0.21224 0.00000 ( 1)
 101 F   0.79743 0.00000 0.20257 0.00000 ( 1)
 102 S   0.78537 0.00000 0.21463 0.00000 ( 1)
 103 D   0.80001 0.00000 0.19999 0.00000 ( 1)
 104 F   0.80553 0.00000 0.19447 0.00000 ( 1)
 105 L   0.77668 0.00000 0.22332 0.00000 ( 1)
 106 M   0.80880 0.00000 0.19120 0.00000 ( 1)
 107 M   0.80880 0.00000 0.19120 0.00000 ( 1)
 108 A   0.00581 0.00000 0.99419 0.00000 ( 3)
 109 M   0.00000 0.77306 0.00000 0.22694 ( 2)
 110 M   0.80880 0.00000 0.19120 0.00000 ( 1)
 111 A   0.78329 0.00000 0.21671 0.00000 ( 1)
 112 P   0.78648 0.00000 0.21352 0.00000 ( 1)
 113 P   0.18857 0.00013 0.81124 0.00005 ( 3)
 114 L   0.80880 0.00000 0.19120 0.00000 ( 1)
 115 C   0.78950 0.00000 0.21050 0.00000 ( 1)
 116 I   0.73021 0.00000 0.26979 0.00000 ( 1)
 117 N   0.78889 0.00000 0.21111 0.00000 ( 1)
 118 S   0.78201 0.00000 0.21799 0.00000 ( 1)
 119 Y   0.78793 0.00000 0.21207 0.00000 ( 1)
 120 Y   0.02506 0.00000 0.97494 0.00000 ( 3)
 121 Q   0.78467 0.00000 0.21533 0.00000 ( 1)
 122 T   0.78139 0.00000 0.21861 0.00000 ( 1)
 123 W   0.78108 0.00000 0.21892 0.00000 ( 1)
 124 V   0.78267 0.00000 0.21733 0.00000 ( 1)
 125 F   0.79528 0.00000 0.20472 0.00000 ( 1)
 126 G   0.78311 0.00000 0.21689 0.00000 ( 1)
 127 P   0.77837 0.00000 0.22163 0.00000 ( 1)
 128 V   0.77972 0.00000 0.22028 0.00000 ( 1)
 129 A   0.78401 0.00000 0.21599 0.00000 ( 1)
 130 C   0.78209 0.00000 0.21791 0.00000 ( 1)
 131 Q   0.78467 0.00000 0.21533 0.00000 ( 1)
 132 F   0.77344 0.00000 0.22656 0.00000 ( 1)
 133 Y   0.79196 0.00000 0.20804 0.00000 ( 1)
 134 A   0.78940 0.00000 0.21060 0.00000 ( 1)
 135 C   0.78222 0.00000 0.21778 0.00000 ( 1)
 136 F   0.79178 0.00000 0.20822 0.00000 ( 1)
 137 G   0.78630 0.00000 0.21370 0.00000 ( 1)
 138 S   0.77574 0.00000 0.22426 0.00000 ( 1)
 139 L   0.77297 0.00000 0.22703 0.00000 ( 1)
 140 F   0.80544 0.00000 0.19456 0.00000 ( 1)
 141 G   0.78644 0.00000 0.21356 0.00000 ( 1)
 142 C   0.67565 0.00000 0.32435 0.00000 ( 1)
 143 V   0.01631 0.00000 0.98369 0.00000 ( 3)
 144 S   0.78005 0.00000 0.21995 0.00000 ( 1)
 145 I   0.79438 0.00000 0.20562 0.00000 ( 1)
 146 W   0.78108 0.00000 0.21892 0.00000 ( 1)
 147 T   0.78331 0.00000 0.21669 0.00000 ( 1)
 148 M   0.80880 0.00000 0.19120 0.00000 ( 1)
 149 T   0.78814 0.00000 0.21186 0.00000 ( 1)
 150 A   0.80880 0.00000 0.19120 0.00000 ( 1)
 151 I   0.79573 0.00000 0.20427 0.00000 ( 1)
 152 A   0.80182 0.00000 0.19818 0.00000 ( 1)
 153 F   0.80556 0.00000 0.19444 0.00000 ( 1)
 154 D   0.80249 0.00000 0.19751 0.00000 ( 1)
 155 R   0.76830 0.00000 0.23170 0.00000 ( 1)
 156 Y   0.79206 0.00000 0.20794 0.00000 ( 1)
 157 N   0.78952 0.00000 0.21048 0.00000 ( 1)
 158 V   0.79805 0.00000 0.20195 0.00000 ( 1)
 159 I   0.80686 0.00000 0.19314 0.00000 ( 1)
 160 V   0.78430 0.00000 0.21570 0.00000 ( 1)
 161 K   0.79078 0.00000 0.20922 0.00000 ( 1)
 162 G   0.78360 0.00000 0.21640 0.00000 ( 1)
 163 I   0.80463 0.00000 0.19537 0.00000 ( 1)
 164 A   0.80208 0.00000 0.19792 0.00000 ( 1)
 165 A   0.79806 0.00000 0.20194 0.00000 ( 1)
 166 K   0.79079 0.00000 0.20921 0.00000 ( 1)
 167 P   0.77804 0.00000 0.22196 0.00000 ( 1)
 168 L   0.75914 0.00000 0.24086 0.00000 ( 1)
 169 T   0.80242 0.00000 0.19758 0.00000 ( 1)
 170 V   0.02744 0.00000 0.97256 0.00000 ( 3)
 171 N   0.79628 0.00000 0.20372 0.00000 ( 1)
 172 G   0.77625 0.00000 0.22375 0.00000 ( 1)
 173 A   0.78898 0.00000 0.21102 0.00000 ( 1)
 174 L   0.77939 0.00000 0.22061 0.00000 ( 1)
 175 L   0.77911 0.00000 0.22089 0.00000 ( 1)
 176 Q   0.76831 0.00000 0.23169 0.00000 ( 1)
 177 I   0.80067 0.00000 0.19933 0.00000 ( 1)
 178 F   0.78529 0.00000 0.21471 0.00000 ( 1)
 179 G   0.79297 0.00000 0.20703 0.00000 ( 1)
 180 V   0.80779 0.00000 0.19221 0.00000 ( 1)
 181 W   0.78108 0.00000 0.21892 0.00000 ( 1)
 182 A   0.00000 0.76531 0.00000 0.23469 ( 2)
 183 F   0.80567 0.00000 0.19433 0.00000 ( 1)
 184 S   0.77574 0.00000 0.22426 0.00000 ( 1)
 185 L   0.78509 0.00000 0.21491 0.00000 ( 1)
 186 A   0.78210 0.00000 0.21790 0.00000 ( 1)
 187 W   0.78108 0.00000 0.21892 0.00000 ( 1)
 188 T   0.78853 0.00000 0.21147 0.00000 ( 1)
 189 L   0.04680 0.00000 0.95320 0.00000 ( 3)
 190 A   0.78309 0.00000 0.21691 0.00000 ( 1)
 191 P   0.77787 0.00000 0.22213 0.00000 ( 1)
 192 I   0.01583 0.00000 0.98417 0.00000 ( 3)
 193 F   0.80521 0.00000 0.19479 0.00000 ( 1)
 194 G   0.78236 0.00000 0.21764 0.00000 ( 1)
 195 W   0.78108 0.00000 0.21892 0.00000 ( 1)
 196 S   0.79966 0.00000 0.20034 0.00000 ( 1)
 197 R   0.78884 0.00000 0.21116 0.00000 ( 1)
 198 Y   0.78549 0.00000 0.21451 0.00000 ( 1)
 199 V   0.78681 0.00000 0.21319 0.00000 ( 1)
 200 P   0.78380 0.00000 0.21620 0.00000 ( 1)
 201 E   0.78382 0.00000 0.21618 0.00000 ( 1)
 202 G   0.79184 0.00000 0.20816 0.00000 ( 1)
 203 N   0.80113 0.00000 0.19887 0.00000 ( 1)
 204 M   0.80880 0.00000 0.19120 0.00000 ( 1)
 205 T   0.79789 0.00000 0.20211 0.00000 ( 1)
 206 A   0.79873 0.00000 0.20127 0.00000 ( 1)
 207 C   0.78912 0.00000 0.21088 0.00000 ( 1)
 208 G   0.77618 0.00000 0.22382 0.00000 ( 1)
 209 T   0.78853 0.00000 0.21147 0.00000 ( 1)
 210 D   0.80249 0.00000 0.19751 0.00000 ( 1)
 211 Y   0.79199 0.00000 0.20801 0.00000 ( 1)
 212 L   0.51352 0.00000 0.48648 0.00000 ( 1)
 213 S   0.00000 0.78438 0.00000 0.21562 ( 2)
 214 K   0.79091 0.00000 0.20909 0.00000 ( 1)
 215 D   0.79415 0.00000 0.20585 0.00000 ( 1)
 216 L   0.78108 0.00000 0.21892 0.00000 ( 1)
 217 L   0.00000 0.78456 0.00000 0.21544 ( 2)
 218 S   0.79818 0.00000 0.20182 0.00000 ( 1)
 219 Q   0.78698 0.00000 0.21302 0.00000 ( 1)
 220 I   0.79818 0.00000 0.20182 0.00000 ( 1)
 221 Y   0.79204 0.00000 0.20796 0.00000 ( 1)
 222 I   0.80802 0.00000 0.19198 0.00000 ( 1)
 223 I   0.77966 0.00000 0.22034 0.00000 ( 1)
 224 T   0.77016 0.00000 0.22984 0.00000 ( 1)
 225 Y   0.79205 0.00000 0.20795 0.00000 ( 1)
 226 S   0.77571 0.00000 0.22429 0.00000 ( 1)
 227 I   0.76217 0.00000 0.23783 0.00000 ( 1)
 228 A   0.80567 0.00000 0.19433 0.00000 ( 1)
 229 C   0.80251 0.00000 0.19749 0.00000 ( 1)
 230 Y   0.79205 0.00000 0.20795 0.00000 ( 1)
 231 F   0.80519 0.00000 0.19481 0.00000 ( 1)
 232 L   0.00000 0.75536 0.00000 0.24464 ( 2)
 233 P   0.78392 0.00000 0.21608 0.00000 ( 1)
 234 L   0.77972 0.00000 0.22028 0.00000 ( 1)
 235 A   0.49434 0.00000 0.50566 0.00000 ( 3)
 236 L   0.79810 0.00000 0.20190 0.00000 ( 1)
 237 I   0.80798 0.00000 0.19202 0.00000 ( 1)
 238 V   0.80797 0.00000 0.19203 0.00000 ( 1)
 239 Y   0.79201 0.00000 0.20799 0.00000 ( 1)
 240 S   0.78535 0.00000 0.21465 0.00000 ( 1)
 241 Y   0.79200 0.00000 0.20800 0.00000 ( 1)
 242 F   0.80523 0.00000 0.19477 0.00000 ( 1)
 243 F   0.80566 0.00000 0.19434 0.00000 ( 1)
 244 I   0.79396 0.00000 0.20604 0.00000 ( 1)
 245 V   0.78857 0.00000 0.21143 0.00000 ( 1)
 246 Q   0.78057 0.00000 0.21943 0.00000 ( 1)
 247 A   0.79073 0.00000 0.20927 0.00000 ( 1)
 248 V   0.78231 0.00000 0.21769 0.00000 ( 1)
 249 A   0.78182 0.00000 0.21818 0.00000 ( 1)
 250 A   0.78902 0.00000 0.21098 0.00000 ( 1)
 251 H   0.79315 0.00000 0.20685 0.00000 ( 1)
 252 E   0.78625 0.00000 0.21375 0.00000 ( 1)
 253 K   0.78380 0.00000 0.21620 0.00000 ( 1)
 254 A   0.80101 0.00000 0.19899 0.00000 ( 1)
 255 M   0.80880 0.00000 0.19120 0.00000 ( 1)
 256 R   0.78902 0.00000 0.21098 0.00000 ( 1)
 257 E   0.78467 0.00000 0.21533 0.00000 ( 1)
 258 Q   0.77862 0.00000 0.22138 0.00000 ( 1)
 259 A   0.79103 0.00000 0.20897 0.00000 ( 1)
 260 K   0.79090 0.00000 0.20910 0.00000 ( 1)
 261 K   0.78343 0.00000 0.21657 0.00000 ( 1)
 262 M   0.80880 0.00000 0.19120 0.00000 ( 1)
 263 N   0.80106 0.00000 0.19894 0.00000 ( 1)
 264 V   0.78955 0.00000 0.21045 0.00000 ( 1)
 265 A   0.78901 0.00000 0.21099 0.00000 ( 1)
 266 S   0.78530 0.00000 0.21470 0.00000 ( 1)
 267 L   0.79308 0.00000 0.20692 0.00000 ( 1)
 268 R   0.78030 0.00000 0.21970 0.00000 ( 1)
 269 S   0.77569 0.00000 0.22431 0.00000 ( 1)
 270 S   0.78537 0.00000 0.21463 0.00000 ( 1)
 271 E   0.78235 0.00000 0.21765 0.00000 ( 1)
 272 Q   0.67369 0.00000 0.32631 0.00000 ( 1)
 273 A   0.79245 0.00000 0.20755 0.00000 ( 1)
 274 N   0.80112 0.00000 0.19888 0.00000 ( 1)
 275 T   0.80132 0.00000 0.19868 0.00000 ( 1)
 276 S   0.79812 0.00000 0.20188 0.00000 ( 1)
 277 A   0.78918 0.00000 0.21082 0.00000 ( 1)
 278 E   0.78468 0.00000 0.21532 0.00000 ( 1)
 279 C   0.79239 0.00000 0.20761 0.00000 ( 1)
 280 K   0.78343 0.00000 0.21657 0.00000 ( 1)
 281 L   0.78385 0.00000 0.21615 0.00000 ( 1)
 282 A   0.78905 0.00000 0.21095 0.00000 ( 1)
 283 K   0.79091 0.00000 0.20909 0.00000 ( 1)
 284 V   0.78952 0.00000 0.21048 0.00000 ( 1)
 285 A   0.78322 0.00000 0.21678 0.00000 ( 1)
 286 L   0.78311 0.00000 0.21689 0.00000 ( 1)
 287 M   0.80880 0.00000 0.19120 0.00000 ( 1)
 288 T   0.80218 0.00000 0.19782 0.00000 ( 1)
 289 I   0.79958 0.00000 0.20042 0.00000 ( 1)
 290 S   0.78423 0.00000 0.21577 0.00000 ( 1)
 291 L   0.77644 0.00000 0.22356 0.00000 ( 1)
 292 W   0.78108 0.00000 0.21892 0.00000 ( 1)
 293 F   0.80558 0.00000 0.19442 0.00000 ( 1)
 294 M   0.80880 0.00000 0.19120 0.00000 ( 1)
 295 A   0.78537 0.00000 0.21463 0.00000 ( 1)
 296 W   0.78108 0.00000 0.21892 0.00000 ( 1)
 297 T   0.78933 0.00000 0.21067 0.00000 ( 1)
 298 P   0.77787 0.00000 0.22213 0.00000 ( 1)
 299 Y   0.79193 0.00000 0.20807 0.00000 ( 1)
 300 L   0.77939 0.00000 0.22061 0.00000 ( 1)
 301 V   0.79251 0.00000 0.20749 0.00000 ( 1)
 302 I   0.80802 0.00000 0.19198 0.00000 ( 1)
 303 N   0.80104 0.00000 0.19896 0.00000 ( 1)
 304 F   0.78656 0.00000 0.21344 0.00000 ( 1)
 305 A   0.78973 0.00000 0.21027 0.00000 ( 1)
 306 G   0.77618 0.00000 0.22382 0.00000 ( 1)
 307 V   0.78756 0.00000 0.21244 0.00000 ( 1)
 308 F   0.80557 0.00000 0.19443 0.00000 ( 1)
 309 E   0.79182 0.00000 0.20818 0.00000 ( 1)
 310 T   0.02537 0.00000 0.97463 0.00000 ( 3)
 311 A   0.78534 0.00000 0.21466 0.00000 ( 1)
 312 P   0.78627 0.00000 0.21373 0.00000 ( 1)
 313 I   0.80804 0.00000 0.19196 0.00000 ( 1)
 314 S   0.79811 0.00000 0.20189 0.00000 ( 1)
 315 P   0.78296 0.00000 0.21704 0.00000 ( 1)
 316 L   0.78090 0.00000 0.21910 0.00000 ( 1)
 317 S   0.80198 0.00000 0.19802 0.00000 ( 1)
 318 T   0.80246 0.00000 0.19754 0.00000 ( 1)
 319 I   0.80793 0.00000 0.19207 0.00000 ( 1)
 320 W   0.78108 0.00000 0.21892 0.00000 ( 1)
 321 G   0.79044 0.00000 0.20956 0.00000 ( 1)
 322 S   0.78141 0.00000 0.21859 0.00000 ( 1)
 323 V   0.02565 0.00000 0.97435 0.00000 ( 3)
 324 F   0.80429 0.00000 0.19571 0.00000 ( 1)
 325 A   0.80319 0.00000 0.19681 0.00000 ( 1)
 326 K   0.79090 0.00000 0.20910 0.00000 ( 1)
 327 A   0.78902 0.00000 0.21098 0.00000 ( 1)
 328 N   0.78942 0.00000 0.21058 0.00000 ( 1)
 329 A   0.79325 0.00000 0.20675 0.00000 ( 1)
 330 V   0.80351 0.00000 0.19649 0.00000 ( 1)
 331 Y   0.79198 0.00000 0.20802 0.00000 ( 1)
 332 N   0.79011 0.00000 0.20989 0.00000 ( 1)
 333 P   0.78391 0.00000 0.21609 0.00000 ( 1)
 334 I   0.79395 0.00000 0.20605 0.00000 ( 1)
 335 V   0.78229 0.00000 0.21771 0.00000 ( 1)
 336 Y   0.78119 0.00000 0.21881 0.00000 ( 1)
 337 G   0.78365 0.00000 0.21635 0.00000 ( 1)
 338 I   0.80805 0.00000 0.19195 0.00000 ( 1)
 339 S   0.79818 0.00000 0.20182 0.00000 ( 1)
 340 H   0.78729 0.00000 0.21271 0.00000 ( 1)
 341 P   0.78394 0.00000 0.21606 0.00000 ( 1)
 342 K   0.78343 0.00000 0.21657 0.00000 ( 1)
 343 Y   0.79204 0.00000 0.20796 0.00000 ( 1)
 344 R   0.78696 0.00000 0.21304 0.00000 ( 1)
 345 A   0.79179 0.00000 0.20821 0.00000 ( 1)
 346 A   0.79133 0.00000 0.20867 0.00000 ( 1)
 347 L   0.77938 0.00000 0.22062 0.00000 ( 1)
 348 Y   0.79205 0.00000 0.20795 0.00000 ( 1)
 349 Q   0.78057 0.00000 0.21943 0.00000 ( 1)
 350 R   0.78871 0.00000 0.21129 0.00000 ( 1)
 351 F   0.80568 0.00000 0.19432 0.00000 ( 1)
 352 P   0.78054 0.00000 0.21946 0.00000 ( 1)
 353 S   0.73188 0.00000 0.26812 0.00000 ( 1)
 354 L   0.77975 0.00000 0.22025 0.00000 ( 1)
 355 A   0.05520 0.00000 0.94480 0.00000 ( 3)
 356 C   0.79240 0.00000 0.20760 0.00000 ( 1)
 357 Q   0.78056 0.00000 0.21944 0.00000 ( 1)
 358 P   0.02354 0.00003 0.97641 0.00003 ( 3)
 359 S   0.78496 0.00000 0.21504 0.00000 ( 1)
 360 P   0.79471 0.00000 0.20529 0.00000 ( 1)
 361 E   0.30787 0.00000 0.69213 0.00000 ( 3)
 362 E   0.79121 0.00000 0.20879 0.00000 ( 1)
 363 T   0.00000 0.76703 0.00000 0.23297 ( 2)
 364 G   0.79571 0.00000 0.20429 0.00000 ( 1)
 365 S   0.79639 0.00000 0.20361 0.00000 ( 1)
 366 V   0.79260 0.00000 0.20740 0.00000 ( 1)
 367 A   0.80137 0.00000 0.19863 0.00000 ( 1)
 368 S   0.79567 0.00000 0.20433 0.00000 ( 1)
 369 A   0.79547 0.00000 0.20453 0.00000 ( 1)
 370 A   0.80305 0.00000 0.19695 0.00000 ( 1)
 371 T   0.80241 0.00000 0.19759 0.00000 ( 1)
 372 A   0.80198 0.00000 0.19802 0.00000 ( 1)
 373 C   0.80176 0.00000 0.19824 0.00000 ( 1)
 374 T   0.79607 0.00000 0.20393 0.00000 ( 1)
 375 E   0.79221 0.00000 0.20779 0.00000 ( 1)
 376 E   0.79232 0.00000 0.20768 0.00000 ( 1)
 377 K   0.79049 0.00000 0.20951 0.00000 ( 1)
 378 P   0.79348 0.00000 0.20652 0.00000 ( 1)
 379 S   0.02546 0.00000 0.97454 0.00000 ( 3)
 380 A   0.79200 0.00000 0.20800 0.00000 ( 1)

