Supplemental results for CODEML (seqf: align.fa  treef: tree.nwk)


MLEs of dN/dS (w) for site classes (K=4)

site class             0        1       2a       2b
proportion       0.93989  0.02813  0.03105  0.00093
background w     0.04065  1.00000  0.04065  1.00000
foreground w     0.04065  1.00000  1.00000  1.00000

Naive Empirical Bayes (NEB) probabilities for 4 classes
(amino acids refer to 1st sequence: ColCroc|LWS3)

   1 M   0.69159 0.00000 0.30841 0.00000 ( 1)
   2 A   0.67733 0.00015 0.32252 0.00001 ( 1)
   3 T   0.00000 0.96802 0.00000 0.03198 ( 2)
   4 S   0.98483 0.00000 0.01517 0.00000 ( 1)
   5 M   0.98428 0.00000 0.01572 0.00000 ( 1)
   6 D   0.98953 0.00000 0.01047 0.00000 ( 1)
   7 P   0.98541 0.00000 0.01459 0.00000 ( 1)
   8 A   0.98604 0.00000 0.01396 0.00000 ( 1)
   9 P   0.98413 0.00000 0.01587 0.00000 ( 1)
  10 G   0.98751 0.00000 0.01249 0.00000 ( 1)
  11 V   0.00000 0.96802 0.00000 0.03198 ( 2)
  12 A   0.98842 0.00000 0.01158 0.00000 ( 1)
  13 A   0.98548 0.00000 0.01452 0.00000 ( 1)
  14 M   0.97829 0.00000 0.02171 0.00000 ( 1)
  15 Q   0.86262 0.00000 0.13738 0.00000 ( 1)
  16 T   0.98321 0.00000 0.01679 0.00000 ( 1)
  17 W   0.98232 0.00000 0.01768 0.00000 ( 1)
  18 G   0.98768 0.00000 0.01232 0.00000 ( 1)
  19 G   0.98773 0.00000 0.01227 0.00000 ( 1)
  20 H   0.97973 0.00000 0.02027 0.00000 ( 1)
  21 A   0.98752 0.00000 0.01248 0.00000 ( 1)
  22 E   0.98550 0.00000 0.01450 0.00000 ( 1)
  23 A   0.98384 0.00000 0.01616 0.00000 ( 1)
  24 Y   0.98647 0.00000 0.01353 0.00000 ( 1)
  25 S   0.98002 0.00000 0.01998 0.00000 ( 1)
  26 A   0.98791 0.00000 0.01209 0.00000 ( 1)
  27 N   0.98673 0.00000 0.01327 0.00000 ( 1)
  28 Q   0.98108 0.00000 0.01892 0.00000 ( 1)
  29 T   0.98891 0.00000 0.01109 0.00000 ( 1)
  30 V   0.98669 0.00000 0.01331 0.00000 ( 1)
  31 V   0.98459 0.00000 0.01541 0.00000 ( 1)
  32 D   0.98949 0.00000 0.01051 0.00000 ( 1)
  33 K   0.98559 0.00000 0.01441 0.00000 ( 1)
  34 V   0.98824 0.00000 0.01176 0.00000 ( 1)
  35 L   0.09672 0.87288 0.00156 0.02884 ( 2)
  36 P   0.98384 0.00000 0.01616 0.00000 ( 1)
  37 E   0.98658 0.00000 0.01342 0.00000 ( 1)
  38 M   0.99128 0.00000 0.00872 0.00000 ( 1)
  39 L   0.97947 0.00000 0.02053 0.00000 ( 1)
  40 H   0.98715 0.00000 0.01285 0.00000 ( 1)
  41 L   0.99128 0.00000 0.00872 0.00000 ( 1)
  42 I   0.98342 0.00000 0.01658 0.00000 ( 1)
  43 D   0.98701 0.00000 0.01299 0.00000 ( 1)
  44 A   0.98683 0.00000 0.01317 0.00000 ( 1)
  45 H   0.98710 0.00000 0.01290 0.00000 ( 1)
  46 W   0.98232 0.00000 0.01768 0.00000 ( 1)
  47 Y   0.98220 0.00000 0.01780 0.00000 ( 1)
  48 Q   0.98182 0.00000 0.01818 0.00000 ( 1)
  49 F   0.98963 0.00000 0.01037 0.00000 ( 1)
  50 P   0.98352 0.00000 0.01648 0.00000 ( 1)
  51 P   0.98103 0.00000 0.01897 0.00000 ( 1)
  52 M   0.99128 0.00000 0.00872 0.00000 ( 1)
  53 N   0.98861 0.00000 0.01139 0.00000 ( 1)
  54 P   0.98356 0.00000 0.01644 0.00000 ( 1)
  55 L   0.98378 0.00000 0.01622 0.00000 ( 1)
  56 W   0.98232 0.00000 0.01768 0.00000 ( 1)
  57 Y   0.98692 0.00000 0.01308 0.00000 ( 1)
  58 G   0.97970 0.00000 0.02030 0.00000 ( 1)
  59 L   0.98418 0.00000 0.01582 0.00000 ( 1)
  60 L   0.98148 0.00000 0.01852 0.00000 ( 1)
  61 G   0.98766 0.00000 0.01234 0.00000 ( 1)
  62 F   0.98766 0.00000 0.01234 0.00000 ( 1)
  63 T   0.97975 0.00000 0.02025 0.00000 ( 1)
  64 I   0.98201 0.00000 0.01799 0.00000 ( 1)
  65 C   0.98646 0.00000 0.01354 0.00000 ( 1)
  66 I   0.00000 0.96802 0.00000 0.03198 ( 2)
  67 L   0.97808 0.00000 0.02192 0.00000 ( 1)
  68 A   0.98339 0.00000 0.01661 0.00000 ( 1)
  69 F   0.98698 0.00000 0.01302 0.00000 ( 1)
  70 I   0.98545 0.00000 0.01455 0.00000 ( 1)
  71 S   0.97926 0.00000 0.02074 0.00000 ( 1)
  72 V   0.97928 0.00000 0.02072 0.00000 ( 1)
  73 T   0.70634 0.00000 0.29366 0.00000 ( 1)
  74 G   0.98038 0.00000 0.01962 0.00000 ( 1)
  75 N   0.98928 0.00000 0.01072 0.00000 ( 1)
  76 G   0.98692 0.00000 0.01308 0.00000 ( 1)
  77 M   0.99128 0.00000 0.00872 0.00000 ( 1)
  78 V   0.98794 0.00000 0.01206 0.00000 ( 1)
  79 I   0.98446 0.00000 0.01554 0.00000 ( 1)
  80 Y   0.98607 0.00000 0.01393 0.00000 ( 1)
  81 I   0.98913 0.00000 0.01087 0.00000 ( 1)
  82 F   0.98709 0.00000 0.01291 0.00000 ( 1)
  83 S   0.98133 0.00000 0.01867 0.00000 ( 1)
  84 T   0.98119 0.00098 0.01780 0.00003 ( 1)
  85 T   0.98459 0.00000 0.01541 0.00000 ( 1)
  86 K   0.98623 0.00000 0.01377 0.00000 ( 1)
  87 S   0.00000 0.96802 0.00000 0.03198 ( 2)
  88 L   0.97909 0.00000 0.02091 0.00000 ( 1)
  89 K   0.98334 0.00000 0.01666 0.00000 ( 1)
  90 T   0.98570 0.00000 0.01430 0.00000 ( 1)
  91 P   0.98343 0.00000 0.01657 0.00000 ( 1)
  92 S   0.97931 0.00000 0.02069 0.00000 ( 1)
  93 N   0.98834 0.00000 0.01166 0.00000 ( 1)
  94 L   0.98112 0.00000 0.01888 0.00000 ( 1)
  95 L   0.98677 0.00000 0.01323 0.00000 ( 1)
  96 V   0.98748 0.00000 0.01252 0.00000 ( 1)
  97 V   0.98301 0.00000 0.01699 0.00000 ( 1)
  98 N   0.98782 0.00000 0.01218 0.00000 ( 1)
  99 L   0.98225 0.00000 0.01775 0.00000 ( 1)
 100 A   0.98336 0.00000 0.01664 0.00000 ( 1)
 101 F   0.98734 0.00000 0.01266 0.00000 ( 1)
 102 S   0.98397 0.00000 0.01603 0.00000 ( 1)
 103 D   0.98938 0.00000 0.01062 0.00000 ( 1)
 104 F   0.98957 0.00000 0.01043 0.00000 ( 1)
 105 L   0.98644 0.00000 0.01356 0.00000 ( 1)
 106 M   0.99128 0.00000 0.00872 0.00000 ( 1)
 107 M   0.99128 0.00000 0.00872 0.00000 ( 1)
 108 A   0.96484 0.00001 0.03515 0.00000 ( 1)
 109 M   0.00000 0.96802 0.00000 0.03198 ( 2)
 110 M   0.99128 0.00000 0.00872 0.00000 ( 1)
 111 A   0.98374 0.00000 0.01626 0.00000 ( 1)
 112 P   0.98435 0.00000 0.01565 0.00000 ( 1)
 113 P   0.85823 0.12348 0.01421 0.00408 ( 1)
 114 L   0.99128 0.00000 0.00872 0.00000 ( 1)
 115 C   0.98799 0.00000 0.01201 0.00000 ( 1)
 116 I   0.98710 0.00000 0.01290 0.00000 ( 1)
 117 N   0.98878 0.00000 0.01122 0.00000 ( 1)
 118 S   0.98275 0.00000 0.01725 0.00000 ( 1)
 119 Y   0.98642 0.00000 0.01358 0.00000 ( 1)
 120 Y   0.98616 0.00000 0.01384 0.00000 ( 1)
 121 Q   0.98387 0.00000 0.01613 0.00000 ( 1)
 122 T   0.98672 0.00000 0.01328 0.00000 ( 1)
 123 W   0.98232 0.00000 0.01768 0.00000 ( 1)
 124 V   0.98195 0.00000 0.01805 0.00000 ( 1)
 125 F   0.98951 0.00000 0.01049 0.00000 ( 1)
 126 G   0.98066 0.00000 0.01934 0.00000 ( 1)
 127 P   0.98352 0.00000 0.01648 0.00000 ( 1)
 128 V   0.98993 0.00000 0.01007 0.00000 ( 1)
 129 A   0.99128 0.00000 0.00872 0.00000 ( 1)
 130 C   0.98318 0.00000 0.01682 0.00000 ( 1)
 131 Q   0.98387 0.00000 0.01613 0.00000 ( 1)
 132 F   0.98646 0.00000 0.01354 0.00000 ( 1)
 133 Y   0.98648 0.00000 0.01352 0.00000 ( 1)
 134 A   0.98598 0.00000 0.01402 0.00000 ( 1)
 135 C   0.98291 0.00000 0.01709 0.00000 ( 1)
 136 F   0.95845 0.00060 0.04093 0.00002 ( 1)
 137 G   0.98141 0.00000 0.01859 0.00000 ( 1)
 138 S   0.97927 0.00000 0.02073 0.00000 ( 1)
 139 L   0.97921 0.00000 0.02079 0.00000 ( 1)
 140 F   0.98999 0.00000 0.01001 0.00000 ( 1)
 141 G   0.98733 0.00000 0.01267 0.00000 ( 1)
 142 C   0.98651 0.00000 0.01349 0.00000 ( 1)
 143 V   0.98343 0.00000 0.01657 0.00000 ( 1)
 144 S   0.98772 0.00000 0.01228 0.00000 ( 1)
 145 I   0.98979 0.00000 0.01021 0.00000 ( 1)
 146 W   0.98232 0.00000 0.01768 0.00000 ( 1)
 147 T   0.98714 0.00000 0.01286 0.00000 ( 1)
 148 M   0.99128 0.00000 0.00872 0.00000 ( 1)
 149 T   0.98617 0.00000 0.01383 0.00000 ( 1)
 150 A   0.99128 0.00000 0.00872 0.00000 ( 1)
 151 I   0.99002 0.00000 0.00998 0.00000 ( 1)
 152 A   0.98633 0.00000 0.01367 0.00000 ( 1)
 153 F   0.99009 0.00000 0.00991 0.00000 ( 1)
 154 D   0.98704 0.00000 0.01296 0.00000 ( 1)
 155 R   0.97518 0.00000 0.02482 0.00000 ( 1)
 156 Y   0.98650 0.00000 0.01350 0.00000 ( 1)
 157 N   0.98890 0.00000 0.01110 0.00000 ( 1)
 158 V   0.98857 0.00000 0.01143 0.00000 ( 1)
 159 I   0.99018 0.00000 0.00982 0.00000 ( 1)
 160 V   0.98592 0.00000 0.01408 0.00000 ( 1)
 161 K   0.98372 0.00000 0.01628 0.00000 ( 1)
 162 G   0.98357 0.00000 0.01643 0.00000 ( 1)
 163 I   0.98867 0.00000 0.01133 0.00000 ( 1)
 164 A   0.98652 0.00000 0.01348 0.00000 ( 1)
 165 A   0.98883 0.00000 0.01117 0.00000 ( 1)
 166 K   0.67826 0.00000 0.32174 0.00000 ( 1)
 167 P   0.98494 0.00000 0.01506 0.00000 ( 1)
 168 L   0.97671 0.00000 0.02329 0.00000 ( 1)
 169 T   0.98893 0.00000 0.01107 0.00000 ( 1)
 170 V   0.98927 0.00000 0.01073 0.00000 ( 1)
 171 N   0.98918 0.00000 0.01082 0.00000 ( 1)
 172 G   0.98257 0.00000 0.01743 0.00000 ( 1)
 173 A   0.98530 0.00000 0.01470 0.00000 ( 1)
 174 L   0.98133 0.00000 0.01867 0.00000 ( 1)
 175 L   0.69972 0.00000 0.30028 0.00000 ( 1)
 176 Q   0.98379 0.00000 0.01621 0.00000 ( 1)
 177 I   0.98638 0.00000 0.01362 0.00000 ( 1)
 178 F   0.61027 0.00000 0.38973 0.00000 ( 1)
 179 G   0.98772 0.00000 0.01228 0.00000 ( 1)
 180 V   0.98876 0.00000 0.01124 0.00000 ( 1)
 181 W   0.98232 0.00000 0.01768 0.00000 ( 1)
 182 A   0.00000 0.96802 0.00000 0.03198 ( 2)
 183 F   0.98983 0.00000 0.01017 0.00000 ( 1)
 184 S   0.98187 0.00000 0.01813 0.00000 ( 1)
 185 L   0.98790 0.00000 0.01210 0.00000 ( 1)
 186 A   0.98250 0.00001 0.01749 0.00000 ( 1)
 187 W   0.98232 0.00000 0.01768 0.00000 ( 1)
 188 T   0.98397 0.00000 0.01603 0.00000 ( 1)
 189 L   0.98134 0.00000 0.01866 0.00000 ( 1)
 190 A   0.98244 0.00000 0.01756 0.00000 ( 1)
 191 P   0.98101 0.00000 0.01899 0.00000 ( 1)
 192 I   0.99008 0.00000 0.00992 0.00000 ( 1)
 193 F   0.98963 0.00000 0.01037 0.00000 ( 1)
 194 G   0.97970 0.00000 0.02030 0.00000 ( 1)
 195 W   0.98232 0.00000 0.01768 0.00000 ( 1)
 196 S   0.98928 0.00000 0.01072 0.00000 ( 1)
 197 R   0.98293 0.00000 0.01707 0.00000 ( 1)
 198 Y   0.98350 0.00000 0.01650 0.00000 ( 1)
 199 V   0.98378 0.00000 0.01622 0.00000 ( 1)
 200 P   0.98402 0.00000 0.01598 0.00000 ( 1)
 201 E   0.98495 0.00000 0.01505 0.00000 ( 1)
 202 G   0.98754 0.00000 0.01246 0.00000 ( 1)
 203 N   0.98928 0.00000 0.01072 0.00000 ( 1)
 204 M   0.99128 0.00000 0.00872 0.00000 ( 1)
 205 T   0.98616 0.00000 0.01384 0.00000 ( 1)
 206 A   0.98826 0.00000 0.01174 0.00000 ( 1)
 207 C   0.98688 0.00000 0.01312 0.00000 ( 1)
 208 G   0.98011 0.00000 0.01989 0.00000 ( 1)
 209 T   0.98513 0.00000 0.01487 0.00000 ( 1)
 210 D   0.98929 0.00000 0.01071 0.00000 ( 1)
 211 Y   0.98395 0.00000 0.01605 0.00000 ( 1)
 212 L   0.98718 0.00000 0.01282 0.00000 ( 1)
 213 S   0.00000 0.96802 0.00000 0.03198 ( 2)
 214 K   0.98623 0.00000 0.01377 0.00000 ( 1)
 215 D   0.77158 0.00000 0.22842 0.00000 ( 1)
 216 L   0.98232 0.00000 0.01768 0.00000 ( 1)
 217 L   0.00000 0.96802 0.00000 0.03198 ( 2)
 218 S   0.98873 0.00000 0.01127 0.00000 ( 1)
 219 Q   0.97779 0.00000 0.02221 0.00000 ( 1)
 220 I   0.98606 0.00000 0.01394 0.00000 ( 1)
 221 Y   0.98650 0.00000 0.01350 0.00000 ( 1)
 222 I   0.99008 0.00000 0.00992 0.00000 ( 1)
 223 I   0.98820 0.00000 0.01180 0.00000 ( 1)
 224 T   0.98676 0.00000 0.01324 0.00000 ( 1)
 225 Y   0.98644 0.00000 0.01356 0.00000 ( 1)
 226 S   0.98274 0.00000 0.01726 0.00000 ( 1)
 227 I   0.98842 0.00000 0.01158 0.00000 ( 1)
 228 A   0.99006 0.00000 0.00994 0.00000 ( 1)
 229 C   0.98866 0.00000 0.01134 0.00000 ( 1)
 230 Y   0.98650 0.00000 0.01350 0.00000 ( 1)
 231 F   0.98893 0.00000 0.01107 0.00000 ( 1)
 232 L   0.00000 0.96802 0.00000 0.03198 ( 2)
 233 P   0.98350 0.00000 0.01650 0.00000 ( 1)
 234 L   0.98120 0.00000 0.01880 0.00000 ( 1)
 235 A   0.98435 0.00000 0.01565 0.00000 ( 1)
 236 L   0.98759 0.00000 0.01241 0.00000 ( 1)
 237 I   0.98993 0.00000 0.01007 0.00000 ( 1)
 238 V   0.98790 0.00000 0.01210 0.00000 ( 1)
 239 Y   0.98649 0.00000 0.01351 0.00000 ( 1)
 240 S   0.98703 0.00000 0.01297 0.00000 ( 1)
 241 Y   0.98650 0.00000 0.01350 0.00000 ( 1)
 242 F   0.99009 0.00000 0.00991 0.00000 ( 1)
 243 F   0.99009 0.00000 0.00991 0.00000 ( 1)
 244 I   0.98707 0.00000 0.01293 0.00000 ( 1)
 245 V   0.98600 0.00000 0.01400 0.00000 ( 1)
 246 Q   0.98205 0.00000 0.01795 0.00000 ( 1)
 247 A   0.98535 0.00000 0.01465 0.00000 ( 1)
 248 V   0.98307 0.00000 0.01693 0.00000 ( 1)
 249 A   0.98568 0.00000 0.01432 0.00000 ( 1)
 250 A   0.98412 0.00000 0.01588 0.00000 ( 1)
 251 H   0.98717 0.00000 0.01283 0.00000 ( 1)
 252 E   0.98595 0.00000 0.01405 0.00000 ( 1)
 253 K   0.98419 0.00000 0.01581 0.00000 ( 1)
 254 A   0.70683 0.00000 0.29317 0.00000 ( 1)
 255 M   0.99128 0.00000 0.00872 0.00000 ( 1)
 256 R   0.98567 0.00000 0.01433 0.00000 ( 1)
 257 E   0.98387 0.00000 0.01613 0.00000 ( 1)
 258 Q   0.98187 0.00000 0.01813 0.00000 ( 1)
 259 A   0.98861 0.00000 0.01139 0.00000 ( 1)
 260 K   0.98622 0.00000 0.01378 0.00000 ( 1)
 261 K   0.98614 0.00000 0.01386 0.00000 ( 1)
 262 M   0.99128 0.00000 0.00872 0.00000 ( 1)
 263 N   0.98909 0.00000 0.01091 0.00000 ( 1)
 264 V   0.98838 0.00000 0.01162 0.00000 ( 1)
 265 A   0.98528 0.00000 0.01472 0.00000 ( 1)
 266 S   0.98399 0.00000 0.01601 0.00000 ( 1)
 267 L   0.98812 0.00000 0.01188 0.00000 ( 1)
 268 R   0.98561 0.00000 0.01439 0.00000 ( 1)
 269 S   0.98053 0.00000 0.01947 0.00000 ( 1)
 270 S   0.68937 0.00000 0.31063 0.00000 ( 1)
 271 E   0.98391 0.00000 0.01609 0.00000 ( 1)
 272 Q   0.98828 0.00000 0.01172 0.00000 ( 1)
 273 A   0.72657 0.00000 0.27343 0.00000 ( 1)
 274 N   0.98928 0.00000 0.01072 0.00000 ( 1)
 275 T   0.98486 0.00000 0.01514 0.00000 ( 1)
 276 S   0.98608 0.00000 0.01392 0.00000 ( 1)
 277 A   0.98853 0.00000 0.01147 0.00000 ( 1)
 278 E   0.98608 0.00000 0.01392 0.00000 ( 1)
 279 C   0.98429 0.00000 0.01571 0.00000 ( 1)
 280 K   0.98335 0.00000 0.01665 0.00000 ( 1)
 281 L   0.98134 0.00000 0.01866 0.00000 ( 1)
 282 A   0.98836 0.00000 0.01164 0.00000 ( 1)
 283 K   0.98623 0.00000 0.01377 0.00000 ( 1)
 284 V   0.98600 0.00000 0.01400 0.00000 ( 1)
 285 A   0.98541 0.00000 0.01459 0.00000 ( 1)
 286 L   0.98323 0.00000 0.01677 0.00000 ( 1)
 287 M   0.99128 0.00000 0.00872 0.00000 ( 1)
 288 T   0.98843 0.00000 0.01157 0.00000 ( 1)
 289 I   0.98972 0.00000 0.01028 0.00000 ( 1)
 290 S   0.98751 0.00000 0.01249 0.00000 ( 1)
 291 L   0.98243 0.00000 0.01757 0.00000 ( 1)
 292 W   0.98232 0.00000 0.01768 0.00000 ( 1)
 293 F   0.99001 0.00000 0.00999 0.00000 ( 1)
 294 M   0.99128 0.00000 0.00872 0.00000 ( 1)
 295 A   0.98590 0.00000 0.01410 0.00000 ( 1)
 296 W   0.98232 0.00000 0.01768 0.00000 ( 1)
 297 T   0.98813 0.00000 0.01187 0.00000 ( 1)
 298 P   0.98444 0.00000 0.01556 0.00000 ( 1)
 299 Y   0.98648 0.00000 0.01352 0.00000 ( 1)
 300 L   0.98754 0.00000 0.01246 0.00000 ( 1)
 301 V   0.98837 0.00000 0.01163 0.00000 ( 1)
 302 I   0.99018 0.00000 0.00982 0.00000 ( 1)
 303 N   0.98928 0.00000 0.01072 0.00000 ( 1)
 304 F   0.98645 0.00000 0.01355 0.00000 ( 1)
 305 A   0.98590 0.00000 0.01410 0.00000 ( 1)
 306 G   0.98183 0.00000 0.01817 0.00000 ( 1)
 307 V   0.98592 0.00000 0.01408 0.00000 ( 1)
 308 F   0.99009 0.00000 0.00991 0.00000 ( 1)
 309 E   0.98668 0.00000 0.01332 0.00000 ( 1)
 310 T   0.98588 0.00000 0.01412 0.00000 ( 1)
 311 A   0.98537 0.00000 0.01463 0.00000 ( 1)
 312 P   0.98786 0.00000 0.01214 0.00000 ( 1)
 313 I   0.99016 0.00000 0.00984 0.00000 ( 1)
 314 S   0.98873 0.00000 0.01127 0.00000 ( 1)
 315 P   0.98399 0.00000 0.01601 0.00000 ( 1)
 316 L   0.98191 0.00000 0.01809 0.00000 ( 1)
 317 S   0.98636 0.00000 0.01364 0.00000 ( 1)
 318 T   0.98892 0.00000 0.01108 0.00000 ( 1)
 319 I   0.98785 0.00000 0.01215 0.00000 ( 1)
 320 W   0.98232 0.00000 0.01768 0.00000 ( 1)
 321 G   0.98476 0.00000 0.01524 0.00000 ( 1)
 322 S   0.98353 0.00000 0.01647 0.00000 ( 1)
 323 V   0.93030 0.00000 0.06970 0.00000 ( 1)
 324 F   0.99007 0.00000 0.00993 0.00000 ( 1)
 325 A   0.98671 0.00000 0.01329 0.00000 ( 1)
 326 K   0.98623 0.00000 0.01377 0.00000 ( 1)
 327 A   0.98861 0.00000 0.01139 0.00000 ( 1)
 328 N   0.98887 0.00000 0.01113 0.00000 ( 1)
 329 A   0.98820 0.00000 0.01180 0.00000 ( 1)
 330 V   0.98859 0.00000 0.01141 0.00000 ( 1)
 331 Y   0.98650 0.00000 0.01350 0.00000 ( 1)
 332 N   0.98778 0.00000 0.01222 0.00000 ( 1)
 333 P   0.98739 0.00000 0.01261 0.00000 ( 1)
 334 I   0.98733 0.00000 0.01267 0.00000 ( 1)
 335 V   0.98554 0.00000 0.01446 0.00000 ( 1)
 336 Y   0.98506 0.00000 0.01494 0.00000 ( 1)
 337 G   0.98770 0.00000 0.01230 0.00000 ( 1)
 338 I   0.99018 0.00000 0.00982 0.00000 ( 1)
 339 S   0.98608 0.00000 0.01392 0.00000 ( 1)
 340 H   0.98321 0.00000 0.01679 0.00000 ( 1)
 341 P   0.98084 0.00000 0.01916 0.00000 ( 1)
 342 K   0.98569 0.00000 0.01431 0.00000 ( 1)
 343 Y   0.98649 0.00000 0.01351 0.00000 ( 1)
 344 R   0.97542 0.00000 0.02458 0.00000 ( 1)
 345 A   0.06801 0.00000 0.93199 0.00000 ( 3)
 346 A   0.98586 0.00000 0.01414 0.00000 ( 1)
 347 L   0.98769 0.00000 0.01231 0.00000 ( 1)
 348 Y   0.98650 0.00000 0.01350 0.00000 ( 1)
 349 Q   0.98435 0.00000 0.01565 0.00000 ( 1)
 350 R   0.98534 0.00000 0.01466 0.00000 ( 1)
 351 F   0.99009 0.00000 0.00991 0.00000 ( 1)
 352 P   0.98389 0.00000 0.01611 0.00000 ( 1)
 353 S   0.98362 0.00000 0.01638 0.00000 ( 1)
 354 L   0.98580 0.00000 0.01420 0.00000 ( 1)
 355 A   0.98302 0.00000 0.01698 0.00000 ( 1)
 356 C   0.98671 0.00000 0.01329 0.00000 ( 1)
 357 Q   0.81495 0.00000 0.18505 0.00000 ( 1)
 358 P   0.09841 0.01056 0.89068 0.00035 ( 3)
 359 S   0.70230 0.00000 0.29770 0.00000 ( 1)
 360 P   0.98576 0.00000 0.01424 0.00000 ( 1)
 361 E   0.91643 0.00000 0.08357 0.00000 ( 1)
 362 E   0.97614 0.00000 0.02386 0.00000 ( 1)
 363 T   0.00000 0.96802 0.00000 0.03198 ( 2)
 364 G   0.98259 0.00000 0.01741 0.00000 ( 1)
 365 S   0.98432 0.00000 0.01568 0.00000 ( 1)
 366 V   0.78197 0.00000 0.21803 0.00000 ( 1)
 367 A   0.98589 0.00000 0.01411 0.00000 ( 1)
 368 S   0.98712 0.00000 0.01288 0.00000 ( 1)
 369 A   0.98639 0.00000 0.01361 0.00000 ( 1)
 370 A   0.94525 0.00000 0.05475 0.00000 ( 1)
 371 T   0.98862 0.00000 0.01138 0.00000 ( 1)
 372 A   0.14317 0.00000 0.85683 0.00000 ( 3)
 373 C   0.98309 0.00000 0.01691 0.00000 ( 1)
 374 T   0.98241 0.00000 0.01759 0.00000 ( 1)
 375 E   0.98240 0.00000 0.01760 0.00000 ( 1)
 376 E   0.98668 0.00000 0.01332 0.00000 ( 1)
 377 K   0.98339 0.00000 0.01661 0.00000 ( 1)
 378 P   0.98372 0.00000 0.01628 0.00000 ( 1)
 379 S   0.98586 0.00000 0.01414 0.00000 ( 1)
 380 A   0.98595 0.00000 0.01405 0.00000 ( 1)


lnL = -69101.186517

