Supplemental results for CODEML (seqf: align.fa  treef: tree.nwk)


MLEs of dN/dS (w) for site classes (K=4)

site class             0        1       2a       2b
proportion       0.87639  0.03441  0.08583  0.00337
background w     0.03979  1.00000  0.03979  1.00000
foreground w     0.03979  1.00000  1.00000  1.00000

Naive Empirical Bayes (NEB) probabilities for 4 classes
(amino acids refer to 1st sequence: ColCroc)

   1 M   0.96973 0.00000 0.03027 0.00000 ( 1)
   2 D   0.95946 0.00000 0.04054 0.00000 ( 1)
   3 R   0.00000 0.91080 0.00000 0.08920 ( 2)
   4 T   0.70531 0.00000 0.29469 0.00000 ( 1)
   5 E   0.07258 0.00000 0.92742 0.00000 ( 3)
   6 Y   0.00000 0.91080 0.00000 0.08920 ( 2)
   7 Y   0.07022 0.01771 0.91033 0.00173 ( 3)
   8 I   0.00000 0.91080 0.00000 0.08920 ( 2)
   9 Y   0.00016 0.91058 0.00008 0.08918 ( 2)
  10 G   0.38426 0.00000 0.61574 0.00000 ( 3)
  11 A   0.95306 0.00000 0.04694 0.00000 ( 1)
  12 Y   0.87804 0.00000 0.12196 0.00000 ( 1)
  13 F   0.95149 0.00000 0.04851 0.00000 ( 1)
  14 A   0.95740 0.00000 0.04260 0.00000 ( 1)
  15 P   0.35773 0.00000 0.64227 0.00000 ( 3)
  16 L   0.01178 0.00000 0.98822 0.00000 ( 3)
  17 R   0.95022 0.00000 0.04978 0.00000 ( 1)
  18 S   0.88433 0.00000 0.11567 0.00000 ( 1)
  19 G   0.00000 0.91080 0.00000 0.08920 ( 2)
  20 G   0.00000 0.91080 0.00000 0.08920 ( 2)
  21 E   0.02451 0.00000 0.97549 0.00000 ( 3)
  22 R   0.87436 0.00000 0.12564 0.00000 ( 1)
  23 M   0.60097 0.00000 0.39903 0.00000 ( 1)
  24 L   0.94931 0.00000 0.05069 0.00000 ( 1)
  25 G   0.95391 0.00000 0.04609 0.00000 ( 1)
  26 E   0.95457 0.00000 0.04543 0.00000 ( 1)
  27 G   0.94946 0.00000 0.05054 0.00000 ( 1)
  28 L   0.95008 0.00000 0.04992 0.00000 ( 1)
  29 T   0.94914 0.00000 0.05086 0.00000 ( 1)
  30 G   0.82911 0.00000 0.17089 0.00000 ( 1)
  31 E   0.94230 0.00000 0.05770 0.00000 ( 1)
  32 D   0.95454 0.00000 0.04546 0.00000 ( 1)
  33 L   0.93835 0.00000 0.06165 0.00000 ( 1)
  34 A   0.95861 0.00000 0.04139 0.00000 ( 1)
  35 M   0.95742 0.00000 0.04258 0.00000 ( 1)
  36 I   0.94571 0.00000 0.05429 0.00000 ( 1)
  37 P   0.95388 0.00000 0.04612 0.00000 ( 1)
  38 E   0.95299 0.00000 0.04701 0.00000 ( 1)
  39 H   0.95283 0.00000 0.04717 0.00000 ( 1)
  40 W   0.94149 0.00000 0.05851 0.00000 ( 1)
  41 F   0.95044 0.00000 0.04956 0.00000 ( 1)
  42 K   0.00003 0.91074 0.00004 0.08919 ( 2)
  43 Y   0.96121 0.00000 0.03879 0.00000 ( 1)
  44 P   0.02642 0.00000 0.97358 0.00000 ( 3)
  45 E   0.95419 0.00000 0.04581 0.00000 ( 1)
  46 P   0.94958 0.00000 0.05042 0.00000 ( 1)
  47 P   0.94894 0.00000 0.05106 0.00000 ( 1)
  48 A   0.76332 0.00000 0.23668 0.00000 ( 1)
  49 S   0.42467 0.00000 0.57533 0.00000 ( 3)
  50 A   0.95494 0.00000 0.04506 0.00000 ( 1)
  51 H   0.95283 0.00000 0.04717 0.00000 ( 1)
  52 T   0.95852 0.00000 0.04148 0.00000 ( 1)
  53 A   0.95346 0.00000 0.04654 0.00000 ( 1)
  54 L   0.95489 0.00000 0.04511 0.00000 ( 1)
  55 C   0.95845 0.00000 0.04155 0.00000 ( 1)
  56 L   0.94472 0.00000 0.05528 0.00000 ( 1)
  57 L   0.95492 0.00000 0.04508 0.00000 ( 1)
  58 Y   0.94914 0.00000 0.05086 0.00000 ( 1)
  59 C   0.95546 0.00159 0.04279 0.00016 ( 1)
  60 F   0.96021 0.00000 0.03979 0.00000 ( 1)
  61 F   0.96119 0.00000 0.03881 0.00000 ( 1)
  62 T   0.95437 0.00000 0.04563 0.00000 ( 1)
  63 A   0.95778 0.00000 0.04222 0.00000 ( 1)
  64 A   0.95371 0.00000 0.04629 0.00000 ( 1)
  65 A   0.95418 0.00000 0.04582 0.00000 ( 1)
  66 L   0.94824 0.00000 0.05176 0.00000 ( 1)
  67 I   0.96060 0.00000 0.03940 0.00000 ( 1)
  68 G   0.94681 0.00000 0.05319 0.00000 ( 1)
  69 N   0.95415 0.00000 0.04585 0.00000 ( 1)
  70 G   0.94696 0.00000 0.05304 0.00000 ( 1)
  71 M   0.27836 0.00000 0.72164 0.00000 ( 3)
  72 V   0.95848 0.00000 0.04152 0.00000 ( 1)
  73 I   0.95775 0.00000 0.04225 0.00000 ( 1)
  74 F   0.95364 0.00000 0.04636 0.00000 ( 1)
  75 I   0.50460 0.00000 0.49540 0.00000 ( 1)
  76 F   0.95905 0.00000 0.04095 0.00000 ( 1)
  77 A   0.94824 0.00000 0.05176 0.00000 ( 1)
  78 S   0.95383 0.00000 0.04617 0.00000 ( 1)
  79 T   0.94722 0.00000 0.05278 0.00000 ( 1)
  80 K   0.95402 0.00000 0.04598 0.00000 ( 1)
  81 S   0.95570 0.00000 0.04430 0.00000 ( 1)
  82 L   0.94782 0.00000 0.05218 0.00000 ( 1)
  83 R   0.94085 0.00000 0.05915 0.00000 ( 1)
  84 T   0.95721 0.00000 0.04279 0.00000 ( 1)
  85 A   0.95214 0.00000 0.04786 0.00000 ( 1)
  86 S   0.95811 0.00000 0.04189 0.00000 ( 1)
  87 N   0.95976 0.00000 0.04024 0.00000 ( 1)
  88 L   0.96671 0.00000 0.03329 0.00000 ( 1)
  89 L   0.94326 0.00000 0.05674 0.00000 ( 1)
  90 I   0.51372 0.00000 0.48628 0.00000 ( 1)
  91 L   0.94158 0.00000 0.05842 0.00000 ( 1)
  92 N   0.95389 0.00000 0.04611 0.00000 ( 1)
  93 L   0.94288 0.00000 0.05712 0.00000 ( 1)
  94 A   0.95513 0.00000 0.04487 0.00000 ( 1)
  95 I   0.94855 0.00000 0.05145 0.00000 ( 1)
  96 F   0.76208 0.00000 0.23792 0.00000 ( 1)
  97 D   0.96037 0.00000 0.03963 0.00000 ( 1)
  98 F   0.95937 0.00000 0.04063 0.00000 ( 1)
  99 I   0.95775 0.00000 0.04225 0.00000 ( 1)
 100 M   0.97052 0.00000 0.02948 0.00000 ( 1)
 101 M   0.97052 0.00000 0.02948 0.00000 ( 1)
 102 L   0.95460 0.00000 0.04540 0.00000 ( 1)
 103 K   0.95312 0.00000 0.04688 0.00000 ( 1)
 104 A   0.95461 0.00000 0.04539 0.00000 ( 1)
 105 P   0.95376 0.00000 0.04624 0.00000 ( 1)
 106 I   0.96217 0.00000 0.03783 0.00000 ( 1)
 107 F   0.96116 0.00000 0.03884 0.00000 ( 1)
 108 I   0.96249 0.00000 0.03751 0.00000 ( 1)
 109 Y   0.94913 0.00000 0.05087 0.00000 ( 1)
 110 N   0.95983 0.00000 0.04017 0.00000 ( 1)
 111 S   0.95645 0.00000 0.04355 0.00000 ( 1)
 112 A   0.95464 0.00000 0.04536 0.00000 ( 1)
 113 M   0.97052 0.00000 0.02948 0.00000 ( 1)
 114 R   0.94040 0.00000 0.05960 0.00000 ( 1)
 115 G   0.94911 0.00000 0.05089 0.00000 ( 1)
 116 F   0.96108 0.00000 0.03892 0.00000 ( 1)
 117 A   0.95759 0.00000 0.04241 0.00000 ( 1)
 118 A   0.00000 0.91080 0.00000 0.08920 ( 2)
 119 G   0.95299 0.00000 0.04701 0.00000 ( 1)
 120 A   0.93877 0.00000 0.06123 0.00000 ( 1)
 121 L   0.00000 0.91080 0.00000 0.08920 ( 2)
 122 W   0.95383 0.00000 0.04617 0.00000 ( 1)
 123 C   0.94914 0.00000 0.05086 0.00000 ( 1)
 124 K   0.94281 0.00000 0.05719 0.00000 ( 1)
 125 I   0.35234 0.00000 0.64766 0.00000 ( 3)
 126 F   0.96088 0.00000 0.03912 0.00000 ( 1)
 127 A   0.95751 0.00000 0.04249 0.00000 ( 1)
 128 V   0.96120 0.00000 0.03880 0.00000 ( 1)
 129 M   0.97051 0.00000 0.02949 0.00000 ( 1)
 130 G   0.95392 0.00000 0.04608 0.00000 ( 1)
 131 S   0.95858 0.00000 0.04142 0.00000 ( 1)
 132 Y   0.94912 0.00000 0.05088 0.00000 ( 1)
 133 S   0.95810 0.00000 0.04190 0.00000 ( 1)
 134 G   0.95064 0.00000 0.04936 0.00000 ( 1)
 135 I   0.96251 0.00000 0.03749 0.00000 ( 1)
 136 G   0.94736 0.00000 0.05264 0.00000 ( 1)
 137 A   0.95522 0.00000 0.04478 0.00000 ( 1)
 138 A   0.43039 0.00000 0.56961 0.00000 ( 3)
 139 M   0.97050 0.00000 0.02950 0.00000 ( 1)
 140 T   0.95857 0.00000 0.04143 0.00000 ( 1)
 141 N   0.95980 0.00000 0.04020 0.00000 ( 1)
 142 A   0.95738 0.00000 0.04262 0.00000 ( 1)
 143 C   0.94980 0.00000 0.05020 0.00000 ( 1)
 144 I   0.95676 0.00000 0.04324 0.00000 ( 1)
 145 A   0.95410 0.00000 0.04590 0.00000 ( 1)
 146 Y   0.94448 0.00000 0.05552 0.00000 ( 1)
 147 D   0.96034 0.00000 0.03966 0.00000 ( 1)
 148 R   0.93863 0.00000 0.06137 0.00000 ( 1)
 149 H   0.95257 0.00000 0.04743 0.00000 ( 1)
 150 S   0.94729 0.00000 0.05271 0.00000 ( 1)
 151 T   0.95436 0.00000 0.04564 0.00000 ( 1)
 152 I   0.96265 0.00000 0.03735 0.00000 ( 1)
 153 T   0.95445 0.00000 0.04555 0.00000 ( 1)
 154 R   0.93895 0.00000 0.06105 0.00000 ( 1)
 155 P   0.94957 0.00000 0.05043 0.00000 ( 1)
 156 L   0.94142 0.00000 0.05858 0.00000 ( 1)
 157 D   0.96021 0.00000 0.03979 0.00000 ( 1)
 158 G   0.94937 0.00000 0.05063 0.00000 ( 1)
 159 R   0.93890 0.00000 0.06110 0.00000 ( 1)
 160 L   0.94143 0.00000 0.05857 0.00000 ( 1)
 161 S   0.95203 0.00000 0.04797 0.00000 ( 1)
 162 R   0.94028 0.00000 0.05972 0.00000 ( 1)
 163 G   0.95224 0.00000 0.04776 0.00000 ( 1)
 164 K   0.95404 0.00000 0.04596 0.00000 ( 1)
 165 V   0.95456 0.00000 0.04544 0.00000 ( 1)
 166 L   0.50993 0.00000 0.49007 0.00000 ( 1)
 167 L   0.94143 0.00000 0.05857 0.00000 ( 1)
 168 M   0.92021 0.00000 0.07979 0.00000 ( 1)
 169 I   0.95403 0.00000 0.04597 0.00000 ( 1)
 170 I   0.94148 0.00000 0.05852 0.00000 ( 1)
 171 C   0.82945 0.00000 0.17055 0.00000 ( 1)
 172 I   0.95473 0.00000 0.04527 0.00000 ( 1)
 173 W   0.94149 0.00000 0.05851 0.00000 ( 1)
 174 I   0.48722 0.00000 0.51278 0.00000 ( 3)
 175 Y   0.94913 0.00000 0.05087 0.00000 ( 1)
 176 T   0.82881 0.00000 0.17119 0.00000 ( 1)
 177 T   0.95443 0.00000 0.04557 0.00000 ( 1)
 178 P   0.94997 0.00000 0.05003 0.00000 ( 1)
 179 W   0.94149 0.00000 0.05851 0.00000 ( 1)
 180 S   0.95516 0.00000 0.04484 0.00000 ( 1)
 181 L   0.95466 0.00000 0.04534 0.00000 ( 1)
 182 M   0.94142 0.00000 0.05858 0.00000 ( 1)
 183 P   0.94888 0.00000 0.05112 0.00000 ( 1)
 184 L   0.95466 0.00000 0.04534 0.00000 ( 1)
 185 F   0.94696 0.00000 0.05304 0.00000 ( 1)
 186 R   0.95236 0.00000 0.04764 0.00000 ( 1)
 187 V   0.96272 0.00000 0.03728 0.00000 ( 1)
 188 W   0.94149 0.00000 0.05851 0.00000 ( 1)
 189 G   0.94906 0.00000 0.05094 0.00000 ( 1)
 190 R   0.93401 0.00000 0.06599 0.00000 ( 1)
 191 F   0.94547 0.00000 0.05453 0.00000 ( 1)
 192 V   0.95752 0.00000 0.04248 0.00000 ( 1)
 193 P   0.94890 0.00000 0.05110 0.00000 ( 1)
 194 E   0.95483 0.00000 0.04517 0.00000 ( 1)
 195 G   0.95392 0.00000 0.04608 0.00000 ( 1)
 196 Y   0.94913 0.00000 0.05087 0.00000 ( 1)
 197 L   0.94144 0.00000 0.05856 0.00000 ( 1)
 198 T   0.95395 0.00000 0.04605 0.00000 ( 1)
 199 S   0.94731 0.00000 0.05269 0.00000 ( 1)
 200 C   0.94978 0.00000 0.05022 0.00000 ( 1)
 201 T   0.95447 0.00000 0.04553 0.00000 ( 1)
 202 F   0.96118 0.00000 0.03882 0.00000 ( 1)
 203 D   0.96033 0.00000 0.03967 0.00000 ( 1)
 204 Y   0.94912 0.00000 0.05088 0.00000 ( 1)
 205 L   0.94954 0.00000 0.05046 0.00000 ( 1)
 206 T   0.95720 0.00000 0.04280 0.00000 ( 1)
 207 N   0.95977 0.00000 0.04023 0.00000 ( 1)
 208 S   0.95445 0.00000 0.04555 0.00000 ( 1)
 209 F   0.96118 0.00000 0.03882 0.00000 ( 1)
 210 D   0.96037 0.00000 0.03963 0.00000 ( 1)
 211 N   0.95446 0.00000 0.04554 0.00000 ( 1)
 212 K   0.95415 0.00000 0.04585 0.00000 ( 1)
 213 L   0.94142 0.00000 0.05858 0.00000 ( 1)
 214 F   0.96118 0.00000 0.03882 0.00000 ( 1)
 215 V   0.95742 0.00000 0.04258 0.00000 ( 1)
 216 G   0.95855 0.00000 0.04145 0.00000 ( 1)
 217 C   0.94980 0.00000 0.05020 0.00000 ( 1)
 218 I   0.96249 0.00000 0.03751 0.00000 ( 1)
 219 F   0.96121 0.00000 0.03879 0.00000 ( 1)
 220 T   0.00000 0.91080 0.00000 0.08920 ( 2)
 221 C   0.94980 0.00000 0.05020 0.00000 ( 1)
 222 S   0.95811 0.00000 0.04189 0.00000 ( 1)
 223 Y   0.94913 0.00000 0.05087 0.00000 ( 1)
 224 V   0.95831 0.00000 0.04169 0.00000 ( 1)
 225 F   0.93960 0.00000 0.06040 0.00000 ( 1)
 226 P   0.95383 0.00000 0.04617 0.00000 ( 1)
 227 M   0.97051 0.00000 0.02949 0.00000 ( 1)
 228 L   0.95644 0.00000 0.04355 0.00000 ( 1)
 229 C   0.68181 0.00000 0.31819 0.00000 ( 1)
 230 I   0.96246 0.00000 0.03754 0.00000 ( 1)
 231 I   0.95599 0.00000 0.04401 0.00000 ( 1)
 232 Y   0.94909 0.00000 0.05091 0.00000 ( 1)
 233 F   0.96121 0.00000 0.03879 0.00000 ( 1)
 234 Y   0.94853 0.00000 0.05147 0.00000 ( 1)
 235 S   0.95807 0.00000 0.04193 0.00000 ( 1)
 236 G   0.95388 0.00000 0.04612 0.00000 ( 1)
 237 I   0.96237 0.00000 0.03763 0.00000 ( 1)
 238 V   0.95837 0.00000 0.04163 0.00000 ( 1)
 239 K   0.95409 0.00000 0.04591 0.00000 ( 1)
 240 Q   0.94272 0.00000 0.05728 0.00000 ( 1)
 241 V   0.95467 0.00000 0.04533 0.00000 ( 1)
 242 F   0.96091 0.00000 0.03909 0.00000 ( 1)
 243 A   0.95450 0.00000 0.04550 0.00000 ( 1)
 244 H   0.95283 0.00000 0.04717 0.00000 ( 1)
 245 E   0.95470 0.00000 0.04530 0.00000 ( 1)
 246 A   0.95835 0.00000 0.04165 0.00000 ( 1)
 247 A   0.95448 0.00000 0.04552 0.00000 ( 1)
 248 L   0.95411 0.00000 0.04589 0.00000 ( 1)
 249 R   0.95026 0.00000 0.04974 0.00000 ( 1)
 250 E   0.41259 0.00000 0.58741 0.00000 ( 3)
 251 Q   0.94231 0.00000 0.05769 0.00000 ( 1)
 252 A   0.95459 0.00000 0.04541 0.00000 ( 1)
 253 K   0.95416 0.00000 0.04584 0.00000 ( 1)
 254 K   0.95373 0.00000 0.04627 0.00000 ( 1)
 255 M   0.97052 0.00000 0.02948 0.00000 ( 1)
 256 N   0.47077 0.00000 0.52923 0.00000 ( 3)
 257 V   0.94377 0.00000 0.05623 0.00000 ( 1)
 258 E   0.94862 0.00000 0.05138 0.00000 ( 1)
 259 S   0.94738 0.00000 0.05262 0.00000 ( 1)
 260 L   0.94142 0.00000 0.05858 0.00000 ( 1)
 261 R   0.94612 0.00000 0.05388 0.00000 ( 1)
 262 S   0.95462 0.00000 0.04538 0.00000 ( 1)
 263 N   0.95979 0.00000 0.04021 0.00000 ( 1)
 264 Q   0.94281 0.00000 0.05719 0.00000 ( 1)
 265 N   0.46222 0.00000 0.53778 0.00000 ( 3)
 266 A   0.94784 0.00000 0.05216 0.00000 ( 1)
 267 G   0.00437 0.90658 0.00026 0.08879 ( 2)
 268 A   0.94302 0.00000 0.05698 0.00000 ( 1)
 269 E   0.94249 0.00000 0.05751 0.00000 ( 1)
 270 S   0.94782 0.00000 0.05218 0.00000 ( 1)
 271 A   0.95461 0.00000 0.04539 0.00000 ( 1)
 272 E   0.95479 0.00000 0.04521 0.00000 ( 1)
 273 I   0.96249 0.00000 0.03751 0.00000 ( 1)
 274 R   0.94641 0.00000 0.05359 0.00000 ( 1)
 275 I   0.96235 0.00000 0.03765 0.00000 ( 1)
 276 A   0.95852 0.00000 0.04148 0.00000 ( 1)
 277 K   0.95405 0.00000 0.04595 0.00000 ( 1)
 278 A   0.95460 0.00000 0.04540 0.00000 ( 1)
 279 A   0.95460 0.00000 0.04540 0.00000 ( 1)
 280 L   0.95479 0.00000 0.04521 0.00000 ( 1)
 281 T   0.95852 0.00000 0.04148 0.00000 ( 1)
 282 V   0.95833 0.00000 0.04167 0.00000 ( 1)
 283 C   0.94980 0.00000 0.05020 0.00000 ( 1)
 284 F   0.96120 0.00000 0.03880 0.00000 ( 1)
 285 L   0.94143 0.00000 0.05857 0.00000 ( 1)
 286 F   0.96121 0.00000 0.03879 0.00000 ( 1)
 287 V   0.95467 0.00000 0.04533 0.00000 ( 1)
 288 A   0.95549 0.00000 0.04451 0.00000 ( 1)
 289 S   0.94734 0.00000 0.05266 0.00000 ( 1)
 290 W   0.94149 0.00000 0.05851 0.00000 ( 1)
 291 T   0.95440 0.00000 0.04560 0.00000 ( 1)
 292 P   0.95016 0.00000 0.04984 0.00000 ( 1)
 293 Y   0.94913 0.00000 0.05087 0.00000 ( 1)
 294 G   0.95056 0.00000 0.04944 0.00000 ( 1)
 295 V   0.50323 0.00000 0.49677 0.00000 ( 1)
 296 M   0.97052 0.00000 0.02948 0.00000 ( 1)
 297 S   0.94734 0.00000 0.05266 0.00000 ( 1)
 298 L   0.95489 0.00000 0.04511 0.00000 ( 1)
 299 I   0.96248 0.00000 0.03752 0.00000 ( 1)
 300 G   0.94907 0.00000 0.05093 0.00000 ( 1)
 301 A   0.95854 0.00000 0.04146 0.00000 ( 1)
 302 F   0.96119 0.00000 0.03881 0.00000 ( 1)
 303 G   0.95111 0.00000 0.04889 0.00000 ( 1)
 304 D   0.96034 0.00000 0.03966 0.00000 ( 1)
 305 Q   0.94280 0.00000 0.05720 0.00000 ( 1)
 306 E   0.93749 0.00005 0.06246 0.00000 ( 1)
 307 L   0.94142 0.00000 0.05858 0.00000 ( 1)
 308 L   0.95460 0.00000 0.04540 0.00000 ( 1)
 309 T   0.95435 0.00000 0.04565 0.00000 ( 1)
 310 P   0.94957 0.00000 0.05043 0.00000 ( 1)
 311 G   0.94946 0.00000 0.05054 0.00000 ( 1)
 312 V   0.95468 0.00000 0.04532 0.00000 ( 1)
 313 T   0.95446 0.00000 0.04554 0.00000 ( 1)
 314 M   0.97052 0.00000 0.02948 0.00000 ( 1)
 315 I   0.95711 0.00000 0.04289 0.00000 ( 1)
 316 P   0.94890 0.00000 0.05110 0.00000 ( 1)
 317 A   0.95413 0.00000 0.04587 0.00000 ( 1)
 318 I   0.95506 0.00000 0.04494 0.00000 ( 1)
 319 T   0.95377 0.00000 0.04623 0.00000 ( 1)
 320 C   0.94532 0.00000 0.05468 0.00000 ( 1)
 321 K   0.95334 0.00000 0.04666 0.00000 ( 1)
 322 A   0.95476 0.00000 0.04524 0.00000 ( 1)
 323 V   0.95346 0.00000 0.04654 0.00000 ( 1)
 324 A   0.95741 0.00000 0.04259 0.00000 ( 1)
 325 C   0.94919 0.00000 0.05081 0.00000 ( 1)
 326 I   0.96299 0.00000 0.03701 0.00000 ( 1)
 327 D   0.95817 0.00000 0.04183 0.00000 ( 1)
 328 P   0.94957 0.00000 0.05043 0.00000 ( 1)
 329 W   0.94149 0.00000 0.05851 0.00000 ( 1)
 330 V   0.95474 0.00000 0.04526 0.00000 ( 1)
 331 Y   0.94442 0.00000 0.05558 0.00000 ( 1)
 332 A   0.95448 0.00000 0.04552 0.00000 ( 1)
 333 I   0.96245 0.00000 0.03755 0.00000 ( 1)
 334 S   0.95566 0.00000 0.04434 0.00000 ( 1)
 335 H   0.94698 0.00000 0.05302 0.00000 ( 1)
 336 P   0.94738 0.00000 0.05262 0.00000 ( 1)
 337 K   0.73679 0.00000 0.26321 0.00000 ( 1)
 338 Y   0.94490 0.00000 0.05510 0.00000 ( 1)
 339 R   0.95203 0.00000 0.04797 0.00000 ( 1)
 340 Q   0.91080 0.00000 0.08920 0.00000 ( 1)
 341 E   0.91080 0.00000 0.08920 0.00000 ( 1)
 342 L   0.91080 0.00000 0.08920 0.00000 ( 1)
 343 Q   0.91080 0.00000 0.08920 0.00000 ( 1)
 344 R   0.91080 0.00000 0.08920 0.00000 ( 1)
 345 R   0.91080 0.00000 0.08920 0.00000 ( 1)
 346 M   0.91080 0.00000 0.08920 0.00000 ( 1)
 347 P   0.91080 0.00000 0.08920 0.00000 ( 1)
 348 W   0.91080 0.00000 0.08920 0.00000 ( 1)
 349 L   0.91080 0.00000 0.08920 0.00000 ( 1)
 350 Q   0.91080 0.00000 0.08920 0.00000 ( 1)
 351 I   0.91080 0.00000 0.08920 0.00000 ( 1)
 352 S   0.91080 0.00000 0.08920 0.00000 ( 1)
 353 E   0.91080 0.00000 0.08920 0.00000 ( 1)
 354 P   0.91080 0.00000 0.08920 0.00000 ( 1)
 355 D   0.91080 0.00000 0.08920 0.00000 ( 1)
 356 D   0.91080 0.00000 0.08920 0.00000 ( 1)
 357 N   0.91080 0.00000 0.08920 0.00000 ( 1)
 358 T   0.00000 0.91080 0.00000 0.08920 ( 2)
 359 S   0.91080 0.00000 0.08920 0.00000 ( 1)
 360 N   0.91080 0.00000 0.08920 0.00000 ( 1)
 361 T   0.91080 0.00000 0.08920 0.00000 ( 1)
 362 S   0.91080 0.00000 0.08920 0.00000 ( 1)
 363 N   0.91080 0.00000 0.08920 0.00000 ( 1)
 364 T   0.91080 0.00000 0.08920 0.00000 ( 1)
 365 T   0.91080 0.00000 0.08920 0.00000 ( 1)
 366 T   0.91080 0.00000 0.08920 0.00000 ( 1)
 367 N   0.91080 0.00000 0.08920 0.00000 ( 1)
 368 S   0.00000 0.91080 0.00000 0.08920 ( 2)
 369 A   0.00000 0.91080 0.00000 0.08920 ( 2)
 370 A   0.91080 0.00000 0.08920 0.00000 ( 1)
 371 P   0.91080 0.00000 0.08920 0.00000 ( 1)


lnL = -75805.190336

