Supplemental results for CODEML (seqf: align.fa  treef: tree.nwk)


MLEs of dN/dS (w) for site classes (K=4)

site class             0        1       2a       2b
proportion       0.91586  0.02780  0.05468  0.00166
background w     0.04054  1.00000  0.04054  1.00000
foreground w     0.04054  1.00000  1.00000  1.00000

Naive Empirical Bayes (NEB) probabilities for 4 classes
(amino acids refer to 1st sequence: ColCroc|LWS3)

   1 M   0.94366 0.00000 0.05634 0.00000 ( 1)
   2 A   0.96966 0.00026 0.03006 0.00002 ( 1)
   3 T   0.00000 0.94366 0.00000 0.05634 ( 2)
   4 S   0.97595 0.00000 0.02405 0.00000 ( 1)
   5 M   0.94416 0.00000 0.05584 0.00000 ( 1)
   6 D   0.98393 0.00000 0.01607 0.00000 ( 1)
   7 P   0.62312 0.00000 0.37688 0.00000 ( 1)
   8 A   0.97495 0.00000 0.02505 0.00000 ( 1)
   9 P   0.97892 0.00000 0.02108 0.00000 ( 1)
  10 G   0.97642 0.00000 0.02358 0.00000 ( 1)
  11 V   0.00000 0.94366 0.00000 0.05634 ( 2)
  12 A   0.98178 0.00000 0.01822 0.00000 ( 1)
  13 A   0.97417 0.00000 0.02583 0.00000 ( 1)
  14 M   0.60499 0.00000 0.39501 0.00000 ( 1)
  15 Q   0.66805 0.00000 0.33195 0.00000 ( 1)
  16 T   0.04348 0.00000 0.95652 0.00000 ( 3)
  17 W   0.97139 0.00000 0.02861 0.00000 ( 1)
  18 G   0.98085 0.00000 0.01915 0.00000 ( 1)
  19 G   0.98093 0.00000 0.01907 0.00000 ( 1)
  20 H   0.96957 0.00000 0.03043 0.00000 ( 1)
  21 A   0.98151 0.00000 0.01849 0.00000 ( 1)
  22 E   0.97681 0.00000 0.02319 0.00000 ( 1)
  23 A   0.97723 0.00000 0.02277 0.00000 ( 1)
  24 Y   0.97874 0.00000 0.02126 0.00000 ( 1)
  25 S   0.96698 0.00000 0.03302 0.00000 ( 1)
  26 A   0.98104 0.00000 0.01896 0.00000 ( 1)
  27 N   0.98294 0.00000 0.01706 0.00000 ( 1)
  28 Q   0.41376 0.00000 0.58624 0.00000 ( 3)
  29 T   0.98265 0.00000 0.01735 0.00000 ( 1)
  30 V   0.98135 0.00000 0.01865 0.00000 ( 1)
  31 V   0.98086 0.00000 0.01914 0.00000 ( 1)
  32 D   0.98386 0.00000 0.01614 0.00000 ( 1)
  33 K   0.64599 0.00000 0.35401 0.00000 ( 1)
  34 V   0.98133 0.00000 0.01867 0.00000 ( 1)
  35 L   0.07541 0.87097 0.00162 0.05200 ( 2)
  36 P   0.97728 0.00000 0.02272 0.00000 ( 1)
  37 E   0.98222 0.00000 0.01778 0.00000 ( 1)
  38 M   0.98693 0.00000 0.01307 0.00000 ( 1)
  39 L   0.97187 0.00000 0.02813 0.00000 ( 1)
  40 H   0.98004 0.00000 0.01996 0.00000 ( 1)
  41 L   0.98693 0.00000 0.01307 0.00000 ( 1)
  42 I   0.62144 0.00000 0.37856 0.00000 ( 1)
  43 D   0.98324 0.00000 0.01676 0.00000 ( 1)
  44 A   0.97501 0.00000 0.02499 0.00000 ( 1)
  45 H   0.97995 0.00000 0.02005 0.00000 ( 1)
  46 W   0.97139 0.00000 0.02861 0.00000 ( 1)
  47 Y   0.97109 0.00000 0.02891 0.00000 ( 1)
  48 Q   0.96702 0.00000 0.03298 0.00000 ( 1)
  49 F   0.98403 0.00000 0.01597 0.00000 ( 1)
  50 P   0.97352 0.00000 0.02648 0.00000 ( 1)
  51 P   0.96886 0.00000 0.03114 0.00000 ( 1)
  52 M   0.98693 0.00000 0.01307 0.00000 ( 1)
  53 N   0.97875 0.00000 0.02125 0.00000 ( 1)
  54 P   0.97098 0.00000 0.02902 0.00000 ( 1)
  55 L   0.97818 0.00000 0.02182 0.00000 ( 1)
  56 W   0.97139 0.00000 0.02861 0.00000 ( 1)
  57 Y   0.97541 0.00000 0.02459 0.00000 ( 1)
  58 G   0.96646 0.00000 0.03354 0.00000 ( 1)
  59 L   0.97212 0.00000 0.02788 0.00000 ( 1)
  60 L   0.97961 0.00000 0.02039 0.00000 ( 1)
  61 G   0.98082 0.00000 0.01918 0.00000 ( 1)
  62 F   0.98399 0.00000 0.01601 0.00000 ( 1)
  63 T   0.05552 0.00000 0.94448 0.00000 ( 3)
  64 I   0.72902 0.00000 0.27098 0.00000 ( 1)
  65 C   0.58249 0.00000 0.41751 0.00000 ( 1)
  66 I   0.00000 0.94366 0.00000 0.05634 ( 2)
  67 L   0.96687 0.00000 0.03313 0.00000 ( 1)
  68 A   0.97328 0.00000 0.02672 0.00000 ( 1)
  69 F   0.97958 0.00000 0.02042 0.00000 ( 1)
  70 I   0.61005 0.00000 0.38995 0.00000 ( 1)
  71 S   0.96557 0.00000 0.03443 0.00000 ( 1)
  72 V   0.97490 0.00000 0.02510 0.00000 ( 1)
  73 T   0.96402 0.00000 0.03598 0.00000 ( 1)
  74 G   0.96758 0.00000 0.03242 0.00000 ( 1)
  75 N   0.98356 0.00000 0.01644 0.00000 ( 1)
  76 G   0.97960 0.00000 0.02040 0.00000 ( 1)
  77 M   0.98693 0.00000 0.01307 0.00000 ( 1)
  78 V   0.97729 0.00000 0.02271 0.00000 ( 1)
  79 I   0.97560 0.00000 0.02440 0.00000 ( 1)
  80 Y   0.97387 0.00000 0.02613 0.00000 ( 1)
  81 I   0.97834 0.00000 0.02166 0.00000 ( 1)
  82 F   0.97976 0.00000 0.02024 0.00000 ( 1)
  83 S   0.97118 0.00000 0.02882 0.00000 ( 1)
  84 T   0.96652 0.00140 0.03200 0.00008 ( 1)
  85 T   0.97200 0.00000 0.02800 0.00000 ( 1)
  86 K   0.97836 0.00000 0.02164 0.00000 ( 1)
  87 S   0.00000 0.94366 0.00000 0.05634 ( 2)
  88 L   0.96614 0.00000 0.03386 0.00000 ( 1)
  89 K   0.97324 0.00000 0.02676 0.00000 ( 1)
  90 T   0.97723 0.00000 0.02277 0.00000 ( 1)
  91 P   0.97337 0.00000 0.02663 0.00000 ( 1)
  92 S   0.96564 0.00000 0.03436 0.00000 ( 1)
  93 N   0.97843 0.00000 0.02157 0.00000 ( 1)
  94 L   0.96412 0.00000 0.03588 0.00000 ( 1)
  95 L   0.97941 0.00000 0.02059 0.00000 ( 1)
  96 V   0.97379 0.00000 0.02621 0.00000 ( 1)
  97 V   0.97608 0.00000 0.02392 0.00000 ( 1)
  98 N   0.97791 0.00000 0.02209 0.00000 ( 1)
  99 L   0.97118 0.00000 0.02882 0.00000 ( 1)
 100 A   0.97665 0.00000 0.02335 0.00000 ( 1)
 101 F   0.98318 0.00000 0.01682 0.00000 ( 1)
 102 S   0.97421 0.00000 0.02579 0.00000 ( 1)
 103 D   0.98369 0.00000 0.01631 0.00000 ( 1)
 104 F   0.98066 0.00000 0.01934 0.00000 ( 1)
 105 L   0.97437 0.00000 0.02563 0.00000 ( 1)
 106 M   0.98693 0.00000 0.01307 0.00000 ( 1)
 107 M   0.98693 0.00000 0.01307 0.00000 ( 1)
 108 A   0.73114 0.00001 0.26886 0.00000 ( 1)
 109 M   0.00000 0.94366 0.00000 0.05634 ( 2)
 110 M   0.98693 0.00000 0.01307 0.00000 ( 1)
 111 A   0.97373 0.00000 0.02627 0.00000 ( 1)
 112 P   0.97139 0.00000 0.02861 0.00000 ( 1)
 113 P   0.80680 0.16525 0.01809 0.00987 ( 1)
 114 L   0.98693 0.00000 0.01307 0.00000 ( 1)
 115 C   0.97831 0.00000 0.02169 0.00000 ( 1)
 116 I   0.98284 0.00000 0.01716 0.00000 ( 1)
 117 N   0.98275 0.00000 0.01725 0.00000 ( 1)
 118 S   0.97217 0.00000 0.02783 0.00000 ( 1)
 119 Y   0.97866 0.00000 0.02134 0.00000 ( 1)
 120 Y   0.98159 0.00000 0.01841 0.00000 ( 1)
 121 Q   0.97419 0.00000 0.02581 0.00000 ( 1)
 122 T   0.54434 0.00000 0.45566 0.00000 ( 1)
 123 W   0.97139 0.00000 0.02861 0.00000 ( 1)
 124 V   0.63632 0.00000 0.36368 0.00000 ( 1)
 125 F   0.98384 0.00000 0.01616 0.00000 ( 1)
 126 G   0.97305 0.00000 0.02695 0.00000 ( 1)
 127 P   0.97351 0.00000 0.02649 0.00000 ( 1)
 128 V   0.98451 0.00000 0.01549 0.00000 ( 1)
 129 A   0.98693 0.00000 0.01307 0.00000 ( 1)
 130 C   0.97692 0.00000 0.02308 0.00000 ( 1)
 131 Q   0.97419 0.00000 0.02581 0.00000 ( 1)
 132 F   0.97926 0.00000 0.02074 0.00000 ( 1)
 133 Y   0.97876 0.00000 0.02124 0.00000 ( 1)
 134 A   0.97762 0.00000 0.02238 0.00000 ( 1)
 135 C   0.97612 0.00000 0.02388 0.00000 ( 1)
 136 F   0.94972 0.00066 0.04958 0.00004 ( 1)
 137 G   0.97773 0.00000 0.02227 0.00000 ( 1)
 138 S   0.96558 0.00000 0.03442 0.00000 ( 1)
 139 L   0.97545 0.00000 0.02455 0.00000 ( 1)
 140 F   0.98461 0.00000 0.01539 0.00000 ( 1)
 141 G   0.97597 0.00000 0.02403 0.00000 ( 1)
 142 C   0.97894 0.00000 0.02106 0.00000 ( 1)
 143 V   0.97674 0.00000 0.02326 0.00000 ( 1)
 144 S   0.98073 0.00000 0.01927 0.00000 ( 1)
 145 I   0.98413 0.00000 0.01587 0.00000 ( 1)
 146 W   0.97139 0.00000 0.02861 0.00000 ( 1)
 147 T   0.97277 0.00000 0.02723 0.00000 ( 1)
 148 M   0.98693 0.00000 0.01307 0.00000 ( 1)
 149 T   0.98100 0.00000 0.01900 0.00000 ( 1)
 150 A   0.98693 0.00000 0.01307 0.00000 ( 1)
 151 I   0.98449 0.00000 0.01551 0.00000 ( 1)
 152 A   0.97756 0.00000 0.02244 0.00000 ( 1)
 153 F   0.98475 0.00000 0.01525 0.00000 ( 1)
 154 D   0.98330 0.00000 0.01670 0.00000 ( 1)
 155 R   0.96333 0.00000 0.03667 0.00000 ( 1)
 156 Y   0.97880 0.00000 0.02120 0.00000 ( 1)
 157 N   0.98294 0.00000 0.01706 0.00000 ( 1)
 158 V   0.98184 0.00000 0.01816 0.00000 ( 1)
 159 I   0.98474 0.00000 0.01526 0.00000 ( 1)
 160 V   0.97742 0.00000 0.02258 0.00000 ( 1)
 161 K   0.97695 0.00000 0.02305 0.00000 ( 1)
 162 G   0.97780 0.00000 0.02220 0.00000 ( 1)
 163 I   0.74180 0.00000 0.25820 0.00000 ( 1)
 164 A   0.98144 0.00000 0.01856 0.00000 ( 1)
 165 A   0.98241 0.00000 0.01759 0.00000 ( 1)
 166 K   0.97653 0.00000 0.02347 0.00000 ( 1)
 167 P   0.98031 0.00000 0.01969 0.00000 ( 1)
 168 L   0.96927 0.00000 0.03073 0.00000 ( 1)
 169 T   0.98267 0.00000 0.01733 0.00000 ( 1)
 170 V   0.98353 0.00000 0.01647 0.00000 ( 1)
 171 N   0.98340 0.00000 0.01660 0.00000 ( 1)
 172 G   0.96695 0.00000 0.03305 0.00000 ( 1)
 173 A   0.97648 0.00000 0.02352 0.00000 ( 1)
 174 L   0.97179 0.00000 0.02821 0.00000 ( 1)
 175 L   0.97196 0.00000 0.02804 0.00000 ( 1)
 176 Q   0.97079 0.00000 0.02921 0.00000 ( 1)
 177 I   0.97851 0.00000 0.02149 0.00000 ( 1)
 178 F   0.97551 0.00000 0.02449 0.00000 ( 1)
 179 G   0.98093 0.00000 0.01907 0.00000 ( 1)
 180 V   0.71582 0.00000 0.28418 0.00000 ( 1)
 181 W   0.97139 0.00000 0.02861 0.00000 ( 1)
 182 A   0.00000 0.94366 0.00000 0.05634 ( 2)
 183 F   0.98100 0.00000 0.01900 0.00000 ( 1)
 184 S   0.97147 0.00000 0.02853 0.00000 ( 1)
 185 L   0.98118 0.00000 0.01882 0.00000 ( 1)
 186 A   0.06479 0.00000 0.93521 0.00000 ( 3)
 187 W   0.97139 0.00000 0.02861 0.00000 ( 1)
 188 T   0.98048 0.00000 0.01952 0.00000 ( 1)
 189 L   0.95727 0.00000 0.04273 0.00000 ( 1)
 190 A   0.97140 0.00000 0.02860 0.00000 ( 1)
 191 P   0.97290 0.00000 0.02710 0.00000 ( 1)
 192 I   0.98474 0.00000 0.01526 0.00000 ( 1)
 193 F   0.98073 0.00000 0.01927 0.00000 ( 1)
 194 G   0.96645 0.00000 0.03355 0.00000 ( 1)
 195 W   0.97139 0.00000 0.02861 0.00000 ( 1)
 196 S   0.98356 0.00000 0.01644 0.00000 ( 1)
 197 R   0.97696 0.00000 0.02304 0.00000 ( 1)
 198 Y   0.97773 0.00000 0.02227 0.00000 ( 1)
 199 V   0.97661 0.00000 0.02339 0.00000 ( 1)
 200 P   0.97869 0.00000 0.02131 0.00000 ( 1)
 201 E   0.97432 0.00000 0.02568 0.00000 ( 1)
 202 G   0.98063 0.00000 0.01937 0.00000 ( 1)
 203 N   0.98356 0.00000 0.01644 0.00000 ( 1)
 204 M   0.98693 0.00000 0.01307 0.00000 ( 1)
 205 T   0.98098 0.00000 0.01902 0.00000 ( 1)
 206 A   0.97860 0.00000 0.02140 0.00000 ( 1)
 207 C   0.97956 0.00000 0.02044 0.00000 ( 1)
 208 G   0.97200 0.00000 0.02800 0.00000 ( 1)
 209 T   0.97625 0.00000 0.02375 0.00000 ( 1)
 210 D   0.97989 0.00000 0.02011 0.00000 ( 1)
 211 Y   0.97828 0.00000 0.02172 0.00000 ( 1)
 212 L   0.97001 0.00000 0.02999 0.00000 ( 1)
 213 S   0.00000 0.94366 0.00000 0.05634 ( 2)
 214 K   0.97836 0.00000 0.02164 0.00000 ( 1)
 215 D   0.98097 0.00000 0.01903 0.00000 ( 1)
 216 L   0.97139 0.00000 0.02861 0.00000 ( 1)
 217 L   0.00000 0.94366 0.00000 0.05634 ( 2)
 218 S   0.98277 0.00000 0.01723 0.00000 ( 1)
 219 Q   0.95760 0.00000 0.04240 0.00000 ( 1)
 220 I   0.98223 0.00000 0.01777 0.00000 ( 1)
 221 Y   0.97880 0.00000 0.02120 0.00000 ( 1)
 222 I   0.98459 0.00000 0.01541 0.00000 ( 1)
 223 I   0.98168 0.00000 0.01832 0.00000 ( 1)
 224 T   0.98144 0.00000 0.01856 0.00000 ( 1)
 225 Y   0.97870 0.00000 0.02130 0.00000 ( 1)
 226 S   0.96670 0.00000 0.03330 0.00000 ( 1)
 227 I   0.97850 0.00000 0.02150 0.00000 ( 1)
 228 A   0.98471 0.00000 0.01529 0.00000 ( 1)
 229 C   0.98197 0.00000 0.01803 0.00000 ( 1)
 230 Y   0.97880 0.00000 0.02120 0.00000 ( 1)
 231 F   0.64296 0.00000 0.35704 0.00000 ( 1)
 232 L   0.00000 0.94366 0.00000 0.05634 ( 2)
 233 P   0.97349 0.00000 0.02651 0.00000 ( 1)
 234 L   0.96917 0.00000 0.03083 0.00000 ( 1)
 235 A   0.97492 0.00000 0.02508 0.00000 ( 1)
 236 L   0.97631 0.00000 0.02369 0.00000 ( 1)
 237 I   0.98123 0.00000 0.01877 0.00000 ( 1)
 238 V   0.98412 0.00000 0.01588 0.00000 ( 1)
 239 Y   0.97877 0.00000 0.02123 0.00000 ( 1)
 240 S   0.97544 0.00000 0.02456 0.00000 ( 1)
 241 Y   0.97879 0.00000 0.02121 0.00000 ( 1)
 242 F   0.98476 0.00000 0.01524 0.00000 ( 1)
 243 F   0.98476 0.00000 0.01524 0.00000 ( 1)
 244 I   0.97964 0.00000 0.02036 0.00000 ( 1)
 245 V   0.97755 0.00000 0.02245 0.00000 ( 1)
 246 Q   0.97088 0.00000 0.02912 0.00000 ( 1)
 247 A   0.97656 0.00000 0.02344 0.00000 ( 1)
 248 V   0.97617 0.00000 0.02383 0.00000 ( 1)
 249 A   0.97660 0.00000 0.02340 0.00000 ( 1)
 250 A   0.97649 0.00000 0.02351 0.00000 ( 1)
 251 H   0.98008 0.00000 0.01992 0.00000 ( 1)
 252 E   0.97483 0.00000 0.02517 0.00000 ( 1)
 253 K   0.67053 0.00000 0.32947 0.00000 ( 1)
 254 A   0.97348 0.00000 0.02652 0.00000 ( 1)
 255 M   0.98693 0.00000 0.01307 0.00000 ( 1)
 256 R   0.97743 0.00000 0.02257 0.00000 ( 1)
 257 E   0.97419 0.00000 0.02581 0.00000 ( 1)
 258 Q   0.97058 0.00000 0.02942 0.00000 ( 1)
 259 A   0.98207 0.00000 0.01793 0.00000 ( 1)
 260 K   0.97835 0.00000 0.02165 0.00000 ( 1)
 261 K   0.97822 0.00000 0.02178 0.00000 ( 1)
 262 M   0.98693 0.00000 0.01307 0.00000 ( 1)
 263 N   0.98325 0.00000 0.01675 0.00000 ( 1)
 264 V   0.98154 0.00000 0.01846 0.00000 ( 1)
 265 A   0.97644 0.00000 0.02356 0.00000 ( 1)
 266 S   0.97424 0.00000 0.02576 0.00000 ( 1)
 267 L   0.98155 0.00000 0.01845 0.00000 ( 1)
 268 R   0.97734 0.00000 0.02266 0.00000 ( 1)
 269 S   0.97292 0.00000 0.02708 0.00000 ( 1)
 270 S   0.97169 0.00000 0.02831 0.00000 ( 1)
 271 E   0.97425 0.00000 0.02575 0.00000 ( 1)
 272 Q   0.97866 0.00000 0.02134 0.00000 ( 1)
 273 A   0.97307 0.00000 0.02693 0.00000 ( 1)
 274 N   0.98356 0.00000 0.01644 0.00000 ( 1)
 275 T   0.98173 0.00000 0.01827 0.00000 ( 1)
 276 S   0.98225 0.00000 0.01775 0.00000 ( 1)
 277 A   0.98194 0.00000 0.01806 0.00000 ( 1)
 278 E   0.97813 0.00000 0.02187 0.00000 ( 1)
 279 C   0.97912 0.00000 0.02088 0.00000 ( 1)
 280 K   0.97324 0.00000 0.02676 0.00000 ( 1)
 281 L   0.97217 0.00000 0.02783 0.00000 ( 1)
 282 A   0.97600 0.00000 0.02400 0.00000 ( 1)
 283 K   0.97836 0.00000 0.02164 0.00000 ( 1)
 284 V   0.97755 0.00000 0.02245 0.00000 ( 1)
 285 A   0.97666 0.00000 0.02334 0.00000 ( 1)
 286 L   0.96532 0.00000 0.03468 0.00000 ( 1)
 287 M   0.98693 0.00000 0.01307 0.00000 ( 1)
 288 T   0.97883 0.00000 0.02117 0.00000 ( 1)
 289 I   0.98089 0.00000 0.01911 0.00000 ( 1)
 290 S   0.98040 0.00000 0.01960 0.00000 ( 1)
 291 L   0.96514 0.00000 0.03486 0.00000 ( 1)
 292 W   0.97139 0.00000 0.02861 0.00000 ( 1)
 293 F   0.98464 0.00000 0.01536 0.00000 ( 1)
 294 M   0.98693 0.00000 0.01307 0.00000 ( 1)
 295 A   0.97750 0.00000 0.02250 0.00000 ( 1)
 296 W   0.97139 0.00000 0.02861 0.00000 ( 1)
 297 T   0.97838 0.00000 0.02162 0.00000 ( 1)
 298 P   0.97517 0.00000 0.02483 0.00000 ( 1)
 299 Y   0.97876 0.00000 0.02124 0.00000 ( 1)
 300 L   0.98058 0.00000 0.01942 0.00000 ( 1)
 301 V   0.98153 0.00000 0.01847 0.00000 ( 1)
 302 I   0.98474 0.00000 0.01526 0.00000 ( 1)
 303 N   0.98356 0.00000 0.01644 0.00000 ( 1)
 304 F   0.97871 0.00000 0.02129 0.00000 ( 1)
 305 A   0.97756 0.00000 0.02244 0.00000 ( 1)
 306 G   0.97831 0.00000 0.02169 0.00000 ( 1)
 307 V   0.97741 0.00000 0.02259 0.00000 ( 1)
 308 F   0.98475 0.00000 0.01525 0.00000 ( 1)
 309 E   0.97913 0.00000 0.02087 0.00000 ( 1)
 310 T   0.98188 0.00000 0.01812 0.00000 ( 1)
 311 A   0.97660 0.00000 0.02340 0.00000 ( 1)
 312 P   0.98116 0.00000 0.01884 0.00000 ( 1)
 313 I   0.98471 0.00000 0.01529 0.00000 ( 1)
 314 S   0.98276 0.00000 0.01724 0.00000 ( 1)
 315 P   0.97868 0.00000 0.02132 0.00000 ( 1)
 316 L   0.97728 0.00000 0.02272 0.00000 ( 1)
 317 S   0.98179 0.00000 0.01821 0.00000 ( 1)
 318 T   0.98265 0.00000 0.01735 0.00000 ( 1)
 319 I   0.98405 0.00000 0.01595 0.00000 ( 1)
 320 W   0.97139 0.00000 0.02861 0.00000 ( 1)
 321 G   0.98001 0.00000 0.01999 0.00000 ( 1)
 322 S   0.97338 0.00000 0.02662 0.00000 ( 1)
 323 V   0.68880 0.00000 0.31120 0.00000 ( 1)
 324 F   0.98472 0.00000 0.01528 0.00000 ( 1)
 325 A   0.98171 0.00000 0.01829 0.00000 ( 1)
 326 K   0.97836 0.00000 0.02164 0.00000 ( 1)
 327 A   0.98207 0.00000 0.01793 0.00000 ( 1)
 328 N   0.98289 0.00000 0.01711 0.00000 ( 1)
 329 A   0.97569 0.00000 0.02431 0.00000 ( 1)
 330 V   0.98186 0.00000 0.01814 0.00000 ( 1)
 331 Y   0.97880 0.00000 0.02120 0.00000 ( 1)
 332 N   0.97788 0.00000 0.02212 0.00000 ( 1)
 333 P   0.98038 0.00000 0.01962 0.00000 ( 1)
 334 I   0.98298 0.00000 0.01702 0.00000 ( 1)
 335 V   0.97740 0.00000 0.02260 0.00000 ( 1)
 336 Y   0.97180 0.00000 0.02820 0.00000 ( 1)
 337 G   0.98088 0.00000 0.01912 0.00000 ( 1)
 338 I   0.98474 0.00000 0.01526 0.00000 ( 1)
 339 S   0.98225 0.00000 0.01775 0.00000 ( 1)
 340 H   0.97302 0.00000 0.02698 0.00000 ( 1)
 341 P   0.96855 0.00000 0.03145 0.00000 ( 1)
 342 K   0.97746 0.00000 0.02254 0.00000 ( 1)
 343 Y   0.97878 0.00000 0.02122 0.00000 ( 1)
 344 R   0.95983 0.00000 0.04017 0.00000 ( 1)
 345 A   0.97474 0.00000 0.02526 0.00000 ( 1)
 346 A   0.98099 0.00000 0.01901 0.00000 ( 1)
 347 L   0.98084 0.00000 0.01916 0.00000 ( 1)
 348 Y   0.97880 0.00000 0.02120 0.00000 ( 1)
 349 Q   0.05625 0.00000 0.94375 0.00000 ( 3)
 350 R   0.97237 0.00000 0.02763 0.00000 ( 1)
 351 F   0.98475 0.00000 0.01525 0.00000 ( 1)
 352 P   0.97843 0.00000 0.02157 0.00000 ( 1)
 353 S   0.97353 0.00000 0.02646 0.00000 ( 1)
 354 L   0.97039 0.00000 0.02961 0.00000 ( 1)
 355 A   0.60661 0.00000 0.39339 0.00000 ( 1)
 356 C   0.97510 0.00000 0.02490 0.00000 ( 1)
 357 Q   0.69736 0.00000 0.30264 0.00000 ( 1)
 358 P   0.68281 0.08651 0.22552 0.00516 ( 1)
 359 S   0.96023 0.00000 0.03977 0.00000 ( 1)
 360 P   0.57050 0.00000 0.42950 0.00000 ( 1)
 361 E   0.58112 0.00000 0.41888 0.00000 ( 1)
 362 E   0.96888 0.00000 0.03112 0.00000 ( 1)
 363 T   0.00000 0.94366 0.00000 0.05634 ( 2)
 364 G   0.97941 0.00000 0.02059 0.00000 ( 1)
 365 S   0.97478 0.00000 0.02522 0.00000 ( 1)
 366 V   0.97735 0.00000 0.02265 0.00000 ( 1)
 367 A   0.98115 0.00000 0.01885 0.00000 ( 1)
 368 S   0.97571 0.00000 0.02429 0.00000 ( 1)
 369 A   0.97031 0.00000 0.02969 0.00000 ( 1)
 370 A   0.75400 0.00000 0.24600 0.00000 ( 1)
 371 T   0.97918 0.00000 0.02082 0.00000 ( 1)
 372 A   0.64040 0.00000 0.35960 0.00000 ( 1)
 373 C   0.94366 0.00000 0.05634 0.00000 ( 1)
 374 T   0.59398 0.00000 0.40602 0.00000 ( 1)
 375 E   0.67254 0.00000 0.32746 0.00000 ( 1)
 376 E   0.97912 0.00000 0.02088 0.00000 ( 1)
 377 K   0.97331 0.00000 0.02669 0.00000 ( 1)
 378 P   0.96981 0.00000 0.03019 0.00000 ( 1)
 379 S   0.97523 0.00000 0.02477 0.00000 ( 1)
 380 A   0.97758 0.00000 0.02242 0.00000 ( 1)


lnL = -69098.045670

