Supplemental results for CODEML (seqf: align.fa  treef: tree.nwk)


MLEs of dN/dS (w) for site classes (K=4)

site class             0        1       2a       2b
proportion       0.90215  0.03928  0.05613  0.00244
background w     0.03890  1.00000  0.03890  1.00000
foreground w     0.03890  1.00000  1.78876  1.78876

Naive Empirical Bayes (NEB) probabilities for 4 classes
(amino acids refer to 1st sequence: ColCroc|Blue5)

   1 N   0.94142 0.00000 0.05858 0.00000 ( 1)
   2 V   0.94142 0.00000 0.05858 0.00000 ( 1)
   3 N   0.00000 0.93075 0.00000 0.06925 ( 2)
   4 N   0.97759 0.00000 0.02241 0.00000 ( 1)
   5 F   0.97941 0.00000 0.02059 0.00000 ( 1)
   6 S   0.97894 0.00000 0.02106 0.00000 ( 1)
   7 A   0.34110 0.62103 0.00647 0.03140 ( 2)
   8 E   0.00000 0.92999 0.00000 0.07001 ( 2)
   9 A   0.56954 0.00000 0.43046 0.00000 ( 1)
  10 R   0.98118 0.00000 0.01882 0.00000 ( 1)
  11 P   0.96928 0.00000 0.03072 0.00000 ( 1)
  12 V   0.99023 0.00000 0.00977 0.00000 ( 1)
  13 A   0.97426 0.00000 0.02574 0.00000 ( 1)
  14 Y   0.01577 0.00000 0.98423 0.00000 ( 3)
  15 P   0.97101 0.00000 0.02899 0.00000 ( 1)
  16 F   0.97642 0.00000 0.02358 0.00000 ( 1)
  17 K   0.97728 0.00000 0.02272 0.00000 ( 1)
  18 M   0.99023 0.00000 0.00977 0.00000 ( 1)
  19 V   0.97553 0.00000 0.02447 0.00000 ( 1)
  20 S   0.42418 0.00000 0.57582 0.00000 ( 3)
  21 D   0.00000 0.93123 0.00000 0.06877 ( 2)
  22 E   0.98231 0.00000 0.01769 0.00000 ( 1)
  23 V   0.97858 0.00000 0.02142 0.00000 ( 1)
  24 Q   0.97746 0.00000 0.02254 0.00000 ( 1)
  25 Q   0.98254 0.00000 0.01746 0.00000 ( 1)
  26 N   0.98462 0.00000 0.01538 0.00000 ( 1)
  27 M   0.99023 0.00000 0.00977 0.00000 ( 1)
  28 L   0.97385 0.00000 0.02615 0.00000 ( 1)
  29 G   0.98326 0.00000 0.01674 0.00000 ( 1)
  30 W   0.97535 0.00000 0.02465 0.00000 ( 1)
  31 N   0.98804 0.00000 0.01196 0.00000 ( 1)
  32 V   0.97941 0.00000 0.02059 0.00000 ( 1)
  33 P   0.96895 0.00000 0.03105 0.00000 ( 1)
  34 S   0.97709 0.00000 0.02291 0.00000 ( 1)
  35 E   0.97971 0.00000 0.02029 0.00000 ( 1)
  36 Y   0.97764 0.00000 0.02236 0.00000 ( 1)
  37 Q   0.97586 0.00000 0.02414 0.00000 ( 1)
  38 D   0.98622 0.00000 0.01378 0.00000 ( 1)
  39 L   0.97420 0.00000 0.02580 0.00000 ( 1)
  40 V   0.98425 0.00000 0.01575 0.00000 ( 1)
  41 H   0.98544 0.00000 0.01456 0.00000 ( 1)
  42 D   0.97954 0.00000 0.02046 0.00000 ( 1)
  43 H   0.98344 0.00000 0.01656 0.00000 ( 1)
  44 W   0.97535 0.00000 0.02465 0.00000 ( 1)
  45 R   0.97857 0.00000 0.02143 0.00000 ( 1)
  46 N   0.98804 0.00000 0.01196 0.00000 ( 1)
  47 F   0.98715 0.00000 0.01285 0.00000 ( 1)
  48 A   0.96956 0.00000 0.03044 0.00000 ( 1)
  49 A   0.97786 0.00000 0.02214 0.00000 ( 1)
  50 I   0.98402 0.00000 0.01598 0.00000 ( 1)
  51 D   0.98761 0.00000 0.01239 0.00000 ( 1)
  52 K   0.98257 0.00000 0.01743 0.00000 ( 1)
  53 F   0.98330 0.00000 0.01670 0.00000 ( 1)
  54 W   0.97535 0.00000 0.02465 0.00000 ( 1)
  55 H   0.98390 0.00000 0.01610 0.00000 ( 1)
  56 Y   0.98278 0.00000 0.01722 0.00000 ( 1)
  57 C   0.98221 0.00000 0.01779 0.00000 ( 1)
  58 L   0.73964 0.00000 0.26036 0.00000 ( 1)
  59 A   0.97888 0.00000 0.02112 0.00000 ( 1)
  60 L   0.98560 0.00000 0.01440 0.00000 ( 1)
  61 I   0.98302 0.00000 0.01698 0.00000 ( 1)
  62 Y   0.98311 0.00000 0.01689 0.00000 ( 1)
  63 M   0.98256 0.00000 0.01744 0.00000 ( 1)
  64 I   0.69943 0.00000 0.30057 0.00000 ( 1)
  65 L   0.97870 0.00000 0.02130 0.00000 ( 1)
  66 W   0.99023 0.00000 0.00977 0.00000 ( 1)
  67 I   0.89927 0.07388 0.02294 0.00391 ( 1)
  68 S   0.98484 0.00000 0.01516 0.00000 ( 1)
  69 S   0.97532 0.00000 0.02468 0.00000 ( 1)
  70 V   0.98288 0.00000 0.01712 0.00000 ( 1)
  71 C   0.01878 0.00000 0.98122 0.00000 ( 3)
  72 G   0.98460 0.00000 0.01540 0.00000 ( 1)
  73 N   0.97857 0.00000 0.02143 0.00000 ( 1)
  74 G   0.97651 0.00000 0.02349 0.00000 ( 1)
  75 I   0.98736 0.00000 0.01264 0.00000 ( 1)
  76 V   0.98368 0.00000 0.01632 0.00000 ( 1)
  77 V   0.87657 0.00000 0.12343 0.00000 ( 1)
  78 W   0.97535 0.00000 0.02465 0.00000 ( 1)
  79 I   0.97849 0.00000 0.02151 0.00000 ( 1)
  80 F   0.97826 0.00000 0.02174 0.00000 ( 1)
  81 S   0.98779 0.00000 0.01221 0.00000 ( 1)
  82 T   0.97351 0.00000 0.02649 0.00000 ( 1)
  83 S   0.96562 0.00000 0.03438 0.00000 ( 1)
  84 K   0.97808 0.00000 0.02192 0.00000 ( 1)
  85 S   0.98403 0.00000 0.01597 0.00000 ( 1)
  86 L   0.98111 0.00000 0.01889 0.00000 ( 1)
  87 R   0.95965 0.00000 0.04035 0.00000 ( 1)
  88 S   0.97802 0.00000 0.02198 0.00000 ( 1)
  89 A   0.47804 0.00000 0.52196 0.00000 ( 3)
  90 S   0.98778 0.00000 0.01222 0.00000 ( 1)
  91 N   0.98563 0.00000 0.01437 0.00000 ( 1)
  92 M   0.99023 0.00000 0.00977 0.00000 ( 1)
  93 F   0.98808 0.00000 0.01192 0.00000 ( 1)
  94 I   0.98138 0.00000 0.01862 0.00000 ( 1)
  95 V   0.98281 0.00000 0.01719 0.00000 ( 1)
  96 N   0.98768 0.00000 0.01232 0.00000 ( 1)
  97 L   0.97337 0.00000 0.02663 0.00000 ( 1)
  98 A   0.97421 0.00000 0.02579 0.00000 ( 1)
  99 L   0.97128 0.00000 0.02872 0.00000 ( 1)
 100 F   0.98727 0.00000 0.01273 0.00000 ( 1)
 101 D   0.98797 0.00000 0.01203 0.00000 ( 1)
 102 M   0.97790 0.00000 0.02210 0.00000 ( 1)
 103 V   0.98756 0.00000 0.01244 0.00000 ( 1)
 104 M   0.99023 0.00000 0.00977 0.00000 ( 1)
 105 M   0.99023 0.00000 0.00977 0.00000 ( 1)
 106 I   0.44107 0.01042 0.54777 0.00074 ( 3)
 107 E   0.98381 0.00000 0.01619 0.00000 ( 1)
 108 M   0.99023 0.00000 0.00977 0.00000 ( 1)
 109 P   0.97779 0.00000 0.02221 0.00000 ( 1)
 110 H   0.97457 0.00000 0.02543 0.00000 ( 1)
 111 L   0.98239 0.00000 0.01761 0.00000 ( 1)
 112 I   0.98749 0.00000 0.01251 0.00000 ( 1)
 113 I   0.00000 0.95351 0.00000 0.04649 ( 2)
 114 N   0.98804 0.00000 0.01196 0.00000 ( 1)
 115 S   0.97977 0.00000 0.02023 0.00000 ( 1)
 116 F   0.98667 0.00000 0.01333 0.00000 ( 1)
 117 Y   0.82489 0.00000 0.17511 0.00000 ( 1)
 118 Q   0.97085 0.00000 0.02915 0.00000 ( 1)
 119 K   0.97274 0.00000 0.02726 0.00000 ( 1)
 120 M   0.97934 0.00000 0.02066 0.00000 ( 1)
 121 I   0.97125 0.00000 0.02875 0.00000 ( 1)
 122 G   0.98324 0.00000 0.01676 0.00000 ( 1)
 123 Y   0.98312 0.00000 0.01688 0.00000 ( 1)
 124 Q   0.97724 0.00000 0.02276 0.00000 ( 1)
 125 V   0.98351 0.00000 0.01649 0.00000 ( 1)
 126 G   0.98527 0.00000 0.01473 0.00000 ( 1)
 127 C   0.98272 0.00000 0.01728 0.00000 ( 1)
 128 D   0.98598 0.00000 0.01402 0.00000 ( 1)
 129 I   0.97833 0.00000 0.02167 0.00000 ( 1)
 130 Y   0.98293 0.00000 0.01707 0.00000 ( 1)
 131 A   0.44099 0.00000 0.55901 0.00000 ( 3)
 132 T   0.98203 0.00000 0.01797 0.00000 ( 1)
 133 L   0.97229 0.00000 0.02771 0.00000 ( 1)
 134 G   0.98291 0.00000 0.01709 0.00000 ( 1)
 135 S   0.97695 0.00000 0.02305 0.00000 ( 1)
 136 I   0.97344 0.00000 0.02656 0.00000 ( 1)
 137 S   0.97847 0.00000 0.02153 0.00000 ( 1)
 138 G   0.98460 0.00000 0.01540 0.00000 ( 1)
 139 I   0.98430 0.00000 0.01570 0.00000 ( 1)
 140 G   0.96868 0.00000 0.03132 0.00000 ( 1)
 141 A   0.96942 0.00000 0.03058 0.00000 ( 1)
 142 A   0.97397 0.00000 0.02603 0.00000 ( 1)
 143 I   0.98115 0.00000 0.01885 0.00000 ( 1)
 144 S   0.97426 0.00000 0.02574 0.00000 ( 1)
 145 N   0.97801 0.00000 0.02199 0.00000 ( 1)
 146 A   0.97303 0.00000 0.02697 0.00000 ( 1)
 147 V   0.97677 0.00000 0.02323 0.00000 ( 1)
 148 I   0.97915 0.00000 0.02085 0.00000 ( 1)
 149 A   0.97368 0.00000 0.02632 0.00000 ( 1)
 150 Y   0.97878 0.00000 0.02122 0.00000 ( 1)
 151 D   0.97780 0.00000 0.02220 0.00000 ( 1)
 152 R   0.97390 0.00000 0.02610 0.00000 ( 1)
 153 Y   0.98310 0.00000 0.01690 0.00000 ( 1)
 154 K   0.97760 0.00000 0.02240 0.00000 ( 1)
 155 T   0.98153 0.00000 0.01847 0.00000 ( 1)
 156 I   0.97772 0.00000 0.02228 0.00000 ( 1)
 157 S   0.97362 0.00000 0.02638 0.00000 ( 1)
 158 C   0.97668 0.00000 0.02332 0.00000 ( 1)
 159 P   0.97040 0.00000 0.02960 0.00000 ( 1)
 160 I   0.96829 0.00000 0.03171 0.00000 ( 1)
 161 D   0.98126 0.00000 0.01874 0.00000 ( 1)
 162 G   0.96844 0.00000 0.03156 0.00000 ( 1)
 163 R   0.97390 0.00000 0.02610 0.00000 ( 1)
 164 I   0.98268 0.00000 0.01732 0.00000 ( 1)
 165 N   0.98631 0.00000 0.01369 0.00000 ( 1)
 166 K   0.97744 0.00000 0.02256 0.00000 ( 1)
 167 V   0.98202 0.00000 0.01798 0.00000 ( 1)
 168 Q   0.96944 0.00000 0.03056 0.00000 ( 1)
 169 A   0.98116 0.00000 0.01884 0.00000 ( 1)
 170 S   0.00000 0.95040 0.00000 0.04960 ( 2)
 171 I   0.97099 0.00000 0.02901 0.00000 ( 1)
 172 L   0.97494 0.00000 0.02506 0.00000 ( 1)
 173 I   0.98557 0.00000 0.01443 0.00000 ( 1)
 174 A   0.00005 0.94704 0.00000 0.05291 ( 2)
 175 F   0.98798 0.00000 0.01202 0.00000 ( 1)
 176 T   0.98233 0.00000 0.01767 0.00000 ( 1)
 177 W   0.97535 0.00000 0.02465 0.00000 ( 1)
 178 F   0.52394 0.00000 0.47606 0.00000 ( 1)
 179 W   0.97535 0.00000 0.02465 0.00000 ( 1)
 180 T   0.98100 0.00000 0.01900 0.00000 ( 1)
 181 L   0.00028 0.95405 0.00001 0.04566 ( 2)
 182 P   0.97052 0.00000 0.02948 0.00000 ( 1)
 183 F   0.98671 0.00000 0.01329 0.00000 ( 1)
 184 T   0.97752 0.00000 0.02248 0.00000 ( 1)
 185 I   0.74998 0.00000 0.25002 0.00000 ( 1)
 186 L   0.97365 0.00000 0.02635 0.00000 ( 1)
 187 P   0.96931 0.00000 0.03069 0.00000 ( 1)
 188 L   0.97890 0.00000 0.02110 0.00000 ( 1)
 189 L   0.98731 0.00000 0.01269 0.00000 ( 1)
 190 K   0.46878 0.00000 0.53122 0.00000 ( 3)
 191 V   0.98178 0.00000 0.01822 0.00000 ( 1)
 192 W   0.97535 0.00000 0.02465 0.00000 ( 1)
 193 G   0.96922 0.00000 0.03078 0.00000 ( 1)
 194 K   0.95092 0.00000 0.04908 0.00000 ( 1)
 195 F   0.97923 0.00000 0.02077 0.00000 ( 1)
 196 V   0.97519 0.00000 0.02481 0.00000 ( 1)
 197 P   0.96879 0.00000 0.03121 0.00000 ( 1)
 198 E   0.98394 0.00000 0.01606 0.00000 ( 1)
 199 G   0.97993 0.00000 0.02007 0.00000 ( 1)
 200 F   0.98809 0.00000 0.01191 0.00000 ( 1)
 201 L   0.96638 0.00000 0.03362 0.00000 ( 1)
 202 T   0.97549 0.00000 0.02451 0.00000 ( 1)
 203 T   0.98054 0.00000 0.01946 0.00000 ( 1)
 204 C   0.97060 0.00000 0.02940 0.00000 ( 1)
 205 S   0.97239 0.00000 0.02761 0.00000 ( 1)
 206 F   0.98815 0.00000 0.01185 0.00000 ( 1)
 207 D   0.98697 0.00000 0.01303 0.00000 ( 1)
 208 Y   0.98330 0.00000 0.01670 0.00000 ( 1)
 209 F   0.98828 0.00000 0.01172 0.00000 ( 1)
 210 T   0.98206 0.00000 0.01794 0.00000 ( 1)
 211 D   0.97079 0.00000 0.02921 0.00000 ( 1)
 212 D   0.98780 0.00000 0.01220 0.00000 ( 1)
 213 E   0.97724 0.00000 0.02276 0.00000 ( 1)
 214 D   0.98778 0.00000 0.01222 0.00000 ( 1)
 215 T   0.98272 0.00000 0.01728 0.00000 ( 1)
 216 K   0.98397 0.00000 0.01603 0.00000 ( 1)
 217 V   0.98158 0.00000 0.01842 0.00000 ( 1)
 218 F   0.98810 0.00000 0.01190 0.00000 ( 1)
 219 V   0.98161 0.00000 0.01839 0.00000 ( 1)
 220 A   0.51122 0.00000 0.48878 0.00000 ( 1)
 221 C   0.98344 0.00000 0.01656 0.00000 ( 1)
 222 I   0.98671 0.00000 0.01329 0.00000 ( 1)
 223 F   0.98828 0.00000 0.01172 0.00000 ( 1)
 224 V   0.95784 0.00000 0.04216 0.00000 ( 1)
 225 W   0.97535 0.00000 0.02465 0.00000 ( 1)
 226 S   0.98689 0.00000 0.01311 0.00000 ( 1)
 227 Y   0.98321 0.00000 0.01679 0.00000 ( 1)
 228 C   0.98308 0.00000 0.01692 0.00000 ( 1)
 229 F   0.98610 0.00000 0.01390 0.00000 ( 1)
 230 P   0.98033 0.00000 0.01967 0.00000 ( 1)
 231 M   0.99023 0.00000 0.00977 0.00000 ( 1)
 232 A   0.00000 0.93891 0.00000 0.06109 ( 2)
 233 L   0.98557 0.00000 0.01443 0.00000 ( 1)
 234 I   0.98667 0.00000 0.01333 0.00000 ( 1)
 235 C   0.98372 0.00000 0.01628 0.00000 ( 1)
 236 I   0.98239 0.00000 0.01761 0.00000 ( 1)
 237 F   0.98737 0.00000 0.01263 0.00000 ( 1)
 238 Y   0.98308 0.00000 0.01692 0.00000 ( 1)
 239 S   0.97658 0.00000 0.02342 0.00000 ( 1)
 240 K   0.97558 0.00000 0.02442 0.00000 ( 1)
 241 L   0.97506 0.00000 0.02494 0.00000 ( 1)
 242 F   0.97888 0.00000 0.02112 0.00000 ( 1)
 243 T   0.97098 0.00000 0.02902 0.00000 ( 1)
 244 A   0.97346 0.00000 0.02654 0.00000 ( 1)
 245 V   0.98068 0.00000 0.01932 0.00000 ( 1)
 246 R   0.96542 0.00000 0.03458 0.00000 ( 1)
 247 L   0.97548 0.00000 0.02452 0.00000 ( 1)
 248 H   0.98531 0.00000 0.01469 0.00000 ( 1)
 249 E   0.98394 0.00000 0.01606 0.00000 ( 1)
 250 K   0.44173 0.00000 0.55827 0.00000 ( 3)
 251 M   0.99023 0.00000 0.00977 0.00000 ( 1)
 252 L   0.97381 0.00000 0.02619 0.00000 ( 1)
 253 K   0.00000 0.93081 0.00000 0.06919 ( 2)
 254 E   0.98252 0.00000 0.01748 0.00000 ( 1)
 255 Q   0.96958 0.00000 0.03042 0.00000 ( 1)
 256 A   0.98099 0.00000 0.01901 0.00000 ( 1)
 257 K   0.98219 0.00000 0.01781 0.00000 ( 1)
 258 K   0.98397 0.00000 0.01603 0.00000 ( 1)
 259 M   0.99023 0.00000 0.00977 0.00000 ( 1)
 260 N   0.98639 0.00000 0.01361 0.00000 ( 1)
 261 V   0.98195 0.00000 0.01805 0.00000 ( 1)
 262 K   0.98252 0.00000 0.01748 0.00000 ( 1)
 263 S   0.97571 0.00000 0.02429 0.00000 ( 1)
 264 L   0.97484 0.00000 0.02516 0.00000 ( 1)
 265 A   0.97417 0.00000 0.02583 0.00000 ( 1)
 266 S   0.66412 0.00000 0.33588 0.00000 ( 1)
 267 N   0.98623 0.00000 0.01377 0.00000 ( 1)
 268 K   0.97729 0.00000 0.02271 0.00000 ( 1)
 269 E   0.97748 0.00000 0.02252 0.00000 ( 1)
 270 D   0.97940 0.00000 0.02060 0.00000 ( 1)
 271 A   0.95469 0.00000 0.04531 0.00000 ( 1)
 272 G   0.98779 0.00000 0.01221 0.00000 ( 1)
 273 K   0.98371 0.00000 0.01629 0.00000 ( 1)
 274 S   0.98687 0.00000 0.01313 0.00000 ( 1)
 275 V   0.97057 0.00000 0.02943 0.00000 ( 1)
 276 E   0.98278 0.00000 0.01722 0.00000 ( 1)
 277 I   0.98537 0.00000 0.01463 0.00000 ( 1)
 278 R   0.97343 0.00000 0.02657 0.00000 ( 1)
 279 I   0.98332 0.00000 0.01668 0.00000 ( 1)
 280 A   0.97331 0.00000 0.02669 0.00000 ( 1)
 281 K   0.97765 0.00000 0.02235 0.00000 ( 1)
 282 V   0.98099 0.00000 0.01901 0.00000 ( 1)
 283 A   0.98449 0.00000 0.01551 0.00000 ( 1)
 284 F   0.98828 0.00000 0.01172 0.00000 ( 1)
 285 T   0.97628 0.00000 0.02372 0.00000 ( 1)
 286 I   0.98261 0.00000 0.01739 0.00000 ( 1)
 287 F   0.98732 0.00000 0.01268 0.00000 ( 1)
 288 F   0.98756 0.00000 0.01244 0.00000 ( 1)
 289 L   0.97227 0.00000 0.02773 0.00000 ( 1)
 290 F   0.98828 0.00000 0.01172 0.00000 ( 1)
 291 V   0.98238 0.00000 0.01762 0.00000 ( 1)
 292 C   0.97514 0.00000 0.02486 0.00000 ( 1)
 293 A   0.98106 0.00000 0.01894 0.00000 ( 1)
 294 W   0.97535 0.00000 0.02465 0.00000 ( 1)
 295 T   0.98199 0.00000 0.01801 0.00000 ( 1)
 296 P   0.97728 0.00000 0.02272 0.00000 ( 1)
 297 Y   0.97664 0.00000 0.02336 0.00000 ( 1)
 298 A   0.97794 0.00000 0.02206 0.00000 ( 1)
 299 V   0.98826 0.00000 0.01174 0.00000 ( 1)
 300 V   0.98175 0.00000 0.01825 0.00000 ( 1)
 301 T   0.98620 0.00000 0.01380 0.00000 ( 1)
 302 M   0.99023 0.00000 0.00977 0.00000 ( 1)
 303 I   0.97257 0.00000 0.02743 0.00000 ( 1)
 304 G   0.97074 0.00000 0.02926 0.00000 ( 1)
 305 A   0.97461 0.00000 0.02539 0.00000 ( 1)
 306 F   0.97834 0.00000 0.02166 0.00000 ( 1)
 307 G   0.97010 0.00000 0.02990 0.00000 ( 1)
 308 D   0.98796 0.00000 0.01204 0.00000 ( 1)
 309 R   0.98213 0.00000 0.01787 0.00000 ( 1)
 310 S   0.00000 0.93404 0.00000 0.06596 ( 2)
 311 L   0.96508 0.00000 0.03492 0.00000 ( 1)
 312 L   0.97465 0.00000 0.02535 0.00000 ( 1)
 313 T   0.97685 0.00000 0.02315 0.00000 ( 1)
 314 P   0.97008 0.00000 0.02992 0.00000 ( 1)
 315 H   0.97844 0.00000 0.02156 0.00000 ( 1)
 316 V   0.97851 0.00000 0.02149 0.00000 ( 1)
 317 T   0.98264 0.00000 0.01736 0.00000 ( 1)
 318 M   0.99023 0.00000 0.00977 0.00000 ( 1)
 319 I   0.54688 0.00000 0.45312 0.00000 ( 1)
 320 P   0.97150 0.00000 0.02850 0.00000 ( 1)
 321 A   0.97419 0.00000 0.02581 0.00000 ( 1)
 322 V   0.98095 0.00000 0.01905 0.00000 ( 1)
 323 F   0.98372 0.00000 0.01628 0.00000 ( 1)
 324 A   0.96937 0.00000 0.03063 0.00000 ( 1)
 325 K   0.97949 0.00000 0.02051 0.00000 ( 1)
 326 S   0.67910 0.00000 0.32090 0.00000 ( 1)
 327 V   0.97985 0.00000 0.02015 0.00000 ( 1)
 328 S   0.98471 0.00000 0.01529 0.00000 ( 1)
 329 C   0.98305 0.00000 0.01695 0.00000 ( 1)
 330 I   0.98285 0.00000 0.01715 0.00000 ( 1)
 331 D   0.98139 0.00000 0.01861 0.00000 ( 1)
 332 P   0.96971 0.00000 0.03029 0.00000 ( 1)
 333 W   0.97535 0.00000 0.02465 0.00000 ( 1)
 334 V   0.98234 0.00000 0.01766 0.00000 ( 1)
 335 Y   0.97368 0.00000 0.02632 0.00000 ( 1)
 336 A   0.98312 0.00000 0.01688 0.00000 ( 1)
 337 I   0.98641 0.00000 0.01359 0.00000 ( 1)
 338 N   0.98509 0.00000 0.01491 0.00000 ( 1)
 339 H   0.97233 0.00000 0.02767 0.00000 ( 1)
 340 P   0.97942 0.00000 0.02058 0.00000 ( 1)
 341 R   0.97390 0.00000 0.02610 0.00000 ( 1)
 342 Y   0.98330 0.00000 0.01670 0.00000 ( 1)
 343 R   0.98324 0.00000 0.01676 0.00000 ( 1)
 344 A   0.98251 0.00000 0.01749 0.00000 ( 1)
 345 E   0.97787 0.00000 0.02213 0.00000 ( 1)
 346 L   0.97188 0.00000 0.02812 0.00000 ( 1)
 347 Q   0.01349 0.00000 0.98651 0.00000 ( 3)
 348 K   0.98388 0.00000 0.01612 0.00000 ( 1)
 349 R   0.96328 0.00000 0.03672 0.00000 ( 1)
 350 L   0.49320 0.00000 0.50680 0.00000 ( 3)
 351 P   0.97004 0.00000 0.02996 0.00000 ( 1)
 352 W   0.97535 0.00000 0.02465 0.00000 ( 1)
 353 M   0.96939 0.00000 0.03061 0.00000 ( 1)
 354 G   0.97968 0.00000 0.02032 0.00000 ( 1)
 355 V   0.98368 0.00000 0.01632 0.00000 ( 1)
 356 R   0.98131 0.00000 0.01869 0.00000 ( 1)
 357 E   0.97746 0.00000 0.02254 0.00000 ( 1)
 358 P   0.00000 0.95672 0.00000 0.04328 ( 2)
 359 D   0.98730 0.00000 0.01270 0.00000 ( 1)
 360 P   0.96994 0.00000 0.03006 0.00000 ( 1)
 361 E   0.98776 0.00000 0.01224 0.00000 ( 1)
 362 T   0.00000 0.95675 0.00000 0.04325 ( 2)
 363 Q   0.98129 0.00000 0.01871 0.00000 ( 1)
 364 S   0.98355 0.00000 0.01645 0.00000 ( 1)
 365 S   0.51656 0.00000 0.48344 0.00000 ( 1)
 366 N   0.55315 0.00000 0.44685 0.00000 ( 1)
 367 A   0.98551 0.00000 0.01449 0.00000 ( 1)
 368 S   0.40175 0.00000 0.59825 0.00000 ( 3)
 369 T   0.59210 0.00000 0.40790 0.00000 ( 1)
 370 T   0.60625 0.00000 0.39375 0.00000 ( 1)
 371 Q   0.41311 0.00000 0.58689 0.00000 ( 3)
 372 S   0.01226 0.94699 0.00030 0.04045 ( 2)
 373 Q   0.44828 0.00000 0.55172 0.00000 ( 3)
 374 S   0.00000 0.87469 0.00000 0.12531 ( 2)
 375 A   0.00000 0.92911 0.00000 0.07089 ( 2)
 376 D   0.57336 0.00000 0.42664 0.00000 ( 1)
 377 A   0.97270 0.00000 0.02730 0.00000 ( 1)


lnL = -74014.296878

Bayes Empirical Bayes (BEB) probabilities for 4 classes (class)
(amino acids refer to 1st sequence: ColCroc|Blue5)

   1 N   0.96656 0.00000 0.03344 0.00000 ( 1)
   2 V   0.96656 0.00000 0.03344 0.00000 ( 1)
   3 N   0.00000 0.94560 0.00000 0.05440 ( 2)
   4 N   0.99601 0.00000 0.00399 0.00000 ( 1)
   5 F   0.99483 0.00000 0.00517 0.00000 ( 1)
   6 S   0.99518 0.00000 0.00482 0.00000 ( 1)
   7 A   0.99447 0.00005 0.00547 0.00000 ( 1)
   8 E   0.00000 0.95420 0.00000 0.04580 ( 2)
   9 A   0.79539 0.00000 0.20461 0.00000 ( 1)
  10 R   0.99453 0.00000 0.00547 0.00000 ( 1)
  11 P   0.99327 0.00000 0.00673 0.00000 ( 1)
  12 V   0.99768 0.00000 0.00232 0.00000 ( 1)
  13 A   0.99427 0.00000 0.00573 0.00000 ( 1)
  14 Y   0.02123 0.00000 0.97877 0.00000 ( 3)
  15 P   0.99382 0.00000 0.00618 0.00000 ( 1)
  16 F   0.99452 0.00000 0.00548 0.00000 ( 1)
  17 K   0.99610 0.00000 0.00390 0.00000 ( 1)
  18 M   0.99768 0.00000 0.00232 0.00000 ( 1)
  19 V   0.99362 0.00000 0.00638 0.00000 ( 1)
  20 S   0.59845 0.00000 0.40155 0.00000 ( 1)
  21 D   0.00001 0.96934 0.00001 0.03065 ( 2)
  22 E   0.99646 0.00000 0.00354 0.00000 ( 1)
  23 V   0.99339 0.00000 0.00661 0.00000 ( 1)
  24 Q   0.99378 0.00000 0.00622 0.00000 ( 1)
  25 Q   0.99667 0.00000 0.00333 0.00000 ( 1)
  26 N   0.99728 0.00000 0.00272 0.00000 ( 1)
  27 M   0.99768 0.00000 0.00232 0.00000 ( 1)
  28 L   0.99342 0.00000 0.00658 0.00000 ( 1)
  29 G   0.99664 0.00000 0.00336 0.00000 ( 1)
  30 W   0.99591 0.00000 0.00409 0.00000 ( 1)
  31 N   0.99743 0.00000 0.00257 0.00000 ( 1)
  32 V   0.99521 0.00000 0.00479 0.00000 ( 1)
  33 P   0.99322 0.00000 0.00678 0.00000 ( 1)
  34 S   0.99594 0.00000 0.00406 0.00000 ( 1)
  35 E   0.99614 0.00000 0.00386 0.00000 ( 1)
  36 Y   0.99516 0.00000 0.00484 0.00000 ( 1)
  37 Q   0.99565 0.00000 0.00435 0.00000 ( 1)
  38 D   0.99692 0.00000 0.00308 0.00000 ( 1)
  39 L   0.99378 0.00000 0.00622 0.00000 ( 1)
  40 V   0.99521 0.00000 0.00479 0.00000 ( 1)
  41 H   0.99755 0.00000 0.00245 0.00000 ( 1)
  42 D   0.99573 0.00000 0.00427 0.00000 ( 1)
  43 H   0.99703 0.00000 0.00297 0.00000 ( 1)
  44 W   0.99591 0.00000 0.00409 0.00000 ( 1)
  45 R   0.99352 0.00000 0.00648 0.00000 ( 1)
  46 N   0.99743 0.00000 0.00257 0.00000 ( 1)
  47 F   0.99700 0.00000 0.00300 0.00000 ( 1)
  48 A   0.99333 0.00000 0.00667 0.00000 ( 1)
  49 A   0.99472 0.00000 0.00528 0.00000 ( 1)
  50 I   0.99538 0.00000 0.00462 0.00000 ( 1)
  51 D   0.99781 0.00000 0.00219 0.00000 ( 1)
  52 K   0.99669 0.00000 0.00331 0.00000 ( 1)
  53 F   0.99705 0.00000 0.00295 0.00000 ( 1)
  54 W   0.99591 0.00000 0.00409 0.00000 ( 1)
  55 H   0.99704 0.00000 0.00296 0.00000 ( 1)
  56 Y   0.99690 0.00000 0.00310 0.00000 ( 1)
  57 C   0.99688 0.00000 0.00312 0.00000 ( 1)
  58 L   0.89352 0.00000 0.10648 0.00000 ( 1)
  59 A   0.99504 0.00000 0.00496 0.00000 ( 1)
  60 L   0.99686 0.00000 0.00314 0.00000 ( 1)
  61 I   0.99558 0.00000 0.00442 0.00000 ( 1)
  62 Y   0.99700 0.00000 0.00300 0.00000 ( 1)
  63 M   0.99477 0.00000 0.00523 0.00000 ( 1)
  64 I   0.87155 0.00000 0.12845 0.00000 ( 1)
  65 L   0.99482 0.00000 0.00518 0.00000 ( 1)
  66 W   0.99768 0.00000 0.00232 0.00000 ( 1)
  67 I   0.99226 0.00000 0.00774 0.00000 ( 1)
  68 S   0.99625 0.00000 0.00375 0.00000 ( 1)
  69 S   0.99392 0.00000 0.00608 0.00000 ( 1)
  70 V   0.99603 0.00000 0.00397 0.00000 ( 1)
  71 C   0.02925 0.00000 0.97075 0.00000 ( 3)
  72 G   0.99705 0.00000 0.00295 0.00000 ( 1)
  73 N   0.99593 0.00000 0.00407 0.00000 ( 1)
  74 G   0.99355 0.00000 0.00645 0.00000 ( 1)
  75 I   0.99633 0.00000 0.00367 0.00000 ( 1)
  76 V   0.99506 0.00000 0.00494 0.00000 ( 1)
  77 V   0.95476 0.00000 0.04524 0.00000 ( 1)
  78 W   0.99591 0.00000 0.00409 0.00000 ( 1)
  79 I   0.99366 0.00000 0.00634 0.00000 ( 1)
  80 F   0.99595 0.00000 0.00405 0.00000 ( 1)
  81 S   0.99786 0.00000 0.00214 0.00000 ( 1)
  82 T   0.99414 0.00000 0.00586 0.00000 ( 1)
  83 S   0.99178 0.00000 0.00822 0.00000 ( 1)
  84 K   0.99591 0.00000 0.00409 0.00000 ( 1)
  85 S   0.99676 0.00000 0.00324 0.00000 ( 1)
  86 L   0.99520 0.00000 0.00480 0.00000 ( 1)
  87 R   0.98859 0.00000 0.01141 0.00000 ( 1)
  88 S   0.99599 0.00000 0.00401 0.00000 ( 1)
  89 A   0.63967 0.00000 0.36033 0.00000 ( 1)
  90 S   0.99786 0.00000 0.00214 0.00000 ( 1)
  91 N   0.99671 0.00000 0.00329 0.00000 ( 1)
  92 M   0.99768 0.00000 0.00232 0.00000 ( 1)
  93 F   0.99721 0.00000 0.00279 0.00000 ( 1)
  94 I   0.99489 0.00000 0.00511 0.00000 ( 1)
  95 V   0.99599 0.00000 0.00401 0.00000 ( 1)
  96 N   0.99734 0.00000 0.00266 0.00000 ( 1)
  97 L   0.99331 0.00000 0.00669 0.00000 ( 1)
  98 A   0.99366 0.00000 0.00634 0.00000 ( 1)
  99 L   0.98853 0.00000 0.01147 0.00000 ( 1)
 100 F   0.99698 0.00000 0.00302 0.00000 ( 1)
 101 D   0.99742 0.00000 0.00258 0.00000 ( 1)
 102 M   0.99271 0.00000 0.00729 0.00000 ( 1)
 103 V   0.99651 0.00000 0.00349 0.00000 ( 1)
 104 M   0.99768 0.00000 0.00232 0.00000 ( 1)
 105 M   0.99768 0.00000 0.00232 0.00000 ( 1)
 106 I   0.62215 0.00001 0.37783 0.00000 ( 1)
 107 E   0.99704 0.00000 0.00296 0.00000 ( 1)
 108 M   0.99768 0.00000 0.00232 0.00000 ( 1)
 109 P   0.99567 0.00000 0.00433 0.00000 ( 1)
 110 H   0.99424 0.00000 0.00576 0.00000 ( 1)
 111 L   0.99610 0.00000 0.00390 0.00000 ( 1)
 112 I   0.99639 0.00000 0.00361 0.00000 ( 1)
 113 I   0.00001 0.98142 0.00000 0.01857 ( 2)
 114 N   0.99743 0.00000 0.00257 0.00000 ( 1)
 115 S   0.99517 0.00000 0.00483 0.00000 ( 1)
 116 F   0.99689 0.00000 0.00311 0.00000 ( 1)
 117 Y   0.94960 0.00000 0.05040 0.00000 ( 1)
 118 Q   0.99372 0.00000 0.00628 0.00000 ( 1)
 119 K   0.99485 0.00000 0.00515 0.00000 ( 1)
 120 M   0.99381 0.00000 0.00619 0.00000 ( 1)
 121 I   0.98786 0.00000 0.01214 0.00000 ( 1)
 122 G   0.99667 0.00000 0.00333 0.00000 ( 1)
 123 Y   0.99700 0.00000 0.00300 0.00000 ( 1)
 124 Q   0.99615 0.00000 0.00385 0.00000 ( 1)
 125 V   0.99574 0.00000 0.00426 0.00000 ( 1)
 126 G   0.99734 0.00000 0.00266 0.00000 ( 1)
 127 C   0.99712 0.00000 0.00288 0.00000 ( 1)
 128 D   0.99688 0.00000 0.00312 0.00000 ( 1)
 129 I   0.99318 0.00000 0.00682 0.00000 ( 1)
 130 Y   0.99694 0.00000 0.00306 0.00000 ( 1)
 131 A   0.60215 0.00000 0.39785 0.00000 ( 1)
 132 T   0.99435 0.00000 0.00565 0.00000 ( 1)
 133 L   0.99184 0.00000 0.00816 0.00000 ( 1)
 134 G   0.99667 0.00000 0.00333 0.00000 ( 1)
 135 S   0.99530 0.00000 0.00470 0.00000 ( 1)
 136 I   0.99374 0.00000 0.00626 0.00000 ( 1)
 137 S   0.99547 0.00000 0.00453 0.00000 ( 1)
 138 G   0.99701 0.00000 0.00299 0.00000 ( 1)
 139 I   0.99573 0.00000 0.00427 0.00000 ( 1)
 140 G   0.99322 0.00000 0.00678 0.00000 ( 1)
 141 A   0.99343 0.00000 0.00657 0.00000 ( 1)
 142 A   0.99423 0.00000 0.00577 0.00000 ( 1)
 143 I   0.99552 0.00000 0.00448 0.00000 ( 1)
 144 S   0.99427 0.00000 0.00573 0.00000 ( 1)
 145 N   0.99596 0.00000 0.00404 0.00000 ( 1)
 146 A   0.99406 0.00000 0.00594 0.00000 ( 1)
 147 V   0.99365 0.00000 0.00635 0.00000 ( 1)
 148 I   0.99541 0.00000 0.00459 0.00000 ( 1)
 149 A   0.99405 0.00000 0.00595 0.00000 ( 1)
 150 Y   0.99590 0.00000 0.00410 0.00000 ( 1)
 151 D   0.99588 0.00000 0.00412 0.00000 ( 1)
 152 R   0.99544 0.00000 0.00456 0.00000 ( 1)
 153 Y   0.99698 0.00000 0.00302 0.00000 ( 1)
 154 K   0.99583 0.00000 0.00417 0.00000 ( 1)
 155 T   0.99600 0.00000 0.00400 0.00000 ( 1)
 156 I   0.99292 0.00000 0.00708 0.00000 ( 1)
 157 S   0.99405 0.00000 0.00595 0.00000 ( 1)
 158 C   0.99552 0.00000 0.00448 0.00000 ( 1)
 159 P   0.99359 0.00000 0.00641 0.00000 ( 1)
 160 I   0.99172 0.00000 0.00828 0.00000 ( 1)
 161 D   0.99620 0.00000 0.00380 0.00000 ( 1)
 162 G   0.99326 0.00000 0.00674 0.00000 ( 1)
 163 R   0.99544 0.00000 0.00456 0.00000 ( 1)
 164 I   0.99631 0.00000 0.00369 0.00000 ( 1)
 165 N   0.99691 0.00000 0.00309 0.00000 ( 1)
 166 K   0.99594 0.00000 0.00406 0.00000 ( 1)
 167 V   0.99540 0.00000 0.00460 0.00000 ( 1)
 168 Q   0.99395 0.00000 0.00605 0.00000 ( 1)
 169 A   0.99588 0.00000 0.00412 0.00000 ( 1)
 170 S   0.00000 0.98090 0.00000 0.01910 ( 2)
 171 I   0.99289 0.00000 0.00711 0.00000 ( 1)
 172 L   0.99408 0.00000 0.00592 0.00000 ( 1)
 173 I   0.99600 0.00000 0.00400 0.00000 ( 1)
 174 A   0.73622 0.25277 0.00496 0.00606 ( 1)
 175 F   0.99718 0.00000 0.00282 0.00000 ( 1)
 176 T   0.99622 0.00000 0.00378 0.00000 ( 1)
 177 W   0.99591 0.00000 0.00409 0.00000 ( 1)
 178 F   0.70259 0.00000 0.29741 0.00000 ( 1)
 179 W   0.99591 0.00000 0.00409 0.00000 ( 1)
 180 T   0.99571 0.00000 0.00429 0.00000 ( 1)
 181 L   0.47962 0.51007 0.00373 0.00658 ( 2)
 182 P   0.99356 0.00000 0.00644 0.00000 ( 1)
 183 F   0.99690 0.00000 0.00310 0.00000 ( 1)
 184 T   0.99490 0.00000 0.00510 0.00000 ( 1)
 185 I   0.88704 0.00000 0.11296 0.00000 ( 1)
 186 L   0.99340 0.00000 0.00660 0.00000 ( 1)
 187 P   0.99330 0.00000 0.00670 0.00000 ( 1)
 188 L   0.99474 0.00000 0.00526 0.00000 ( 1)
 189 L   0.99699 0.00000 0.00301 0.00000 ( 1)
 190 K   0.74239 0.00000 0.25761 0.00000 ( 1)
 191 V   0.99587 0.00000 0.00413 0.00000 ( 1)
 192 W   0.99591 0.00000 0.00409 0.00000 ( 1)
 193 G   0.99340 0.00000 0.00660 0.00000 ( 1)
 194 K   0.96995 0.00000 0.03005 0.00000 ( 1)
 195 F   0.99586 0.00000 0.00414 0.00000 ( 1)
 196 V   0.99371 0.00000 0.00629 0.00000 ( 1)
 197 P   0.99321 0.00000 0.00679 0.00000 ( 1)
 198 E   0.99709 0.00000 0.00291 0.00000 ( 1)
 199 G   0.99591 0.00000 0.00409 0.00000 ( 1)
 200 F   0.99721 0.00000 0.00279 0.00000 ( 1)
 201 L   0.99040 0.00000 0.00960 0.00000 ( 1)
 202 T   0.99460 0.00000 0.00540 0.00000 ( 1)
 203 T   0.99560 0.00000 0.00440 0.00000 ( 1)
 204 C   0.99404 0.00000 0.00596 0.00000 ( 1)
 205 S   0.99369 0.00000 0.00631 0.00000 ( 1)
 206 F   0.99722 0.00000 0.00278 0.00000 ( 1)
 207 D   0.99714 0.00000 0.00286 0.00000 ( 1)
 208 Y   0.99705 0.00000 0.00295 0.00000 ( 1)
 209 F   0.99726 0.00000 0.00274 0.00000 ( 1)
 210 T   0.99601 0.00000 0.00399 0.00000 ( 1)
 211 D   0.99226 0.00000 0.00774 0.00000 ( 1)
 212 D   0.99737 0.00000 0.00263 0.00000 ( 1)
 213 E   0.99615 0.00000 0.00385 0.00000 ( 1)
 214 D   0.99737 0.00000 0.00263 0.00000 ( 1)
 215 T   0.99593 0.00000 0.00407 0.00000 ( 1)
 216 K   0.99711 0.00000 0.00289 0.00000 ( 1)
 217 V   0.99518 0.00000 0.00482 0.00000 ( 1)
 218 F   0.99721 0.00000 0.00279 0.00000 ( 1)
 219 V   0.99496 0.00000 0.00504 0.00000 ( 1)
 220 A   0.75101 0.00000 0.24899 0.00000 ( 1)
 221 C   0.99739 0.00000 0.00261 0.00000 ( 1)
 222 I   0.99620 0.00000 0.00380 0.00000 ( 1)
 223 F   0.99726 0.00000 0.00274 0.00000 ( 1)
 224 V   0.98183 0.00000 0.01817 0.00000 ( 1)
 225 W   0.99591 0.00000 0.00409 0.00000 ( 1)
 226 S   0.99758 0.00000 0.00242 0.00000 ( 1)
 227 Y   0.99702 0.00000 0.00298 0.00000 ( 1)
 228 C   0.99718 0.00000 0.00282 0.00000 ( 1)
 229 F   0.99595 0.00000 0.00405 0.00000 ( 1)
 230 P   0.99539 0.00000 0.00461 0.00000 ( 1)
 231 M   0.99768 0.00000 0.00232 0.00000 ( 1)
 232 A   0.00000 0.96569 0.00000 0.03431 ( 2)
 233 L   0.99685 0.00000 0.00315 0.00000 ( 1)
 234 I   0.99620 0.00000 0.00380 0.00000 ( 1)
 235 C   0.99747 0.00000 0.00253 0.00000 ( 1)
 236 I   0.99679 0.00000 0.00321 0.00000 ( 1)
 237 F   0.99700 0.00000 0.00300 0.00000 ( 1)
 238 Y   0.99698 0.00000 0.00302 0.00000 ( 1)
 239 S   0.99540 0.00000 0.00460 0.00000 ( 1)
 240 K   0.99548 0.00000 0.00452 0.00000 ( 1)
 241 L   0.99382 0.00000 0.00618 0.00000 ( 1)
 242 F   0.99591 0.00000 0.00409 0.00000 ( 1)
 243 T   0.99399 0.00000 0.00601 0.00000 ( 1)
 244 A   0.99413 0.00000 0.00587 0.00000 ( 1)
 245 V   0.99427 0.00000 0.00573 0.00000 ( 1)
 246 R   0.99216 0.00000 0.00784 0.00000 ( 1)
 247 L   0.99463 0.00000 0.00537 0.00000 ( 1)
 248 H   0.99751 0.00000 0.00249 0.00000 ( 1)
 249 E   0.99709 0.00000 0.00291 0.00000 ( 1)
 250 K   0.68169 0.00000 0.31831 0.00000 ( 1)
 251 M   0.99768 0.00000 0.00232 0.00000 ( 1)
 252 L   0.99294 0.00000 0.00706 0.00000 ( 1)
 253 K   0.00001 0.96607 0.00000 0.03392 ( 2)
 254 E   0.99666 0.00000 0.00334 0.00000 ( 1)
 255 Q   0.99391 0.00000 0.00609 0.00000 ( 1)
 256 A   0.99530 0.00000 0.00470 0.00000 ( 1)
 257 K   0.99651 0.00000 0.00349 0.00000 ( 1)
 258 K   0.99711 0.00000 0.00289 0.00000 ( 1)
 259 M   0.99768 0.00000 0.00232 0.00000 ( 1)
 260 N   0.99704 0.00000 0.00296 0.00000 ( 1)
 261 V   0.99517 0.00000 0.00483 0.00000 ( 1)
 262 K   0.99668 0.00000 0.00332 0.00000 ( 1)
 263 S   0.99430 0.00000 0.00570 0.00000 ( 1)
 264 L   0.99386 0.00000 0.00614 0.00000 ( 1)
 265 A   0.99424 0.00000 0.00576 0.00000 ( 1)
 266 S   0.80840 0.00000 0.19160 0.00000 ( 1)
 267 N   0.99690 0.00000 0.00310 0.00000 ( 1)
 268 K   0.99609 0.00000 0.00391 0.00000 ( 1)
 269 E   0.99583 0.00000 0.00417 0.00000 ( 1)
 270 D   0.99601 0.00000 0.00399 0.00000 ( 1)
 271 A   0.98151 0.00000 0.01849 0.00000 ( 1)
 272 G   0.99786 0.00000 0.00214 0.00000 ( 1)
 273 K   0.99700 0.00000 0.00300 0.00000 ( 1)
 274 S   0.99758 0.00000 0.00242 0.00000 ( 1)
 275 V   0.99012 0.00000 0.00988 0.00000 ( 1)
 276 E   0.99672 0.00000 0.00328 0.00000 ( 1)
 277 I   0.99598 0.00000 0.00402 0.00000 ( 1)
 278 R   0.99453 0.00000 0.00547 0.00000 ( 1)
 279 I   0.99600 0.00000 0.00400 0.00000 ( 1)
 280 A   0.99410 0.00000 0.00590 0.00000 ( 1)
 281 K   0.99597 0.00000 0.00403 0.00000 ( 1)
 282 V   0.99457 0.00000 0.00543 0.00000 ( 1)
 283 A   0.99609 0.00000 0.00391 0.00000 ( 1)
 284 F   0.99726 0.00000 0.00274 0.00000 ( 1)
 285 T   0.99463 0.00000 0.00537 0.00000 ( 1)
 286 I   0.99441 0.00000 0.00559 0.00000 ( 1)
 287 F   0.99699 0.00000 0.00301 0.00000 ( 1)
 288 F   0.99709 0.00000 0.00291 0.00000 ( 1)
 289 L   0.99316 0.00000 0.00684 0.00000 ( 1)
 290 F   0.99726 0.00000 0.00274 0.00000 ( 1)
 291 V   0.99486 0.00000 0.00514 0.00000 ( 1)
 292 C   0.99480 0.00000 0.00520 0.00000 ( 1)
 293 A   0.99481 0.00000 0.00519 0.00000 ( 1)
 294 W   0.99591 0.00000 0.00409 0.00000 ( 1)
 295 T   0.99613 0.00000 0.00387 0.00000 ( 1)
 296 P   0.99556 0.00000 0.00444 0.00000 ( 1)
 297 Y   0.99518 0.00000 0.00482 0.00000 ( 1)
 298 A   0.99482 0.00000 0.00518 0.00000 ( 1)
 299 V   0.99725 0.00000 0.00275 0.00000 ( 1)
 300 V   0.99492 0.00000 0.00508 0.00000 ( 1)
 301 T   0.99672 0.00000 0.00328 0.00000 ( 1)
 302 M   0.99768 0.00000 0.00232 0.00000 ( 1)
 303 I   0.99413 0.00000 0.00587 0.00000 ( 1)
 304 G   0.99376 0.00000 0.00624 0.00000 ( 1)
 305 A   0.99377 0.00000 0.00623 0.00000 ( 1)
 306 F   0.99594 0.00000 0.00406 0.00000 ( 1)
 307 G   0.99286 0.00000 0.00714 0.00000 ( 1)
 308 D   0.99742 0.00000 0.00258 0.00000 ( 1)
 309 R   0.99680 0.00000 0.00320 0.00000 ( 1)
 310 S   0.00000 0.96950 0.00000 0.03050 ( 2)
 311 L   0.98993 0.00000 0.01007 0.00000 ( 1)
 312 L   0.99341 0.00000 0.00659 0.00000 ( 1)
 313 T   0.99429 0.00000 0.00571 0.00000 ( 1)
 314 P   0.99342 0.00000 0.00658 0.00000 ( 1)
 315 H   0.99411 0.00000 0.00589 0.00000 ( 1)
 316 V   0.99493 0.00000 0.00507 0.00000 ( 1)
 317 T   0.99644 0.00000 0.00356 0.00000 ( 1)
 318 M   0.99768 0.00000 0.00232 0.00000 ( 1)
 319 I   0.74304 0.00000 0.25696 0.00000 ( 1)
 320 P   0.99372 0.00000 0.00628 0.00000 ( 1)
 321 A   0.99424 0.00000 0.00576 0.00000 ( 1)
 322 V   0.99497 0.00000 0.00503 0.00000 ( 1)
 323 F   0.99747 0.00000 0.00253 0.00000 ( 1)
 324 A   0.99385 0.00000 0.00615 0.00000 ( 1)
 325 K   0.99614 0.00000 0.00386 0.00000 ( 1)
 326 S   0.86590 0.00000 0.13410 0.00000 ( 1)
 327 V   0.99424 0.00000 0.00576 0.00000 ( 1)
 328 S   0.99709 0.00000 0.00291 0.00000 ( 1)
 329 C   0.99725 0.00000 0.00275 0.00000 ( 1)
 330 I   0.99660 0.00000 0.00340 0.00000 ( 1)
 331 D   0.99586 0.00000 0.00414 0.00000 ( 1)
 332 P   0.99280 0.00000 0.00720 0.00000 ( 1)
 333 W   0.99591 0.00000 0.00409 0.00000 ( 1)
 334 V   0.99422 0.00000 0.00578 0.00000 ( 1)
 335 Y   0.99441 0.00000 0.00559 0.00000 ( 1)
 336 A   0.99605 0.00000 0.00395 0.00000 ( 1)
 337 I   0.99616 0.00000 0.00384 0.00000 ( 1)
 338 N   0.99663 0.00000 0.00337 0.00000 ( 1)
 339 H   0.99486 0.00000 0.00514 0.00000 ( 1)
 340 P   0.99554 0.00000 0.00446 0.00000 ( 1)
 341 R   0.99544 0.00000 0.00456 0.00000 ( 1)
 342 Y   0.99705 0.00000 0.00295 0.00000 ( 1)
 343 R   0.99730 0.00000 0.00270 0.00000 ( 1)
 344 A   0.99629 0.00000 0.00371 0.00000 ( 1)
 345 E   0.99570 0.00000 0.00430 0.00000 ( 1)
 346 L   0.99249 0.00000 0.00751 0.00000 ( 1)
 347 Q   0.01320 0.00000 0.98680 0.00000 ( 3)
 348 K   0.99708 0.00000 0.00292 0.00000 ( 1)
 349 R   0.99019 0.00000 0.00981 0.00000 ( 1)
 350 L   0.69023 0.00000 0.30977 0.00000 ( 1)
 351 P   0.99347 0.00000 0.00653 0.00000 ( 1)
 352 W   0.99591 0.00000 0.00409 0.00000 ( 1)
 353 M   0.99178 0.00000 0.00822 0.00000 ( 1)
 354 G   0.99493 0.00000 0.00507 0.00000 ( 1)
 355 V   0.99527 0.00000 0.00473 0.00000 ( 1)
 356 R   0.99710 0.00000 0.00290 0.00000 ( 1)
 357 E   0.99583 0.00000 0.00417 0.00000 ( 1)
 358 P   0.00000 0.99129 0.00000 0.00871 ( 2)
 359 D   0.99723 0.00000 0.00277 0.00000 ( 1)
 360 P   0.99356 0.00000 0.00644 0.00000 ( 1)
 361 E   0.99737 0.00000 0.00263 0.00000 ( 1)
 362 T   0.00709 0.97703 0.00003 0.01585 ( 2)
 363 Q   0.99505 0.00000 0.00495 0.00000 ( 1)
 364 S   0.99665 0.00000 0.00335 0.00000 ( 1)
 365 S   0.73328 0.00000 0.26672 0.00000 ( 1)
 366 N   0.77978 0.00000 0.22022 0.00000 ( 1)
 367 A   0.99658 0.00000 0.00342 0.00000 ( 1)
 368 S   0.52527 0.00000 0.47473 0.00000 ( 1)
 369 T   0.81838 0.00000 0.18162 0.00000 ( 1)
 370 T   0.82845 0.00000 0.17155 0.00000 ( 1)
 371 Q   0.56115 0.00000 0.43885 0.00000 ( 1)
 372 S   0.97898 0.01669 0.00420 0.00013 ( 1)
 373 Q   0.56223 0.00000 0.43777 0.00000 ( 1)
 374 S   0.00000 0.76586 0.00000 0.23414 ( 2)
 375 A   0.00000 0.94762 0.00000 0.05238 ( 2)
 376 D   0.84053 0.00000 0.15947 0.00000 ( 1)
 377 A   0.99400 0.00000 0.00600 0.00000 ( 1)

