Supplemental results for CODEML (seqf: align.fa  treef: tree.nwk)


MLEs of dN/dS (w) for site classes (K=4)

site class             0        1       2a       2b
proportion       0.93678  0.03674  0.02548  0.00100
background w     0.03991  1.00000  0.03991  1.00000
foreground w     0.03991  1.00000  3.17590  3.17590

Naive Empirical Bayes (NEB) probabilities for 4 classes
(amino acids refer to 1st sequence: ColCroc)

   1 M   0.99767 0.00000 0.00233 0.00000 ( 1)
   2 D   0.99423 0.00000 0.00577 0.00000 ( 1)
   3 R   0.00000 0.97037 0.00000 0.02963 ( 2)
   4 T   0.99463 0.00000 0.00537 0.00000 ( 1)
   5 E   0.77526 0.00000 0.22474 0.00000 ( 1)
   6 Y   0.00000 0.99134 0.00000 0.00866 ( 2)
   7 Y   0.02834 0.00447 0.96679 0.00040 ( 3)
   8 I   0.00000 0.99016 0.00000 0.00984 ( 2)
   9 Y   0.00019 0.98815 0.00000 0.01166 ( 2)
  10 G   0.99438 0.00000 0.00562 0.00000 ( 1)
  11 A   0.99445 0.00000 0.00555 0.00000 ( 1)
  12 Y   0.99354 0.00000 0.00646 0.00000 ( 1)
  13 F   0.99557 0.00000 0.00443 0.00000 ( 1)
  14 A   0.61344 0.00000 0.38656 0.00000 ( 1)
  15 P   0.99357 0.00000 0.00643 0.00000 ( 1)
  16 L   0.99646 0.00000 0.00354 0.00000 ( 1)
  17 R   0.99528 0.00000 0.00472 0.00000 ( 1)
  18 S   0.99285 0.00000 0.00715 0.00000 ( 1)
  19 G   0.00000 0.99096 0.00000 0.00904 ( 2)
  20 G   0.00000 0.99015 0.00000 0.00985 ( 2)
  21 E   0.99458 0.00000 0.00542 0.00000 ( 1)
  22 R   0.99546 0.00000 0.00454 0.00000 ( 1)
  23 M   0.99767 0.00000 0.00233 0.00000 ( 1)
  24 L   0.99124 0.00000 0.00876 0.00000 ( 1)
  25 G   0.58387 0.00000 0.41613 0.00000 ( 1)
  26 E   0.99451 0.00000 0.00549 0.00000 ( 1)
  27 G   0.99364 0.00000 0.00636 0.00000 ( 1)
  28 L   0.99512 0.00000 0.00488 0.00000 ( 1)
  29 T   0.99475 0.00000 0.00525 0.00000 ( 1)
  30 G   0.99522 0.00000 0.00478 0.00000 ( 1)
  31 E   0.99429 0.00000 0.00571 0.00000 ( 1)
  32 D   0.99642 0.00000 0.00358 0.00000 ( 1)
  33 L   0.99166 0.00000 0.00834 0.00000 ( 1)
  34 A   0.99460 0.00000 0.00540 0.00000 ( 1)
  35 M   0.04944 0.00000 0.95056 0.00000 ( 3)
  36 I   0.99451 0.00000 0.00549 0.00000 ( 1)
  37 P   0.99390 0.00000 0.00610 0.00000 ( 1)
  38 E   0.99533 0.00000 0.00467 0.00000 ( 1)
  39 H   0.99349 0.00000 0.00651 0.00000 ( 1)
  40 W   0.99218 0.00000 0.00782 0.00000 ( 1)
  41 F   0.99307 0.00000 0.00693 0.00000 ( 1)
  42 K   0.00004 0.98885 0.00000 0.01112 ( 2)
  43 Y   0.99646 0.00000 0.00354 0.00000 ( 1)
  44 P   0.99387 0.00000 0.00613 0.00000 ( 1)
  45 E   0.99459 0.00000 0.00541 0.00000 ( 1)
  46 P   0.99358 0.00000 0.00642 0.00000 ( 1)
  47 P   0.99361 0.00000 0.00639 0.00000 ( 1)
  48 A   0.99526 0.00000 0.00474 0.00000 ( 1)
  49 S   0.99636 0.00000 0.00364 0.00000 ( 1)
  50 A   0.99443 0.00000 0.00557 0.00000 ( 1)
  51 H   0.99532 0.00000 0.00468 0.00000 ( 1)
  52 T   0.99496 0.00000 0.00504 0.00000 ( 1)
  53 A   0.99443 0.00000 0.00557 0.00000 ( 1)
  54 L   0.99134 0.00000 0.00866 0.00000 ( 1)
  55 C   0.99455 0.00000 0.00545 0.00000 ( 1)
  56 L   0.98982 0.00000 0.01018 0.00000 ( 1)
  57 L   0.99535 0.00000 0.00465 0.00000 ( 1)
  58 Y   0.99425 0.00000 0.00575 0.00000 ( 1)
  59 C   0.99349 0.00142 0.00508 0.00001 ( 1)
  60 F   0.99646 0.00000 0.00354 0.00000 ( 1)
  61 F   0.99646 0.00000 0.00354 0.00000 ( 1)
  62 T   0.99428 0.00000 0.00572 0.00000 ( 1)
  63 A   0.99449 0.00000 0.00551 0.00000 ( 1)
  64 A   0.99528 0.00000 0.00472 0.00000 ( 1)
  65 A   0.99443 0.00000 0.00557 0.00000 ( 1)
  66 L   0.99515 0.00000 0.00485 0.00000 ( 1)
  67 I   0.99061 0.00000 0.00939 0.00000 ( 1)
  68 G   0.99342 0.00000 0.00658 0.00000 ( 1)
  69 N   0.99544 0.00000 0.00456 0.00000 ( 1)
  70 G   0.99349 0.00000 0.00651 0.00000 ( 1)
  71 M   0.99107 0.00000 0.00893 0.00000 ( 1)
  72 V   0.99401 0.00000 0.00599 0.00000 ( 1)
  73 I   0.99597 0.00000 0.00403 0.00000 ( 1)
  74 F   0.99644 0.00000 0.00356 0.00000 ( 1)
  75 I   0.99641 0.00000 0.00359 0.00000 ( 1)
  76 F   0.99557 0.00000 0.00443 0.00000 ( 1)
  77 A   0.99356 0.00000 0.00644 0.00000 ( 1)
  78 S   0.99474 0.00000 0.00526 0.00000 ( 1)
  79 T   0.99460 0.00000 0.00540 0.00000 ( 1)
  80 K   0.99528 0.00000 0.00472 0.00000 ( 1)
  81 S   0.99515 0.00000 0.00485 0.00000 ( 1)
  82 L   0.99323 0.00000 0.00677 0.00000 ( 1)
  83 R   0.99465 0.00000 0.00535 0.00000 ( 1)
  84 T   0.99461 0.00000 0.00539 0.00000 ( 1)
  85 A   0.99249 0.00000 0.00751 0.00000 ( 1)
  86 S   0.99605 0.00000 0.00395 0.00000 ( 1)
  87 N   0.99543 0.00000 0.00457 0.00000 ( 1)
  88 L   0.99134 0.00000 0.00866 0.00000 ( 1)
  89 L   0.99307 0.00000 0.00693 0.00000 ( 1)
  90 I   0.99530 0.00000 0.00470 0.00000 ( 1)
  91 L   0.99296 0.00000 0.00704 0.00000 ( 1)
  92 N   0.99257 0.00000 0.00743 0.00000 ( 1)
  93 L   0.99123 0.00000 0.00877 0.00000 ( 1)
  94 A   0.99414 0.00000 0.00586 0.00000 ( 1)
  95 I   0.99320 0.00000 0.00680 0.00000 ( 1)
  96 F   0.99229 0.00000 0.00771 0.00000 ( 1)
  97 D   0.99496 0.00000 0.00504 0.00000 ( 1)
  98 F   0.99507 0.00000 0.00493 0.00000 ( 1)
  99 I   0.99519 0.00000 0.00481 0.00000 ( 1)
 100 M   0.99767 0.00000 0.00233 0.00000 ( 1)
 101 M   0.99767 0.00000 0.00233 0.00000 ( 1)
 102 L   0.99445 0.00000 0.00555 0.00000 ( 1)
 103 K   0.99528 0.00000 0.00472 0.00000 ( 1)
 104 A   0.99417 0.00000 0.00583 0.00000 ( 1)
 105 P   0.99372 0.00000 0.00628 0.00000 ( 1)
 106 I   0.99530 0.00000 0.00470 0.00000 ( 1)
 107 F   0.99556 0.00000 0.00444 0.00000 ( 1)
 108 I   0.99641 0.00000 0.00359 0.00000 ( 1)
 109 Y   0.99425 0.00000 0.00575 0.00000 ( 1)
 110 N   0.99540 0.00000 0.00460 0.00000 ( 1)
 111 S   0.99631 0.00000 0.00369 0.00000 ( 1)
 112 A   0.72531 0.00000 0.27469 0.00000 ( 1)
 113 M   0.99767 0.00000 0.00233 0.00000 ( 1)
 114 R   0.55862 0.00000 0.44138 0.00000 ( 1)
 115 G   0.99367 0.00000 0.00633 0.00000 ( 1)
 116 F   0.99622 0.00000 0.00378 0.00000 ( 1)
 117 A   0.99431 0.00000 0.00569 0.00000 ( 1)
 118 A   0.00000 0.99127 0.00000 0.00873 ( 2)
 119 G   0.99424 0.00000 0.00576 0.00000 ( 1)
 120 A   0.99536 0.00000 0.00464 0.00000 ( 1)
 121 L   0.00000 0.99049 0.00000 0.00951 ( 2)
 122 W   0.99381 0.00000 0.00619 0.00000 ( 1)
 123 C   0.99283 0.00000 0.00717 0.00000 ( 1)
 124 K   0.99237 0.00000 0.00763 0.00000 ( 1)
 125 I   0.99641 0.00000 0.00359 0.00000 ( 1)
 126 F   0.99611 0.00000 0.00389 0.00000 ( 1)
 127 A   0.60393 0.00000 0.39607 0.00000 ( 1)
 128 V   0.99317 0.00000 0.00683 0.00000 ( 1)
 129 M   0.99767 0.00000 0.00233 0.00000 ( 1)
 130 G   0.99515 0.00000 0.00485 0.00000 ( 1)
 131 S   0.99428 0.00000 0.00572 0.00000 ( 1)
 132 Y   0.99425 0.00000 0.00575 0.00000 ( 1)
 133 S   0.99479 0.00000 0.00521 0.00000 ( 1)
 134 G   0.99505 0.00000 0.00495 0.00000 ( 1)
 135 I   0.99553 0.00000 0.00447 0.00000 ( 1)
 136 G   0.99532 0.00000 0.00468 0.00000 ( 1)
 137 A   0.99442 0.00000 0.00558 0.00000 ( 1)
 138 A   0.99335 0.00000 0.00665 0.00000 ( 1)
 139 M   0.99767 0.00000 0.00233 0.00000 ( 1)
 140 T   0.99428 0.00000 0.00572 0.00000 ( 1)
 141 N   0.99494 0.00000 0.00506 0.00000 ( 1)
 142 A   0.99429 0.00000 0.00571 0.00000 ( 1)
 143 C   0.99300 0.00000 0.00700 0.00000 ( 1)
 144 I   0.99541 0.00000 0.00459 0.00000 ( 1)
 145 A   0.99414 0.00000 0.00586 0.00000 ( 1)
 146 Y   0.99233 0.00000 0.00767 0.00000 ( 1)
 147 D   0.99642 0.00000 0.00358 0.00000 ( 1)
 148 R   0.99445 0.00000 0.00555 0.00000 ( 1)
 149 H   0.99382 0.00000 0.00618 0.00000 ( 1)
 150 S   0.99250 0.00000 0.00750 0.00000 ( 1)
 151 T   0.99419 0.00000 0.00581 0.00000 ( 1)
 152 I   0.99641 0.00000 0.00359 0.00000 ( 1)
 153 T   0.99544 0.00000 0.00456 0.00000 ( 1)
 154 R   0.99094 0.00000 0.00906 0.00000 ( 1)
 155 P   0.99387 0.00000 0.00613 0.00000 ( 1)
 156 L   0.99319 0.00000 0.00681 0.00000 ( 1)
 157 D   0.99505 0.00000 0.00495 0.00000 ( 1)
 158 G   0.99349 0.00000 0.00651 0.00000 ( 1)
 159 R   0.99088 0.00000 0.00912 0.00000 ( 1)
 160 L   0.98999 0.00000 0.01001 0.00000 ( 1)
 161 S   0.99513 0.00000 0.00487 0.00000 ( 1)
 162 R   0.99152 0.00000 0.00848 0.00000 ( 1)
 163 G   0.99430 0.00000 0.00570 0.00000 ( 1)
 164 K   0.99528 0.00000 0.00472 0.00000 ( 1)
 165 V   0.99410 0.00000 0.00590 0.00000 ( 1)
 166 L   0.99438 0.00000 0.00562 0.00000 ( 1)
 167 L   0.98228 0.00000 0.01772 0.00000 ( 1)
 168 M   0.99767 0.00000 0.00233 0.00000 ( 1)
 169 I   0.99545 0.00000 0.00455 0.00000 ( 1)
 170 I   0.99457 0.00000 0.00543 0.00000 ( 1)
 171 C   0.99502 0.00000 0.00498 0.00000 ( 1)
 172 I   0.99510 0.00000 0.00490 0.00000 ( 1)
 173 W   0.99218 0.00000 0.00782 0.00000 ( 1)
 174 I   0.99641 0.00000 0.00359 0.00000 ( 1)
 175 Y   0.99425 0.00000 0.00575 0.00000 ( 1)
 176 T   0.99607 0.00000 0.00393 0.00000 ( 1)
 177 T   0.99503 0.00000 0.00497 0.00000 ( 1)
 178 P   0.99388 0.00000 0.00612 0.00000 ( 1)
 179 W   0.99218 0.00000 0.00782 0.00000 ( 1)
 180 S   0.99443 0.00000 0.00557 0.00000 ( 1)
 181 L   0.99379 0.00000 0.00621 0.00000 ( 1)
 182 M   0.99140 0.00000 0.00860 0.00000 ( 1)
 183 P   0.99404 0.00000 0.00596 0.00000 ( 1)
 184 L   0.99135 0.00000 0.00865 0.00000 ( 1)
 185 F   0.99640 0.00000 0.00360 0.00000 ( 1)
 186 R   0.99512 0.00000 0.00488 0.00000 ( 1)
 187 V   0.99537 0.00000 0.00463 0.00000 ( 1)
 188 W   0.99218 0.00000 0.00782 0.00000 ( 1)
 189 G   0.99534 0.00000 0.00466 0.00000 ( 1)
 190 R   0.99465 0.00000 0.00535 0.00000 ( 1)
 191 F   0.99407 0.00000 0.00593 0.00000 ( 1)
 192 V   0.99402 0.00000 0.00598 0.00000 ( 1)
 193 P   0.99357 0.00000 0.00643 0.00000 ( 1)
 194 E   0.99546 0.00000 0.00454 0.00000 ( 1)
 195 G   0.99343 0.00000 0.00657 0.00000 ( 1)
 196 Y   0.99322 0.00000 0.00678 0.00000 ( 1)
 197 L   0.99372 0.00000 0.00628 0.00000 ( 1)
 198 T   0.99460 0.00000 0.00540 0.00000 ( 1)
 199 S   0.99356 0.00000 0.00644 0.00000 ( 1)
 200 C   0.99461 0.00000 0.00539 0.00000 ( 1)
 201 T   0.99550 0.00000 0.00450 0.00000 ( 1)
 202 F   0.99628 0.00000 0.00372 0.00000 ( 1)
 203 D   0.99548 0.00000 0.00452 0.00000 ( 1)
 204 Y   0.99425 0.00000 0.00575 0.00000 ( 1)
 205 L   0.99358 0.00000 0.00642 0.00000 ( 1)
 206 T   0.99486 0.00000 0.00514 0.00000 ( 1)
 207 N   0.99494 0.00000 0.00506 0.00000 ( 1)
 208 S   0.99534 0.00000 0.00466 0.00000 ( 1)
 209 F   0.99645 0.00000 0.00355 0.00000 ( 1)
 210 D   0.99495 0.00000 0.00505 0.00000 ( 1)
 211 N   0.99497 0.00000 0.00503 0.00000 ( 1)
 212 K   0.99541 0.00000 0.00459 0.00000 ( 1)
 213 L   0.99158 0.00000 0.00842 0.00000 ( 1)
 214 F   0.99627 0.00000 0.00373 0.00000 ( 1)
 215 V   0.99458 0.00000 0.00542 0.00000 ( 1)
 216 G   0.60498 0.00000 0.39502 0.00000 ( 1)
 217 C   0.99461 0.00000 0.00539 0.00000 ( 1)
 218 I   0.99596 0.00000 0.00404 0.00000 ( 1)
 219 F   0.99544 0.00000 0.00456 0.00000 ( 1)
 220 T   0.00000 0.92229 0.00000 0.07771 ( 2)
 221 C   0.99461 0.00000 0.00539 0.00000 ( 1)
 222 S   0.99636 0.00000 0.00364 0.00000 ( 1)
 223 Y   0.99247 0.00000 0.00753 0.00000 ( 1)
 224 V   0.99441 0.00000 0.00559 0.00000 ( 1)
 225 F   0.99543 0.00000 0.00457 0.00000 ( 1)
 226 P   0.99520 0.00000 0.00480 0.00000 ( 1)
 227 M   0.99767 0.00000 0.00233 0.00000 ( 1)
 228 L   0.99405 0.00000 0.00594 0.00000 ( 1)
 229 C   0.99767 0.00000 0.00233 0.00000 ( 1)
 230 I   0.99612 0.00000 0.00388 0.00000 ( 1)
 231 I   0.99320 0.00000 0.00680 0.00000 ( 1)
 232 Y   0.99267 0.00000 0.00733 0.00000 ( 1)
 233 F   0.99618 0.00000 0.00382 0.00000 ( 1)
 234 Y   0.99410 0.00000 0.00590 0.00000 ( 1)
 235 S   0.99636 0.00000 0.00364 0.00000 ( 1)
 236 G   0.99297 0.00000 0.00703 0.00000 ( 1)
 237 I   0.99533 0.00000 0.00467 0.00000 ( 1)
 238 V   0.99417 0.00000 0.00583 0.00000 ( 1)
 239 K   0.99406 0.00000 0.00594 0.00000 ( 1)
 240 Q   0.99237 0.00000 0.00763 0.00000 ( 1)
 241 V   0.99458 0.00000 0.00542 0.00000 ( 1)
 242 F   0.99551 0.00000 0.00449 0.00000 ( 1)
 243 A   0.99481 0.00000 0.00519 0.00000 ( 1)
 244 H   0.99385 0.00000 0.00615 0.00000 ( 1)
 245 E   0.99533 0.00000 0.00467 0.00000 ( 1)
 246 A   0.99414 0.00000 0.00586 0.00000 ( 1)
 247 A   0.99414 0.00000 0.00586 0.00000 ( 1)
 248 L   0.99348 0.00000 0.00652 0.00000 ( 1)
 249 R   0.99465 0.00000 0.00535 0.00000 ( 1)
 250 E   0.99533 0.00000 0.00467 0.00000 ( 1)
 251 Q   0.99237 0.00000 0.00763 0.00000 ( 1)
 252 A   0.99414 0.00000 0.00586 0.00000 ( 1)
 253 K   0.99543 0.00000 0.00457 0.00000 ( 1)
 254 K   0.99543 0.00000 0.00457 0.00000 ( 1)
 255 M   0.99767 0.00000 0.00233 0.00000 ( 1)
 256 N   0.99643 0.00000 0.00357 0.00000 ( 1)
 257 V   0.99398 0.00000 0.00602 0.00000 ( 1)
 258 E   0.99533 0.00000 0.00467 0.00000 ( 1)
 259 S   0.99356 0.00000 0.00644 0.00000 ( 1)
 260 L   0.99385 0.00000 0.00615 0.00000 ( 1)
 261 R   0.98829 0.00000 0.01171 0.00000 ( 1)
 262 S   0.59743 0.00000 0.40257 0.00000 ( 1)
 263 N   0.99643 0.00000 0.00357 0.00000 ( 1)
 264 Q   0.99256 0.00000 0.00744 0.00000 ( 1)
 265 N   0.99276 0.00000 0.00724 0.00000 ( 1)
 266 A   0.99457 0.00000 0.00543 0.00000 ( 1)
 267 G   0.00518 0.98589 0.00002 0.00890 ( 2)
 268 A   0.99427 0.00000 0.00573 0.00000 ( 1)
 269 E   0.99501 0.00000 0.00499 0.00000 ( 1)
 270 S   0.99250 0.00000 0.00750 0.00000 ( 1)
 271 A   0.99414 0.00000 0.00586 0.00000 ( 1)
 272 E   0.99522 0.00000 0.00478 0.00000 ( 1)
 273 I   0.99620 0.00000 0.00380 0.00000 ( 1)
 274 R   0.99368 0.00000 0.00632 0.00000 ( 1)
 275 I   0.99641 0.00000 0.00359 0.00000 ( 1)
 276 A   0.99427 0.00000 0.00573 0.00000 ( 1)
 277 K   0.99403 0.00000 0.00597 0.00000 ( 1)
 278 A   0.99443 0.00000 0.00557 0.00000 ( 1)
 279 A   0.99414 0.00000 0.00586 0.00000 ( 1)
 280 L   0.99535 0.00000 0.00465 0.00000 ( 1)
 281 T   0.99550 0.00000 0.00450 0.00000 ( 1)
 282 V   0.99458 0.00000 0.00542 0.00000 ( 1)
 283 C   0.99461 0.00000 0.00539 0.00000 ( 1)
 284 F   0.99646 0.00000 0.00354 0.00000 ( 1)
 285 L   0.99133 0.00000 0.00867 0.00000 ( 1)
 286 F   0.99504 0.00000 0.00496 0.00000 ( 1)
 287 V   0.99449 0.00000 0.00551 0.00000 ( 1)
 288 A   0.99455 0.00000 0.00545 0.00000 ( 1)
 289 S   0.99252 0.00000 0.00748 0.00000 ( 1)
 290 W   0.99218 0.00000 0.00782 0.00000 ( 1)
 291 T   0.99428 0.00000 0.00572 0.00000 ( 1)
 292 P   0.99387 0.00000 0.00613 0.00000 ( 1)
 293 Y   0.99424 0.00000 0.00576 0.00000 ( 1)
 294 G   0.99366 0.00000 0.00634 0.00000 ( 1)
 295 V   0.99505 0.00000 0.00495 0.00000 ( 1)
 296 M   0.99767 0.00000 0.00233 0.00000 ( 1)
 297 S   0.99459 0.00000 0.00541 0.00000 ( 1)
 298 L   0.99386 0.00000 0.00614 0.00000 ( 1)
 299 I   0.99641 0.00000 0.00359 0.00000 ( 1)
 300 G   0.99369 0.00000 0.00631 0.00000 ( 1)
 301 A   0.99454 0.00000 0.00546 0.00000 ( 1)
 302 F   0.99620 0.00000 0.00380 0.00000 ( 1)
 303 G   0.99510 0.00000 0.00490 0.00000 ( 1)
 304 D   0.99643 0.00000 0.00357 0.00000 ( 1)
 305 Q   0.99237 0.00000 0.00763 0.00000 ( 1)
 306 E   0.99232 0.00005 0.00763 0.00000 ( 1)
 307 L   0.99220 0.00000 0.00780 0.00000 ( 1)
 308 L   0.99379 0.00000 0.00621 0.00000 ( 1)
 309 T   0.99458 0.00000 0.00542 0.00000 ( 1)
 310 P   0.99357 0.00000 0.00643 0.00000 ( 1)
 311 G   0.99427 0.00000 0.00573 0.00000 ( 1)
 312 V   0.99433 0.00000 0.00567 0.00000 ( 1)
 313 T   0.99487 0.00000 0.00513 0.00000 ( 1)
 314 M   0.99767 0.00000 0.00233 0.00000 ( 1)
 315 I   0.99641 0.00000 0.00359 0.00000 ( 1)
 316 P   0.99390 0.00000 0.00610 0.00000 ( 1)
 317 A   0.99414 0.00000 0.00586 0.00000 ( 1)
 318 I   0.99432 0.00000 0.00568 0.00000 ( 1)
 319 T   0.99443 0.00000 0.00557 0.00000 ( 1)
 320 C   0.99461 0.00000 0.00539 0.00000 ( 1)
 321 K   0.99528 0.00000 0.00472 0.00000 ( 1)
 322 A   0.99414 0.00000 0.00586 0.00000 ( 1)
 323 V   0.99400 0.00000 0.00600 0.00000 ( 1)
 324 A   0.99453 0.00000 0.00547 0.00000 ( 1)
 325 C   0.99461 0.00000 0.00539 0.00000 ( 1)
 326 I   0.99641 0.00000 0.00359 0.00000 ( 1)
 327 D   0.99606 0.00000 0.00394 0.00000 ( 1)
 328 P   0.99388 0.00000 0.00612 0.00000 ( 1)
 329 W   0.99218 0.00000 0.00782 0.00000 ( 1)
 330 V   0.99446 0.00000 0.00554 0.00000 ( 1)
 331 Y   0.99233 0.00000 0.00767 0.00000 ( 1)
 332 A   0.99443 0.00000 0.00557 0.00000 ( 1)
 333 I   0.99611 0.00000 0.00389 0.00000 ( 1)
 334 S   0.99479 0.00000 0.00521 0.00000 ( 1)
 335 H   0.99385 0.00000 0.00615 0.00000 ( 1)
 336 P   0.99390 0.00000 0.00610 0.00000 ( 1)
 337 K   0.99528 0.00000 0.00472 0.00000 ( 1)
 338 Y   0.99425 0.00000 0.00575 0.00000 ( 1)
 339 R   0.99465 0.00000 0.00535 0.00000 ( 1)
 340 Q   0.99237 0.00000 0.00763 0.00000 ( 1)
 341 E   0.99533 0.00000 0.00467 0.00000 ( 1)
 342 L   0.99379 0.00000 0.00621 0.00000 ( 1)
 343 Q   0.99229 0.00000 0.00771 0.00000 ( 1)
 344 R   0.95115 0.00000 0.04885 0.00000 ( 1)
 345 R   0.99357 0.00000 0.00643 0.00000 ( 1)
 346 M   0.99767 0.00000 0.00233 0.00000 ( 1)
 347 P   0.99389 0.00000 0.00611 0.00000 ( 1)
 348 W   0.99218 0.00000 0.00782 0.00000 ( 1)
 349 L   0.99515 0.00000 0.00485 0.00000 ( 1)
 350 Q   0.99257 0.00000 0.00743 0.00000 ( 1)
 351 I   0.99637 0.00000 0.00363 0.00000 ( 1)
 352 S   0.99544 0.00000 0.00456 0.00000 ( 1)
 353 E   0.99542 0.00000 0.00458 0.00000 ( 1)
 354 P   0.99406 0.00000 0.00594 0.00000 ( 1)
 355 D   0.02924 0.00000 0.97076 0.00000 ( 3)
 356 D   0.99635 0.00000 0.00365 0.00000 ( 1)
 357 N   0.54663 0.00000 0.45337 0.00000 ( 1)
 358 T   0.00000 0.97505 0.00000 0.02495 ( 2)
 359 S   0.99250 0.00000 0.00750 0.00000 ( 1)
 360 N   0.99415 0.00000 0.00585 0.00000 ( 1)
 361 T   0.99443 0.00000 0.00557 0.00000 ( 1)
 362 S   0.99481 0.00000 0.00519 0.00000 ( 1)
 363 N   0.99470 0.00000 0.00530 0.00000 ( 1)
 364 T   0.99643 0.00000 0.00357 0.00000 ( 1)
 365 T   0.99408 0.00000 0.00592 0.00000 ( 1)
 366 T   0.70386 0.00000 0.29614 0.00000 ( 1)
 367 N   0.02584 0.00000 0.97416 0.00000 ( 3)
 368 S   0.00000 0.96361 0.00000 0.03639 ( 2)
 369 A   0.00000 0.97352 0.00000 0.02648 ( 2)
 370 A   0.97352 0.00000 0.02648 0.00000 ( 1)
 371 P   0.97352 0.00000 0.02648 0.00000 ( 1)


lnL = -75808.474272

Bayes Empirical Bayes (BEB) probabilities for 4 classes (class)
(amino acids refer to 1st sequence: ColCroc)

   1 M   0.99687 0.00000 0.00313 0.00000 ( 1)
   2 D   0.99335 0.00000 0.00665 0.00000 ( 1)
   3 R   0.00000 0.96873 0.00000 0.03127 ( 2)
   4 T   0.99341 0.00000 0.00659 0.00000 ( 1)
   5 E   0.79612 0.00000 0.20388 0.00000 ( 1)
   6 Y   0.00000 0.98979 0.00000 0.01021 ( 2)
   7 Y   0.03715 0.00001 0.96284 0.00000 ( 3)
   8 I   0.00034 0.98841 0.00000 0.01124 ( 2)
   9 Y   0.17206 0.81580 0.00148 0.01066 ( 2)
  10 G   0.99326 0.00000 0.00674 0.00000 ( 1)
  11 A   0.99305 0.00000 0.00695 0.00000 ( 1)
  12 Y   0.99241 0.00000 0.00759 0.00000 ( 1)
  13 F   0.99459 0.00000 0.00541 0.00000 ( 1)
  14 A   0.60995 0.00000 0.39005 0.00000 ( 1)
  15 P   0.99258 0.00000 0.00742 0.00000 ( 1)
  16 L   0.99549 0.00000 0.00451 0.00000 ( 1)
  17 R   0.99438 0.00000 0.00562 0.00000 ( 1)
  18 S   0.99107 0.00000 0.00893 0.00000 ( 1)
  19 G   0.00000 0.98925 0.00000 0.01075 ( 2)
  20 G   0.00000 0.98796 0.00000 0.01204 ( 2)
  21 E   0.99340 0.00000 0.00660 0.00000 ( 1)
  22 R   0.99453 0.00000 0.00547 0.00000 ( 1)
  23 M   0.99687 0.00000 0.00313 0.00000 ( 1)
  24 L   0.98994 0.00000 0.01006 0.00000 ( 1)
  25 G   0.57329 0.00000 0.42671 0.00000 ( 1)
  26 E   0.99309 0.00000 0.00691 0.00000 ( 1)
  27 G   0.99268 0.00000 0.00732 0.00000 ( 1)
  28 L   0.99403 0.00000 0.00597 0.00000 ( 1)
  29 T   0.99355 0.00000 0.00645 0.00000 ( 1)
  30 G   0.99425 0.00000 0.00575 0.00000 ( 1)
  31 E   0.99310 0.00000 0.00690 0.00000 ( 1)
  32 D   0.99547 0.00000 0.00453 0.00000 ( 1)
  33 L   0.99059 0.00000 0.00941 0.00000 ( 1)
  34 A   0.99332 0.00000 0.00668 0.00000 ( 1)
  35 M   0.06631 0.00000 0.93369 0.00000 ( 3)
  36 I   0.99327 0.00000 0.00673 0.00000 ( 1)
  37 P   0.99284 0.00000 0.00716 0.00000 ( 1)
  38 E   0.99439 0.00000 0.00561 0.00000 ( 1)
  39 H   0.99237 0.00000 0.00763 0.00000 ( 1)
  40 W   0.99143 0.00000 0.00857 0.00000 ( 1)
  41 F   0.99131 0.00000 0.00869 0.00000 ( 1)
  42 K   0.11016 0.87764 0.00086 0.01134 ( 2)
  43 Y   0.99549 0.00000 0.00451 0.00000 ( 1)
  44 P   0.99265 0.00000 0.00735 0.00000 ( 1)
  45 E   0.99339 0.00000 0.00661 0.00000 ( 1)
  46 P   0.99219 0.00000 0.00781 0.00000 ( 1)
  47 P   0.99223 0.00000 0.00777 0.00000 ( 1)
  48 A   0.99401 0.00000 0.00599 0.00000 ( 1)
  49 S   0.99547 0.00000 0.00453 0.00000 ( 1)
  50 A   0.99318 0.00000 0.00682 0.00000 ( 1)
  51 H   0.99445 0.00000 0.00555 0.00000 ( 1)
  52 T   0.99372 0.00000 0.00628 0.00000 ( 1)
  53 A   0.99314 0.00000 0.00686 0.00000 ( 1)
  54 L   0.99026 0.00000 0.00974 0.00000 ( 1)
  55 C   0.99318 0.00000 0.00682 0.00000 ( 1)
  56 L   0.98745 0.00000 0.01255 0.00000 ( 1)
  57 L   0.99434 0.00000 0.00566 0.00000 ( 1)
  58 Y   0.99337 0.00000 0.00663 0.00000 ( 1)
  59 C   0.99367 0.00000 0.00633 0.00000 ( 1)
  60 F   0.99549 0.00000 0.00451 0.00000 ( 1)
  61 F   0.99549 0.00000 0.00451 0.00000 ( 1)
  62 T   0.99311 0.00000 0.00689 0.00000 ( 1)
  63 A   0.99323 0.00000 0.00677 0.00000 ( 1)
  64 A   0.99408 0.00000 0.00592 0.00000 ( 1)
  65 A   0.99318 0.00000 0.00682 0.00000 ( 1)
  66 L   0.99410 0.00000 0.00590 0.00000 ( 1)
  67 I   0.98884 0.00000 0.01116 0.00000 ( 1)
  68 G   0.99156 0.00000 0.00844 0.00000 ( 1)
  69 N   0.99453 0.00000 0.00547 0.00000 ( 1)
  70 G   0.99257 0.00000 0.00743 0.00000 ( 1)
  71 M   0.98980 0.00000 0.01020 0.00000 ( 1)
  72 V   0.99273 0.00000 0.00727 0.00000 ( 1)
  73 I   0.99485 0.00000 0.00515 0.00000 ( 1)
  74 F   0.99547 0.00000 0.00453 0.00000 ( 1)
  75 I   0.99542 0.00000 0.00458 0.00000 ( 1)
  76 F   0.99459 0.00000 0.00541 0.00000 ( 1)
  77 A   0.99253 0.00000 0.00747 0.00000 ( 1)
  78 S   0.99355 0.00000 0.00645 0.00000 ( 1)
  79 T   0.99338 0.00000 0.00662 0.00000 ( 1)
  80 K   0.99438 0.00000 0.00562 0.00000 ( 1)
  81 S   0.99428 0.00000 0.00572 0.00000 ( 1)
  82 L   0.99230 0.00000 0.00770 0.00000 ( 1)
  83 R   0.99380 0.00000 0.00620 0.00000 ( 1)
  84 T   0.99337 0.00000 0.00663 0.00000 ( 1)
  85 A   0.99145 0.00000 0.00855 0.00000 ( 1)
  86 S   0.99511 0.00000 0.00489 0.00000 ( 1)
  87 N   0.99452 0.00000 0.00548 0.00000 ( 1)
  88 L   0.99026 0.00000 0.00974 0.00000 ( 1)
  89 L   0.99131 0.00000 0.00869 0.00000 ( 1)
  90 I   0.99408 0.00000 0.00592 0.00000 ( 1)
  91 L   0.99138 0.00000 0.00862 0.00000 ( 1)
  92 N   0.99178 0.00000 0.00822 0.00000 ( 1)
  93 L   0.98990 0.00000 0.01010 0.00000 ( 1)
  94 A   0.99289 0.00000 0.00711 0.00000 ( 1)
  95 I   0.99137 0.00000 0.00863 0.00000 ( 1)
  96 F   0.99103 0.00000 0.00897 0.00000 ( 1)
  97 D   0.99378 0.00000 0.00622 0.00000 ( 1)
  98 F   0.99390 0.00000 0.00610 0.00000 ( 1)
  99 I   0.99402 0.00000 0.00598 0.00000 ( 1)
 100 M   0.99687 0.00000 0.00313 0.00000 ( 1)
 101 M   0.99687 0.00000 0.00313 0.00000 ( 1)
 102 L   0.99315 0.00000 0.00685 0.00000 ( 1)
 103 K   0.99438 0.00000 0.00562 0.00000 ( 1)
 104 A   0.99286 0.00000 0.00714 0.00000 ( 1)
 105 P   0.99233 0.00000 0.00767 0.00000 ( 1)
 106 I   0.99417 0.00000 0.00583 0.00000 ( 1)
 107 F   0.99457 0.00000 0.00543 0.00000 ( 1)
 108 I   0.99542 0.00000 0.00458 0.00000 ( 1)
 109 Y   0.99337 0.00000 0.00663 0.00000 ( 1)
 110 N   0.99446 0.00000 0.00554 0.00000 ( 1)
 111 S   0.99541 0.00000 0.00459 0.00000 ( 1)
 112 A   0.74020 0.00000 0.25980 0.00000 ( 1)
 113 M   0.99687 0.00000 0.00313 0.00000 ( 1)
 114 R   0.59040 0.00000 0.40960 0.00000 ( 1)
 115 G   0.99275 0.00000 0.00725 0.00000 ( 1)
 116 F   0.99522 0.00000 0.00478 0.00000 ( 1)
 117 A   0.99268 0.00000 0.00732 0.00000 ( 1)
 118 A   0.00000 0.98981 0.00000 0.01019 ( 2)
 119 G   0.99330 0.00000 0.00670 0.00000 ( 1)
 120 A   0.99418 0.00000 0.00582 0.00000 ( 1)
 121 L   0.00000 0.98838 0.00000 0.01162 ( 2)
 122 W   0.99285 0.00000 0.00715 0.00000 ( 1)
 123 C   0.99202 0.00000 0.00798 0.00000 ( 1)
 124 K   0.99154 0.00000 0.00846 0.00000 ( 1)
 125 I   0.99542 0.00000 0.00458 0.00000 ( 1)
 126 F   0.99509 0.00000 0.00491 0.00000 ( 1)
 127 A   0.61990 0.00000 0.38010 0.00000 ( 1)
 128 V   0.99221 0.00000 0.00779 0.00000 ( 1)
 129 M   0.99687 0.00000 0.00313 0.00000 ( 1)
 130 G   0.99417 0.00000 0.00583 0.00000 ( 1)
 131 S   0.99269 0.00000 0.00731 0.00000 ( 1)
 132 Y   0.99337 0.00000 0.00663 0.00000 ( 1)
 133 S   0.99365 0.00000 0.00635 0.00000 ( 1)
 134 G   0.99404 0.00000 0.00596 0.00000 ( 1)
 135 I   0.99433 0.00000 0.00567 0.00000 ( 1)
 136 G   0.99437 0.00000 0.00563 0.00000 ( 1)
 137 A   0.99312 0.00000 0.00688 0.00000 ( 1)
 138 A   0.99148 0.00000 0.00852 0.00000 ( 1)
 139 M   0.99687 0.00000 0.00313 0.00000 ( 1)
 140 T   0.99305 0.00000 0.00695 0.00000 ( 1)
 141 N   0.99374 0.00000 0.00626 0.00000 ( 1)
 142 A   0.99266 0.00000 0.00734 0.00000 ( 1)
 143 C   0.99204 0.00000 0.00796 0.00000 ( 1)
 144 I   0.99419 0.00000 0.00581 0.00000 ( 1)
 145 A   0.99289 0.00000 0.00711 0.00000 ( 1)
 146 Y   0.99146 0.00000 0.00854 0.00000 ( 1)
 147 D   0.99548 0.00000 0.00452 0.00000 ( 1)
 148 R   0.99351 0.00000 0.00649 0.00000 ( 1)
 149 H   0.99297 0.00000 0.00703 0.00000 ( 1)
 150 S   0.99145 0.00000 0.00855 0.00000 ( 1)
 151 T   0.99246 0.00000 0.00754 0.00000 ( 1)
 152 I   0.99542 0.00000 0.00458 0.00000 ( 1)
 153 T   0.99428 0.00000 0.00572 0.00000 ( 1)
 154 R   0.98948 0.00000 0.01052 0.00000 ( 1)
 155 P   0.99273 0.00000 0.00727 0.00000 ( 1)
 156 L   0.99223 0.00000 0.00777 0.00000 ( 1)
 157 D   0.99388 0.00000 0.00612 0.00000 ( 1)
 158 G   0.99257 0.00000 0.00743 0.00000 ( 1)
 159 R   0.98999 0.00000 0.01001 0.00000 ( 1)
 160 L   0.98763 0.00000 0.01237 0.00000 ( 1)
 161 S   0.99409 0.00000 0.00591 0.00000 ( 1)
 162 R   0.99069 0.00000 0.00931 0.00000 ( 1)
 163 G   0.99319 0.00000 0.00681 0.00000 ( 1)
 164 K   0.99438 0.00000 0.00562 0.00000 ( 1)
 165 V   0.99282 0.00000 0.00718 0.00000 ( 1)
 166 L   0.99314 0.00000 0.00686 0.00000 ( 1)
 167 L   0.97735 0.00000 0.02265 0.00000 ( 1)
 168 M   0.99687 0.00000 0.00313 0.00000 ( 1)
 169 I   0.99428 0.00000 0.00572 0.00000 ( 1)
 170 I   0.99332 0.00000 0.00668 0.00000 ( 1)
 171 C   0.99385 0.00000 0.00615 0.00000 ( 1)
 172 I   0.99386 0.00000 0.00614 0.00000 ( 1)
 173 W   0.99143 0.00000 0.00857 0.00000 ( 1)
 174 I   0.99542 0.00000 0.00458 0.00000 ( 1)
 175 Y   0.99337 0.00000 0.00663 0.00000 ( 1)
 176 T   0.99513 0.00000 0.00487 0.00000 ( 1)
 177 T   0.99368 0.00000 0.00632 0.00000 ( 1)
 178 P   0.99280 0.00000 0.00720 0.00000 ( 1)
 179 W   0.99143 0.00000 0.00857 0.00000 ( 1)
 180 S   0.99318 0.00000 0.00682 0.00000 ( 1)
 181 L   0.99280 0.00000 0.00720 0.00000 ( 1)
 182 M   0.99029 0.00000 0.00971 0.00000 ( 1)
 183 P   0.99296 0.00000 0.00704 0.00000 ( 1)
 184 L   0.99009 0.00000 0.00991 0.00000 ( 1)
 185 F   0.99542 0.00000 0.00458 0.00000 ( 1)
 186 R   0.99414 0.00000 0.00586 0.00000 ( 1)
 187 V   0.99414 0.00000 0.00586 0.00000 ( 1)
 188 W   0.99143 0.00000 0.00857 0.00000 ( 1)
 189 G   0.99440 0.00000 0.00560 0.00000 ( 1)
 190 R   0.99380 0.00000 0.00620 0.00000 ( 1)
 191 F   0.99316 0.00000 0.00684 0.00000 ( 1)
 192 V   0.99220 0.00000 0.00780 0.00000 ( 1)
 193 P   0.99258 0.00000 0.00742 0.00000 ( 1)
 194 E   0.99453 0.00000 0.00547 0.00000 ( 1)
 195 G   0.99157 0.00000 0.00843 0.00000 ( 1)
 196 Y   0.99221 0.00000 0.00779 0.00000 ( 1)
 197 L   0.99270 0.00000 0.00730 0.00000 ( 1)
 198 T   0.99339 0.00000 0.00661 0.00000 ( 1)
 199 S   0.99253 0.00000 0.00747 0.00000 ( 1)
 200 C   0.99376 0.00000 0.00624 0.00000 ( 1)
 201 T   0.99435 0.00000 0.00565 0.00000 ( 1)
 202 F   0.99529 0.00000 0.00471 0.00000 ( 1)
 203 D   0.99454 0.00000 0.00546 0.00000 ( 1)
 204 Y   0.99337 0.00000 0.00663 0.00000 ( 1)
 205 L   0.99251 0.00000 0.00749 0.00000 ( 1)
 206 T   0.99374 0.00000 0.00626 0.00000 ( 1)
 207 N   0.99374 0.00000 0.00626 0.00000 ( 1)
 208 S   0.99415 0.00000 0.00585 0.00000 ( 1)
 209 F   0.99548 0.00000 0.00452 0.00000 ( 1)
 210 D   0.99378 0.00000 0.00622 0.00000 ( 1)
 211 N   0.99372 0.00000 0.00628 0.00000 ( 1)
 212 K   0.99453 0.00000 0.00547 0.00000 ( 1)
 213 L   0.99055 0.00000 0.00945 0.00000 ( 1)
 214 F   0.99528 0.00000 0.00472 0.00000 ( 1)
 215 V   0.99340 0.00000 0.00660 0.00000 ( 1)
 216 G   0.62238 0.00000 0.37762 0.00000 ( 1)
 217 C   0.99377 0.00000 0.00623 0.00000 ( 1)
 218 I   0.99484 0.00000 0.00516 0.00000 ( 1)
 219 F   0.99442 0.00000 0.00558 0.00000 ( 1)
 220 T   0.00000 0.90316 0.00000 0.09684 ( 2)
 221 C   0.99377 0.00000 0.00623 0.00000 ( 1)
 222 S   0.99547 0.00000 0.00453 0.00000 ( 1)
 223 Y   0.99158 0.00000 0.00842 0.00000 ( 1)
 224 V   0.99299 0.00000 0.00701 0.00000 ( 1)
 225 F   0.99440 0.00000 0.00560 0.00000 ( 1)
 226 P   0.99420 0.00000 0.00580 0.00000 ( 1)
 227 M   0.99687 0.00000 0.00313 0.00000 ( 1)
 228 L   0.99250 0.00000 0.00750 0.00000 ( 1)
 229 C   0.99687 0.00000 0.00313 0.00000 ( 1)
 230 I   0.99504 0.00000 0.00496 0.00000 ( 1)
 231 I   0.99137 0.00000 0.00863 0.00000 ( 1)
 232 Y   0.99175 0.00000 0.00825 0.00000 ( 1)
 233 F   0.99517 0.00000 0.00483 0.00000 ( 1)
 234 Y   0.99320 0.00000 0.00680 0.00000 ( 1)
 235 S   0.99547 0.00000 0.00453 0.00000 ( 1)
 236 G   0.99119 0.00000 0.00881 0.00000 ( 1)
 237 I   0.99422 0.00000 0.00578 0.00000 ( 1)
 238 V   0.99262 0.00000 0.00738 0.00000 ( 1)
 239 K   0.99275 0.00000 0.00725 0.00000 ( 1)
 240 Q   0.99154 0.00000 0.00846 0.00000 ( 1)
 241 V   0.99340 0.00000 0.00660 0.00000 ( 1)
 242 F   0.99451 0.00000 0.00549 0.00000 ( 1)
 243 A   0.99315 0.00000 0.00685 0.00000 ( 1)
 244 H   0.99301 0.00000 0.00699 0.00000 ( 1)
 245 E   0.99439 0.00000 0.00561 0.00000 ( 1)
 246 A   0.99289 0.00000 0.00711 0.00000 ( 1)
 247 A   0.99289 0.00000 0.00711 0.00000 ( 1)
 248 L   0.99244 0.00000 0.00756 0.00000 ( 1)
 249 R   0.99380 0.00000 0.00620 0.00000 ( 1)
 250 E   0.99439 0.00000 0.00561 0.00000 ( 1)
 251 Q   0.99154 0.00000 0.00846 0.00000 ( 1)
 252 A   0.99289 0.00000 0.00711 0.00000 ( 1)
 253 K   0.99454 0.00000 0.00546 0.00000 ( 1)
 254 K   0.99454 0.00000 0.00546 0.00000 ( 1)
 255 M   0.99687 0.00000 0.00313 0.00000 ( 1)
 256 N   0.99550 0.00000 0.00450 0.00000 ( 1)
 257 V   0.99256 0.00000 0.00744 0.00000 ( 1)
 258 E   0.99439 0.00000 0.00561 0.00000 ( 1)
 259 S   0.99252 0.00000 0.00748 0.00000 ( 1)
 260 L   0.99283 0.00000 0.00717 0.00000 ( 1)
 261 R   0.98726 0.00000 0.01274 0.00000 ( 1)
 262 S   0.60593 0.00000 0.39407 0.00000 ( 1)
 263 N   0.99551 0.00000 0.00449 0.00000 ( 1)
 264 Q   0.99177 0.00000 0.00823 0.00000 ( 1)
 265 N   0.99111 0.00000 0.00889 0.00000 ( 1)
 266 A   0.99327 0.00000 0.00673 0.00000 ( 1)
 267 G   0.95923 0.03487 0.00552 0.00038 ( 1)
 268 A   0.99263 0.00000 0.00737 0.00000 ( 1)
 269 E   0.99397 0.00000 0.00603 0.00000 ( 1)
 270 S   0.99142 0.00000 0.00858 0.00000 ( 1)
 271 A   0.99289 0.00000 0.00711 0.00000 ( 1)
 272 E   0.99425 0.00000 0.00575 0.00000 ( 1)
 273 I   0.99515 0.00000 0.00485 0.00000 ( 1)
 274 R   0.99240 0.00000 0.00760 0.00000 ( 1)
 275 I   0.99542 0.00000 0.00458 0.00000 ( 1)
 276 A   0.99302 0.00000 0.00698 0.00000 ( 1)
 277 K   0.99271 0.00000 0.00729 0.00000 ( 1)
 278 A   0.99318 0.00000 0.00682 0.00000 ( 1)
 279 A   0.99289 0.00000 0.00711 0.00000 ( 1)
 280 L   0.99434 0.00000 0.00566 0.00000 ( 1)
 281 T   0.99435 0.00000 0.00565 0.00000 ( 1)
 282 V   0.99340 0.00000 0.00660 0.00000 ( 1)
 283 C   0.99377 0.00000 0.00623 0.00000 ( 1)
 284 F   0.99549 0.00000 0.00451 0.00000 ( 1)
 285 L   0.99021 0.00000 0.00979 0.00000 ( 1)
 286 F   0.99389 0.00000 0.00611 0.00000 ( 1)
 287 V   0.99267 0.00000 0.00733 0.00000 ( 1)
 288 A   0.99321 0.00000 0.00679 0.00000 ( 1)
 289 S   0.99140 0.00000 0.00860 0.00000 ( 1)
 290 W   0.99143 0.00000 0.00857 0.00000 ( 1)
 291 T   0.99306 0.00000 0.00694 0.00000 ( 1)
 292 P   0.99277 0.00000 0.00723 0.00000 ( 1)
 293 Y   0.99336 0.00000 0.00664 0.00000 ( 1)
 294 G   0.99275 0.00000 0.00725 0.00000 ( 1)
 295 V   0.99380 0.00000 0.00620 0.00000 ( 1)
 296 M   0.99687 0.00000 0.00313 0.00000 ( 1)
 297 S   0.99339 0.00000 0.00661 0.00000 ( 1)
 298 L   0.99285 0.00000 0.00715 0.00000 ( 1)
 299 I   0.99542 0.00000 0.00458 0.00000 ( 1)
 300 G   0.99249 0.00000 0.00751 0.00000 ( 1)
 301 A   0.99324 0.00000 0.00676 0.00000 ( 1)
 302 F   0.99520 0.00000 0.00480 0.00000 ( 1)
 303 G   0.99404 0.00000 0.00596 0.00000 ( 1)
 304 D   0.99551 0.00000 0.00449 0.00000 ( 1)
 305 Q   0.99154 0.00000 0.00846 0.00000 ( 1)
 306 E   0.99154 0.00000 0.00846 0.00000 ( 1)
 307 L   0.99048 0.00000 0.00952 0.00000 ( 1)
 308 L   0.99280 0.00000 0.00720 0.00000 ( 1)
 309 T   0.99337 0.00000 0.00663 0.00000 ( 1)
 310 P   0.99258 0.00000 0.00742 0.00000 ( 1)
 311 G   0.99336 0.00000 0.00664 0.00000 ( 1)
 312 V   0.99307 0.00000 0.00693 0.00000 ( 1)
 313 T   0.99377 0.00000 0.00623 0.00000 ( 1)
 314 M   0.99687 0.00000 0.00313 0.00000 ( 1)
 315 I   0.99542 0.00000 0.00458 0.00000 ( 1)
 316 P   0.99284 0.00000 0.00716 0.00000 ( 1)
 317 A   0.99289 0.00000 0.00711 0.00000 ( 1)
 318 I   0.99306 0.00000 0.00694 0.00000 ( 1)
 319 T   0.99318 0.00000 0.00682 0.00000 ( 1)
 320 C   0.99377 0.00000 0.00623 0.00000 ( 1)
 321 K   0.99438 0.00000 0.00562 0.00000 ( 1)
 322 A   0.99289 0.00000 0.00711 0.00000 ( 1)
 323 V   0.99273 0.00000 0.00727 0.00000 ( 1)
 324 A   0.99319 0.00000 0.00681 0.00000 ( 1)
 325 C   0.99377 0.00000 0.00623 0.00000 ( 1)
 326 I   0.99542 0.00000 0.00458 0.00000 ( 1)
 327 D   0.99505 0.00000 0.00495 0.00000 ( 1)
 328 P   0.99264 0.00000 0.00736 0.00000 ( 1)
 329 W   0.99143 0.00000 0.00857 0.00000 ( 1)
 330 V   0.99316 0.00000 0.00684 0.00000 ( 1)
 331 Y   0.99146 0.00000 0.00854 0.00000 ( 1)
 332 A   0.99313 0.00000 0.00687 0.00000 ( 1)
 333 I   0.99503 0.00000 0.00497 0.00000 ( 1)
 334 S   0.99365 0.00000 0.00635 0.00000 ( 1)
 335 H   0.99301 0.00000 0.00699 0.00000 ( 1)
 336 P   0.99284 0.00000 0.00716 0.00000 ( 1)
 337 K   0.99438 0.00000 0.00562 0.00000 ( 1)
 338 Y   0.99337 0.00000 0.00663 0.00000 ( 1)
 339 R   0.99380 0.00000 0.00620 0.00000 ( 1)
 340 Q   0.99154 0.00000 0.00846 0.00000 ( 1)
 341 E   0.99439 0.00000 0.00561 0.00000 ( 1)
 342 L   0.99280 0.00000 0.00720 0.00000 ( 1)
 343 Q   0.99144 0.00000 0.00856 0.00000 ( 1)
 344 R   0.94973 0.00000 0.05027 0.00000 ( 1)
 345 R   0.99275 0.00000 0.00725 0.00000 ( 1)
 346 M   0.99687 0.00000 0.00313 0.00000 ( 1)
 347 P   0.99281 0.00000 0.00719 0.00000 ( 1)
 348 W   0.99143 0.00000 0.00857 0.00000 ( 1)
 349 L   0.99411 0.00000 0.00589 0.00000 ( 1)
 350 Q   0.99177 0.00000 0.00823 0.00000 ( 1)
 351 I   0.99537 0.00000 0.00463 0.00000 ( 1)
 352 S   0.99453 0.00000 0.00547 0.00000 ( 1)
 353 E   0.99448 0.00000 0.00552 0.00000 ( 1)
 354 P   0.99300 0.00000 0.00700 0.00000 ( 1)
 355 D   0.03708 0.00000 0.96292 0.00000 ( 3)
 356 D   0.99539 0.00000 0.00461 0.00000 ( 1)
 357 N   0.54498 0.00000 0.45502 0.00000 ( 1)
 358 T   0.00000 0.96955 0.00000 0.03045 ( 2)
 359 S   0.99080 0.00000 0.00920 0.00000 ( 1)
 360 N   0.99246 0.00000 0.00754 0.00000 ( 1)
 361 T   0.99312 0.00000 0.00688 0.00000 ( 1)
 362 S   0.99361 0.00000 0.00639 0.00000 ( 1)
 363 N   0.99364 0.00000 0.00636 0.00000 ( 1)
 364 T   0.99551 0.00000 0.00449 0.00000 ( 1)
 365 T   0.99234 0.00000 0.00766 0.00000 ( 1)
 366 T   0.72198 0.00000 0.27802 0.00000 ( 1)
 367 N   0.03410 0.00000 0.96590 0.00000 ( 3)
 368 S   0.00000 0.95517 0.00000 0.04483 ( 2)
 369 A   0.00000 0.96665 0.00000 0.03335 ( 2)
 370 A   0.96665 0.00000 0.03335 0.00000 ( 1)
 371 P   0.96665 0.00000 0.03335 0.00000 ( 1)

