Supplemental results for CODEML (seqf: align.fa  treef: tree.nwk)


MLEs of dN/dS (w) for site classes (K=4)

site class             0        1       2a       2b
proportion       0.95515  0.02856  0.01581  0.00047
background w     0.04068  1.00000  0.04068  1.00000
foreground w     0.04068  1.00000  6.94372  6.94372

Naive Empirical Bayes (NEB) probabilities for 4 classes
(amino acids refer to 1st sequence: ColCroc|LWS3)

   1 M   0.56578 0.00000 0.43422 0.00000 ( 1)
   2 A   0.79841 0.00018 0.20141 0.00000 ( 1)
   3 T   0.00000 0.98898 0.00000 0.01102 ( 2)
   4 S   0.99935 0.00000 0.00065 0.00000 ( 1)
   5 M   0.99827 0.00000 0.00173 0.00000 ( 1)
   6 D   0.99920 0.00000 0.00080 0.00000 ( 1)
   7 P   0.99812 0.00000 0.00188 0.00000 ( 1)
   8 A   0.99799 0.00000 0.00201 0.00000 ( 1)
   9 P   0.99878 0.00000 0.00122 0.00000 ( 1)
  10 G   0.99921 0.00000 0.00079 0.00000 ( 1)
  11 V   0.00000 0.99477 0.00000 0.00523 ( 2)
  12 A   0.99840 0.00000 0.00160 0.00000 ( 1)
  13 A   0.99811 0.00000 0.00189 0.00000 ( 1)
  14 M   0.99621 0.00000 0.00379 0.00000 ( 1)
  15 Q   0.93685 0.00000 0.06315 0.00000 ( 1)
  16 T   0.99700 0.00000 0.00300 0.00000 ( 1)
  17 W   0.99932 0.00000 0.00068 0.00000 ( 1)
  18 G   0.99925 0.00000 0.00075 0.00000 ( 1)
  19 G   0.99925 0.00000 0.00075 0.00000 ( 1)
  20 H   0.99841 0.00000 0.00159 0.00000 ( 1)
  21 A   0.99841 0.00000 0.00159 0.00000 ( 1)
  22 E   0.99833 0.00000 0.00167 0.00000 ( 1)
  23 A   0.99808 0.00000 0.00192 0.00000 ( 1)
  24 Y   0.99925 0.00000 0.00075 0.00000 ( 1)
  25 S   0.99850 0.00000 0.00150 0.00000 ( 1)
  26 A   0.99887 0.00000 0.00113 0.00000 ( 1)
  27 N   0.99885 0.00000 0.00115 0.00000 ( 1)
  28 Q   0.99873 0.00000 0.00127 0.00000 ( 1)
  29 T   0.99873 0.00000 0.00127 0.00000 ( 1)
  30 V   0.99761 0.00000 0.00239 0.00000 ( 1)
  31 V   0.99774 0.00000 0.00226 0.00000 ( 1)
  32 D   0.99919 0.00000 0.00081 0.00000 ( 1)
  33 K   0.99919 0.00000 0.00081 0.00000 ( 1)
  34 V   0.99811 0.00000 0.00189 0.00000 ( 1)
  35 L   0.09912 0.89828 0.00011 0.00248 ( 2)
  36 P   0.99868 0.00000 0.00132 0.00000 ( 1)
  37 E   0.99901 0.00000 0.00099 0.00000 ( 1)
  38 M   0.99939 0.00000 0.00061 0.00000 ( 1)
  39 L   0.99764 0.00000 0.00236 0.00000 ( 1)
  40 H   0.99947 0.00000 0.00053 0.00000 ( 1)
  41 L   0.99939 0.00000 0.00061 0.00000 ( 1)
  42 I   0.99717 0.00000 0.00283 0.00000 ( 1)
  43 D   0.99885 0.00000 0.00115 0.00000 ( 1)
  44 A   0.99897 0.00000 0.00103 0.00000 ( 1)
  45 H   0.99946 0.00000 0.00054 0.00000 ( 1)
  46 W   0.99932 0.00000 0.00068 0.00000 ( 1)
  47 Y   0.99896 0.00000 0.00104 0.00000 ( 1)
  48 Q   0.99911 0.00000 0.00089 0.00000 ( 1)
  49 F   0.99893 0.00000 0.00107 0.00000 ( 1)
  50 P   0.99899 0.00000 0.00101 0.00000 ( 1)
  51 P   0.99848 0.00000 0.00152 0.00000 ( 1)
  52 M   0.99939 0.00000 0.00061 0.00000 ( 1)
  53 N   0.99911 0.00000 0.00089 0.00000 ( 1)
  54 P   0.99884 0.00000 0.00116 0.00000 ( 1)
  55 L   0.99849 0.00000 0.00151 0.00000 ( 1)
  56 W   0.99932 0.00000 0.00068 0.00000 ( 1)
  57 Y   0.99941 0.00000 0.00059 0.00000 ( 1)
  58 G   0.99854 0.00000 0.00146 0.00000 ( 1)
  59 L   0.99890 0.00000 0.00110 0.00000 ( 1)
  60 L   0.99779 0.00000 0.00221 0.00000 ( 1)
  61 G   0.99924 0.00000 0.00076 0.00000 ( 1)
  62 F   0.99877 0.00000 0.00123 0.00000 ( 1)
  63 T   0.99688 0.00000 0.00312 0.00000 ( 1)
  64 I   0.99763 0.00000 0.00237 0.00000 ( 1)
  65 C   0.99879 0.00000 0.00121 0.00000 ( 1)
  66 I   0.00000 0.97943 0.00000 0.02057 ( 2)
  67 L   0.99734 0.00000 0.00266 0.00000 ( 1)
  68 A   0.99908 0.00000 0.00092 0.00000 ( 1)
  69 F   0.99902 0.00000 0.00098 0.00000 ( 1)
  70 I   0.99869 0.00000 0.00131 0.00000 ( 1)
  71 S   0.99796 0.00000 0.00204 0.00000 ( 1)
  72 V   0.99496 0.00000 0.00504 0.00000 ( 1)
  73 T   0.83669 0.00000 0.16331 0.00000 ( 1)
  74 G   0.99842 0.00000 0.00158 0.00000 ( 1)
  75 N   0.99929 0.00000 0.00071 0.00000 ( 1)
  76 G   0.99892 0.00000 0.00108 0.00000 ( 1)
  77 M   0.99939 0.00000 0.00061 0.00000 ( 1)
  78 V   0.99829 0.00000 0.00171 0.00000 ( 1)
  79 I   0.99690 0.00000 0.00310 0.00000 ( 1)
  80 Y   0.99918 0.00000 0.00082 0.00000 ( 1)
  81 I   0.99845 0.00000 0.00155 0.00000 ( 1)
  82 F   0.99898 0.00000 0.00102 0.00000 ( 1)
  83 S   0.99497 0.00000 0.00503 0.00000 ( 1)
  84 T   0.99529 0.00096 0.00374 0.00001 ( 1)
  85 T   0.99804 0.00000 0.00196 0.00000 ( 1)
  86 K   0.99942 0.00000 0.00058 0.00000 ( 1)
  87 S   0.00000 0.96884 0.00000 0.03116 ( 2)
  88 L   0.99299 0.00000 0.00701 0.00000 ( 1)
  89 K   0.99932 0.00000 0.00068 0.00000 ( 1)
  90 T   0.99864 0.00000 0.00136 0.00000 ( 1)
  91 P   0.99886 0.00000 0.00114 0.00000 ( 1)
  92 S   0.99796 0.00000 0.00204 0.00000 ( 1)
  93 N   0.99903 0.00000 0.00097 0.00000 ( 1)
  94 L   0.99661 0.00000 0.00339 0.00000 ( 1)
  95 L   0.99844 0.00000 0.00156 0.00000 ( 1)
  96 V   0.99790 0.00000 0.00210 0.00000 ( 1)
  97 V   0.99803 0.00000 0.00197 0.00000 ( 1)
  98 N   0.99889 0.00000 0.00111 0.00000 ( 1)
  99 L   0.99880 0.00000 0.00120 0.00000 ( 1)
 100 A   0.99811 0.00000 0.00189 0.00000 ( 1)
 101 F   0.99889 0.00000 0.00111 0.00000 ( 1)
 102 S   0.99860 0.00000 0.00140 0.00000 ( 1)
 103 D   0.99916 0.00000 0.00084 0.00000 ( 1)
 104 F   0.99892 0.00000 0.00108 0.00000 ( 1)
 105 L   0.99859 0.00000 0.00141 0.00000 ( 1)
 106 M   0.99939 0.00000 0.00061 0.00000 ( 1)
 107 M   0.99939 0.00000 0.00061 0.00000 ( 1)
 108 A   0.99254 0.00001 0.00746 0.00000 ( 1)
 109 M   0.00000 0.99266 0.00000 0.00734 ( 2)
 110 M   0.99939 0.00000 0.00061 0.00000 ( 1)
 111 A   0.99848 0.00000 0.00152 0.00000 ( 1)
 112 P   0.99900 0.00000 0.00100 0.00000 ( 1)
 113 P   0.87362 0.12522 0.00088 0.00028 ( 1)
 114 L   0.99939 0.00000 0.00061 0.00000 ( 1)
 115 C   0.99812 0.00000 0.00188 0.00000 ( 1)
 116 I   0.99837 0.00000 0.00163 0.00000 ( 1)
 117 N   0.99916 0.00000 0.00084 0.00000 ( 1)
 118 S   0.99921 0.00000 0.00079 0.00000 ( 1)
 119 Y   0.99924 0.00000 0.00076 0.00000 ( 1)
 120 Y   0.99908 0.00000 0.00092 0.00000 ( 1)
 121 Q   0.99925 0.00000 0.00075 0.00000 ( 1)
 122 T   0.99699 0.00000 0.00301 0.00000 ( 1)
 123 W   0.99932 0.00000 0.00068 0.00000 ( 1)
 124 V   0.99506 0.00000 0.00494 0.00000 ( 1)
 125 F   0.99891 0.00000 0.00109 0.00000 ( 1)
 126 G   0.99846 0.00000 0.00154 0.00000 ( 1)
 127 P   0.99891 0.00000 0.00109 0.00000 ( 1)
 128 V   0.99900 0.00000 0.00100 0.00000 ( 1)
 129 A   0.99939 0.00000 0.00061 0.00000 ( 1)
 130 C   0.99914 0.00000 0.00086 0.00000 ( 1)
 131 Q   0.99925 0.00000 0.00075 0.00000 ( 1)
 132 F   0.99708 0.00000 0.00292 0.00000 ( 1)
 133 Y   0.99926 0.00000 0.00074 0.00000 ( 1)
 134 A   0.99844 0.00000 0.00156 0.00000 ( 1)
 135 C   0.99918 0.00000 0.00082 0.00000 ( 1)
 136 F   0.97087 0.00065 0.02847 0.00001 ( 1)
 137 G   0.99815 0.00000 0.00185 0.00000 ( 1)
 138 S   0.99796 0.00000 0.00204 0.00000 ( 1)
 139 L   0.99764 0.00000 0.00236 0.00000 ( 1)
 140 F   0.99902 0.00000 0.00098 0.00000 ( 1)
 141 G   0.99917 0.00000 0.00083 0.00000 ( 1)
 142 C   0.99936 0.00000 0.00064 0.00000 ( 1)
 143 V   0.99812 0.00000 0.00188 0.00000 ( 1)
 144 S   0.99880 0.00000 0.00120 0.00000 ( 1)
 145 I   0.99871 0.00000 0.00129 0.00000 ( 1)
 146 W   0.99932 0.00000 0.00068 0.00000 ( 1)
 147 T   0.99810 0.00000 0.00190 0.00000 ( 1)
 148 M   0.99939 0.00000 0.00061 0.00000 ( 1)
 149 T   0.99824 0.00000 0.00176 0.00000 ( 1)
 150 A   0.99939 0.00000 0.00061 0.00000 ( 1)
 151 I   0.99875 0.00000 0.00125 0.00000 ( 1)
 152 A   0.99799 0.00000 0.00201 0.00000 ( 1)
 153 F   0.99904 0.00000 0.00096 0.00000 ( 1)
 154 D   0.99884 0.00000 0.00116 0.00000 ( 1)
 155 R   0.99658 0.00000 0.00342 0.00000 ( 1)
 156 Y   0.99926 0.00000 0.00074 0.00000 ( 1)
 157 N   0.99919 0.00000 0.00081 0.00000 ( 1)
 158 V   0.99829 0.00000 0.00171 0.00000 ( 1)
 159 I   0.99878 0.00000 0.00122 0.00000 ( 1)
 160 V   0.99831 0.00000 0.00169 0.00000 ( 1)
 161 K   0.99885 0.00000 0.00115 0.00000 ( 1)
 162 G   0.99906 0.00000 0.00094 0.00000 ( 1)
 163 I   0.99837 0.00000 0.00163 0.00000 ( 1)
 164 A   0.99801 0.00000 0.00199 0.00000 ( 1)
 165 A   0.99853 0.00000 0.00147 0.00000 ( 1)
 166 K   0.74172 0.00000 0.25828 0.00000 ( 1)
 167 P   0.99890 0.00000 0.00110 0.00000 ( 1)
 168 L   0.99480 0.00000 0.00520 0.00000 ( 1)
 169 T   0.99873 0.00000 0.00127 0.00000 ( 1)
 170 V   0.99929 0.00000 0.00071 0.00000 ( 1)
 171 N   0.99926 0.00000 0.00074 0.00000 ( 1)
 172 G   0.99860 0.00000 0.00140 0.00000 ( 1)
 173 A   0.99840 0.00000 0.00160 0.00000 ( 1)
 174 L   0.99827 0.00000 0.00173 0.00000 ( 1)
 175 L   0.80530 0.00000 0.19470 0.00000 ( 1)
 176 Q   0.99861 0.00000 0.00139 0.00000 ( 1)
 177 I   0.99879 0.00000 0.00121 0.00000 ( 1)
 178 F   0.63492 0.00000 0.36508 0.00000 ( 1)
 179 G   0.99925 0.00000 0.00075 0.00000 ( 1)
 180 V   0.99832 0.00000 0.00168 0.00000 ( 1)
 181 W   0.99932 0.00000 0.00068 0.00000 ( 1)
 182 A   0.00000 0.98516 0.00000 0.01484 ( 2)
 183 F   0.99898 0.00000 0.00102 0.00000 ( 1)
 184 S   0.99628 0.00000 0.00372 0.00000 ( 1)
 185 L   0.99905 0.00000 0.00095 0.00000 ( 1)
 186 A   0.99642 0.00001 0.00357 0.00000 ( 1)
 187 W   0.99932 0.00000 0.00068 0.00000 ( 1)
 188 T   0.99805 0.00000 0.00195 0.00000 ( 1)
 189 L   0.99793 0.00000 0.00207 0.00000 ( 1)
 190 A   0.99815 0.00000 0.00185 0.00000 ( 1)
 191 P   0.99850 0.00000 0.00150 0.00000 ( 1)
 192 I   0.99903 0.00000 0.00097 0.00000 ( 1)
 193 F   0.99893 0.00000 0.00107 0.00000 ( 1)
 194 G   0.99854 0.00000 0.00146 0.00000 ( 1)
 195 W   0.99932 0.00000 0.00068 0.00000 ( 1)
 196 S   0.99929 0.00000 0.00071 0.00000 ( 1)
 197 R   0.99851 0.00000 0.00149 0.00000 ( 1)
 198 Y   0.99892 0.00000 0.00108 0.00000 ( 1)
 199 V   0.99786 0.00000 0.00214 0.00000 ( 1)
 200 P   0.99879 0.00000 0.00121 0.00000 ( 1)
 201 E   0.99863 0.00000 0.00137 0.00000 ( 1)
 202 G   0.99920 0.00000 0.00080 0.00000 ( 1)
 203 N   0.99929 0.00000 0.00071 0.00000 ( 1)
 204 M   0.99939 0.00000 0.00061 0.00000 ( 1)
 205 T   0.99821 0.00000 0.00179 0.00000 ( 1)
 206 A   0.99832 0.00000 0.00168 0.00000 ( 1)
 207 C   0.99945 0.00000 0.00055 0.00000 ( 1)
 208 G   0.99851 0.00000 0.00149 0.00000 ( 1)
 209 T   0.99863 0.00000 0.00137 0.00000 ( 1)
 210 D   0.99914 0.00000 0.00086 0.00000 ( 1)
 211 Y   0.99891 0.00000 0.00109 0.00000 ( 1)
 212 L   0.99877 0.00000 0.00123 0.00000 ( 1)
 213 S   0.00000 0.98380 0.00000 0.01620 ( 2)
 214 K   0.99942 0.00000 0.00058 0.00000 ( 1)
 215 D   0.93763 0.00000 0.06237 0.00000 ( 1)
 216 L   0.99932 0.00000 0.00068 0.00000 ( 1)
 217 L   0.00000 0.99206 0.00000 0.00794 ( 2)
 218 S   0.99946 0.00000 0.00054 0.00000 ( 1)
 219 Q   0.99326 0.00000 0.00674 0.00000 ( 1)
 220 I   0.99895 0.00000 0.00105 0.00000 ( 1)
 221 Y   0.99926 0.00000 0.00074 0.00000 ( 1)
 222 I   0.99876 0.00000 0.00124 0.00000 ( 1)
 223 I   0.99911 0.00000 0.00089 0.00000 ( 1)
 224 T   0.99758 0.00000 0.00242 0.00000 ( 1)
 225 Y   0.99925 0.00000 0.00075 0.00000 ( 1)
 226 S   0.99783 0.00000 0.00217 0.00000 ( 1)
 227 I   0.99829 0.00000 0.00171 0.00000 ( 1)
 228 A   0.99903 0.00000 0.00097 0.00000 ( 1)
 229 C   0.99832 0.00000 0.00168 0.00000 ( 1)
 230 Y   0.99926 0.00000 0.00074 0.00000 ( 1)
 231 F   0.99859 0.00000 0.00141 0.00000 ( 1)
 232 L   0.00000 0.99611 0.00000 0.00389 ( 2)
 233 P   0.99901 0.00000 0.00099 0.00000 ( 1)
 234 L   0.99846 0.00000 0.00154 0.00000 ( 1)
 235 A   0.99896 0.00000 0.00104 0.00000 ( 1)
 236 L   0.99901 0.00000 0.00099 0.00000 ( 1)
 237 I   0.99874 0.00000 0.00126 0.00000 ( 1)
 238 V   0.99862 0.00000 0.00138 0.00000 ( 1)
 239 Y   0.99926 0.00000 0.00074 0.00000 ( 1)
 240 S   0.99874 0.00000 0.00126 0.00000 ( 1)
 241 Y   0.99926 0.00000 0.00074 0.00000 ( 1)
 242 F   0.99904 0.00000 0.00096 0.00000 ( 1)
 243 F   0.99904 0.00000 0.00096 0.00000 ( 1)
 244 I   0.99881 0.00000 0.00119 0.00000 ( 1)
 245 V   0.99813 0.00000 0.00187 0.00000 ( 1)
 246 Q   0.99925 0.00000 0.00075 0.00000 ( 1)
 247 A   0.99841 0.00000 0.00159 0.00000 ( 1)
 248 V   0.99803 0.00000 0.00197 0.00000 ( 1)
 249 A   0.99818 0.00000 0.00182 0.00000 ( 1)
 250 A   0.99792 0.00000 0.00208 0.00000 ( 1)
 251 H   0.99948 0.00000 0.00052 0.00000 ( 1)
 252 E   0.99904 0.00000 0.00096 0.00000 ( 1)
 253 K   0.99875 0.00000 0.00125 0.00000 ( 1)
 254 A   0.80210 0.00000 0.19790 0.00000 ( 1)
 255 M   0.99939 0.00000 0.00061 0.00000 ( 1)
 256 R   0.99950 0.00000 0.00050 0.00000 ( 1)
 257 E   0.99925 0.00000 0.00075 0.00000 ( 1)
 258 Q   0.99915 0.00000 0.00085 0.00000 ( 1)
 259 A   0.99852 0.00000 0.00148 0.00000 ( 1)
 260 K   0.99942 0.00000 0.00058 0.00000 ( 1)
 261 K   0.99938 0.00000 0.00062 0.00000 ( 1)
 262 M   0.99939 0.00000 0.00061 0.00000 ( 1)
 263 N   0.99924 0.00000 0.00076 0.00000 ( 1)
 264 V   0.99826 0.00000 0.00174 0.00000 ( 1)
 265 A   0.99840 0.00000 0.00160 0.00000 ( 1)
 266 S   0.99871 0.00000 0.00129 0.00000 ( 1)
 267 L   0.99909 0.00000 0.00091 0.00000 ( 1)
 268 R   0.99947 0.00000 0.00053 0.00000 ( 1)
 269 S   0.99783 0.00000 0.00217 0.00000 ( 1)
 270 S   0.80877 0.00000 0.19123 0.00000 ( 1)
 271 E   0.99921 0.00000 0.00079 0.00000 ( 1)
 272 Q   0.99833 0.00000 0.00167 0.00000 ( 1)
 273 A   0.81737 0.00000 0.18263 0.00000 ( 1)
 274 N   0.99929 0.00000 0.00071 0.00000 ( 1)
 275 T   0.99796 0.00000 0.00204 0.00000 ( 1)
 276 S   0.99895 0.00000 0.00105 0.00000 ( 1)
 277 A   0.99851 0.00000 0.00149 0.00000 ( 1)
 278 E   0.99910 0.00000 0.00090 0.00000 ( 1)
 279 C   0.99894 0.00000 0.00106 0.00000 ( 1)
 280 K   0.99931 0.00000 0.00069 0.00000 ( 1)
 281 L   0.99824 0.00000 0.00176 0.00000 ( 1)
 282 A   0.99843 0.00000 0.00157 0.00000 ( 1)
 283 K   0.99942 0.00000 0.00058 0.00000 ( 1)
 284 V   0.99820 0.00000 0.00180 0.00000 ( 1)
 285 A   0.99838 0.00000 0.00162 0.00000 ( 1)
 286 L   0.99537 0.00000 0.00463 0.00000 ( 1)
 287 M   0.99939 0.00000 0.00061 0.00000 ( 1)
 288 T   0.99847 0.00000 0.00153 0.00000 ( 1)
 289 I   0.99870 0.00000 0.00130 0.00000 ( 1)
 290 S   0.99881 0.00000 0.00119 0.00000 ( 1)
 291 L   0.99619 0.00000 0.00381 0.00000 ( 1)
 292 W   0.99932 0.00000 0.00068 0.00000 ( 1)
 293 F   0.99902 0.00000 0.00098 0.00000 ( 1)
 294 M   0.99939 0.00000 0.00061 0.00000 ( 1)
 295 A   0.99849 0.00000 0.00151 0.00000 ( 1)
 296 W   0.99932 0.00000 0.00068 0.00000 ( 1)
 297 T   0.99849 0.00000 0.00151 0.00000 ( 1)
 298 P   0.99903 0.00000 0.00097 0.00000 ( 1)
 299 Y   0.99926 0.00000 0.00074 0.00000 ( 1)
 300 L   0.99883 0.00000 0.00117 0.00000 ( 1)
 301 V   0.99816 0.00000 0.00184 0.00000 ( 1)
 302 I   0.99878 0.00000 0.00122 0.00000 ( 1)
 303 N   0.99929 0.00000 0.00071 0.00000 ( 1)
 304 F   0.99925 0.00000 0.00075 0.00000 ( 1)
 305 A   0.99877 0.00000 0.00123 0.00000 ( 1)
 306 G   0.99804 0.00000 0.00196 0.00000 ( 1)
 307 V   0.99835 0.00000 0.00165 0.00000 ( 1)
 308 F   0.99904 0.00000 0.00096 0.00000 ( 1)
 309 E   0.99933 0.00000 0.00067 0.00000 ( 1)
 310 T   0.99902 0.00000 0.00098 0.00000 ( 1)
 311 A   0.99833 0.00000 0.00167 0.00000 ( 1)
 312 P   0.99921 0.00000 0.00079 0.00000 ( 1)
 313 I   0.99878 0.00000 0.00122 0.00000 ( 1)
 314 S   0.99946 0.00000 0.00054 0.00000 ( 1)
 315 P   0.99895 0.00000 0.00105 0.00000 ( 1)
 316 L   0.99829 0.00000 0.00171 0.00000 ( 1)
 317 S   0.99843 0.00000 0.00157 0.00000 ( 1)
 318 T   0.99873 0.00000 0.00127 0.00000 ( 1)
 319 I   0.99861 0.00000 0.00139 0.00000 ( 1)
 320 W   0.99932 0.00000 0.00068 0.00000 ( 1)
 321 G   0.99884 0.00000 0.00116 0.00000 ( 1)
 322 S   0.99870 0.00000 0.00130 0.00000 ( 1)
 323 V   0.97231 0.00000 0.02769 0.00000 ( 1)
 324 F   0.99903 0.00000 0.00097 0.00000 ( 1)
 325 A   0.99791 0.00000 0.00209 0.00000 ( 1)
 326 K   0.99942 0.00000 0.00058 0.00000 ( 1)
 327 A   0.99851 0.00000 0.00149 0.00000 ( 1)
 328 N   0.99918 0.00000 0.00082 0.00000 ( 1)
 329 A   0.99841 0.00000 0.00159 0.00000 ( 1)
 330 V   0.99829 0.00000 0.00171 0.00000 ( 1)
 331 Y   0.99926 0.00000 0.00074 0.00000 ( 1)
 332 N   0.99888 0.00000 0.00112 0.00000 ( 1)
 333 P   0.99913 0.00000 0.00087 0.00000 ( 1)
 334 I   0.99874 0.00000 0.00126 0.00000 ( 1)
 335 V   0.99786 0.00000 0.00214 0.00000 ( 1)
 336 Y   0.99900 0.00000 0.00100 0.00000 ( 1)
 337 G   0.99925 0.00000 0.00075 0.00000 ( 1)
 338 I   0.99878 0.00000 0.00122 0.00000 ( 1)
 339 S   0.99895 0.00000 0.00105 0.00000 ( 1)
 340 H   0.99929 0.00000 0.00071 0.00000 ( 1)
 341 P   0.99850 0.00000 0.00150 0.00000 ( 1)
 342 K   0.99916 0.00000 0.00084 0.00000 ( 1)
 343 Y   0.99926 0.00000 0.00074 0.00000 ( 1)
 344 R   0.99622 0.00000 0.00378 0.00000 ( 1)
 345 A   0.01747 0.00000 0.98253 0.00000 ( 3)
 346 A   0.99828 0.00000 0.00172 0.00000 ( 1)
 347 L   0.99891 0.00000 0.00109 0.00000 ( 1)
 348 Y   0.99926 0.00000 0.00074 0.00000 ( 1)
 349 Q   0.99887 0.00000 0.00113 0.00000 ( 1)
 350 R   0.99935 0.00000 0.00065 0.00000 ( 1)
 351 F   0.99904 0.00000 0.00096 0.00000 ( 1)
 352 P   0.99893 0.00000 0.00107 0.00000 ( 1)
 353 S   0.99874 0.00000 0.00126 0.00000 ( 1)
 354 L   0.99802 0.00000 0.00198 0.00000 ( 1)
 355 A   0.99814 0.00000 0.00186 0.00000 ( 1)
 356 C   0.99941 0.00000 0.00059 0.00000 ( 1)
 357 Q   0.94139 0.00000 0.05861 0.00000 ( 1)
 358 P   0.03260 0.00350 0.96368 0.00021 ( 3)
 359 S   0.83907 0.00000 0.16093 0.00000 ( 1)
 360 P   0.99819 0.00000 0.00181 0.00000 ( 1)
 361 E   0.97536 0.00000 0.02464 0.00000 ( 1)
 362 E   0.99672 0.00000 0.00328 0.00000 ( 1)
 363 T   0.00000 0.98888 0.00000 0.01112 ( 2)
 364 G   0.99796 0.00000 0.00204 0.00000 ( 1)
 365 S   0.99868 0.00000 0.00132 0.00000 ( 1)
 366 V   0.90343 0.00000 0.09657 0.00000 ( 1)
 367 A   0.99839 0.00000 0.00161 0.00000 ( 1)
 368 S   0.99869 0.00000 0.00131 0.00000 ( 1)
 369 A   0.99871 0.00000 0.00129 0.00000 ( 1)
 370 A   0.98385 0.00000 0.01615 0.00000 ( 1)
 371 T   0.99858 0.00000 0.00142 0.00000 ( 1)
 372 A   0.10767 0.00000 0.89233 0.00000 ( 3)
 373 C   0.99719 0.00000 0.00281 0.00000 ( 1)
 374 T   0.99824 0.00000 0.00176 0.00000 ( 1)
 375 E   0.99868 0.00000 0.00132 0.00000 ( 1)
 376 E   0.99933 0.00000 0.00067 0.00000 ( 1)
 377 K   0.99926 0.00000 0.00074 0.00000 ( 1)
 378 P   0.99875 0.00000 0.00125 0.00000 ( 1)
 379 S   0.99832 0.00000 0.00168 0.00000 ( 1)
 380 A   0.99851 0.00000 0.00149 0.00000 ( 1)


lnL = -69099.104137

Bayes Empirical Bayes (BEB) probabilities for 4 classes (class)
(amino acids refer to 1st sequence: ColCroc|LWS3)

   1 M   0.47675 0.00000 0.52325 0.00000 ( 3)
   2 A   0.68765 0.00000 0.31235 0.00000 ( 1)
   3 T   0.00000 0.97658 0.00000 0.02342 ( 2)
   4 S   0.99681 0.00000 0.00319 0.00000 ( 1)
   5 M   0.99472 0.00000 0.00528 0.00000 ( 1)
   6 D   0.99742 0.00000 0.00258 0.00000 ( 1)
   7 P   0.99481 0.00000 0.00519 0.00000 ( 1)
   8 A   0.99480 0.00000 0.00520 0.00000 ( 1)
   9 P   0.99563 0.00000 0.00437 0.00000 ( 1)
  10 G   0.99714 0.00000 0.00286 0.00000 ( 1)
  11 V   0.00000 0.98619 0.00000 0.01381 ( 2)
  12 A   0.99578 0.00000 0.00422 0.00000 ( 1)
  13 A   0.99477 0.00000 0.00523 0.00000 ( 1)
  14 M   0.98965 0.00000 0.01035 0.00000 ( 1)
  15 Q   0.88669 0.00000 0.11331 0.00000 ( 1)
  16 T   0.99221 0.00000 0.00779 0.00000 ( 1)
  17 W   0.99608 0.00000 0.00392 0.00000 ( 1)
  18 G   0.99724 0.00000 0.00276 0.00000 ( 1)
  19 G   0.99725 0.00000 0.00275 0.00000 ( 1)
  20 H   0.99371 0.00000 0.00629 0.00000 ( 1)
  21 A   0.99556 0.00000 0.00444 0.00000 ( 1)
  22 E   0.99513 0.00000 0.00487 0.00000 ( 1)
  23 A   0.99433 0.00000 0.00567 0.00000 ( 1)
  24 Y   0.99698 0.00000 0.00302 0.00000 ( 1)
  25 S   0.99398 0.00000 0.00602 0.00000 ( 1)
  26 A   0.99657 0.00000 0.00343 0.00000 ( 1)
  27 N   0.99628 0.00000 0.00372 0.00000 ( 1)
  28 Q   0.99471 0.00000 0.00529 0.00000 ( 1)
  29 T   0.99646 0.00000 0.00354 0.00000 ( 1)
  30 V   0.99414 0.00000 0.00586 0.00000 ( 1)
  31 V   0.99391 0.00000 0.00609 0.00000 ( 1)
  32 D   0.99739 0.00000 0.00261 0.00000 ( 1)
  33 K   0.99667 0.00000 0.00333 0.00000 ( 1)
  34 V   0.99522 0.00000 0.00478 0.00000 ( 1)
  35 L   0.94181 0.05366 0.00402 0.00051 ( 1)
  36 P   0.99541 0.00000 0.00459 0.00000 ( 1)
  37 E   0.99653 0.00000 0.00347 0.00000 ( 1)
  38 M   0.99801 0.00000 0.00199 0.00000 ( 1)
  39 L   0.99237 0.00000 0.00763 0.00000 ( 1)
  40 H   0.99754 0.00000 0.00246 0.00000 ( 1)
  41 L   0.99801 0.00000 0.00199 0.00000 ( 1)
  42 I   0.99263 0.00000 0.00737 0.00000 ( 1)
  43 D   0.99631 0.00000 0.00369 0.00000 ( 1)
  44 A   0.99658 0.00000 0.00342 0.00000 ( 1)
  45 H   0.99750 0.00000 0.00250 0.00000 ( 1)
  46 W   0.99608 0.00000 0.00392 0.00000 ( 1)
  47 Y   0.99541 0.00000 0.00459 0.00000 ( 1)
  48 Q   0.99557 0.00000 0.00443 0.00000 ( 1)
  49 F   0.99691 0.00000 0.00309 0.00000 ( 1)
  50 P   0.99586 0.00000 0.00414 0.00000 ( 1)
  51 P   0.99429 0.00000 0.00571 0.00000 ( 1)
  52 M   0.99801 0.00000 0.00199 0.00000 ( 1)
  53 N   0.99710 0.00000 0.00290 0.00000 ( 1)
  54 P   0.99561 0.00000 0.00439 0.00000 ( 1)
  55 L   0.99503 0.00000 0.00497 0.00000 ( 1)
  56 W   0.99608 0.00000 0.00392 0.00000 ( 1)
  57 Y   0.99737 0.00000 0.00263 0.00000 ( 1)
  58 G   0.99395 0.00000 0.00605 0.00000 ( 1)
  59 L   0.99585 0.00000 0.00415 0.00000 ( 1)
  60 L   0.99315 0.00000 0.00685 0.00000 ( 1)
  61 G   0.99722 0.00000 0.00278 0.00000 ( 1)
  62 F   0.99627 0.00000 0.00373 0.00000 ( 1)
  63 T   0.99124 0.00000 0.00876 0.00000 ( 1)
  64 I   0.99323 0.00000 0.00677 0.00000 ( 1)
  65 C   0.99617 0.00000 0.00383 0.00000 ( 1)
  66 I   0.00000 0.95902 0.00000 0.04098 ( 2)
  67 L   0.99146 0.00000 0.00854 0.00000 ( 1)
  68 A   0.99596 0.00000 0.00404 0.00000 ( 1)
  69 F   0.99665 0.00000 0.00335 0.00000 ( 1)
  70 I   0.99574 0.00000 0.00426 0.00000 ( 1)
  71 S   0.99285 0.00000 0.00715 0.00000 ( 1)
  72 V   0.98800 0.00000 0.01200 0.00000 ( 1)
  73 T   0.73677 0.00000 0.26323 0.00000 ( 1)
  74 G   0.99394 0.00000 0.00606 0.00000 ( 1)
  75 N   0.99757 0.00000 0.00243 0.00000 ( 1)
  76 G   0.99652 0.00000 0.00348 0.00000 ( 1)
  77 M   0.99801 0.00000 0.00199 0.00000 ( 1)
  78 V   0.99548 0.00000 0.00452 0.00000 ( 1)
  79 I   0.99237 0.00000 0.00763 0.00000 ( 1)
  80 Y   0.99677 0.00000 0.00323 0.00000 ( 1)
  81 I   0.99594 0.00000 0.00406 0.00000 ( 1)
  82 F   0.99659 0.00000 0.00341 0.00000 ( 1)
  83 S   0.98854 0.00000 0.01146 0.00000 ( 1)
  84 T   0.99076 0.00001 0.00923 0.00000 ( 1)
  85 T   0.99449 0.00000 0.00551 0.00000 ( 1)
  86 K   0.99722 0.00000 0.00278 0.00000 ( 1)
  87 S   0.00000 0.94151 0.00000 0.05849 ( 2)
  88 L   0.98411 0.00000 0.01589 0.00000 ( 1)
  89 K   0.99635 0.00000 0.00365 0.00000 ( 1)
  90 T   0.99573 0.00000 0.00427 0.00000 ( 1)
  91 P   0.99561 0.00000 0.00439 0.00000 ( 1)
  92 S   0.99286 0.00000 0.00714 0.00000 ( 1)
  93 N   0.99692 0.00000 0.00308 0.00000 ( 1)
  94 L   0.99104 0.00000 0.00896 0.00000 ( 1)
  95 L   0.99558 0.00000 0.00442 0.00000 ( 1)
  96 V   0.99475 0.00000 0.00525 0.00000 ( 1)
  97 V   0.99403 0.00000 0.00597 0.00000 ( 1)
  98 N   0.99656 0.00000 0.00344 0.00000 ( 1)
  99 L   0.99516 0.00000 0.00484 0.00000 ( 1)
 100 A   0.99428 0.00000 0.00572 0.00000 ( 1)
 101 F   0.99646 0.00000 0.00354 0.00000 ( 1)
 102 S   0.99527 0.00000 0.00473 0.00000 ( 1)
 103 D   0.99732 0.00000 0.00268 0.00000 ( 1)
 104 F   0.99687 0.00000 0.00313 0.00000 ( 1)
 105 L   0.99581 0.00000 0.00419 0.00000 ( 1)
 106 M   0.99801 0.00000 0.00199 0.00000 ( 1)
 107 M   0.99801 0.00000 0.00199 0.00000 ( 1)
 108 A   0.98488 0.00000 0.01512 0.00000 ( 1)
 109 M   0.00000 0.98211 0.00000 0.01789 ( 2)
 110 M   0.99801 0.00000 0.00199 0.00000 ( 1)
 111 A   0.99498 0.00000 0.00502 0.00000 ( 1)
 112 P   0.99607 0.00000 0.00393 0.00000 ( 1)
 113 P   0.99534 0.00057 0.00409 0.00000 ( 1)
 114 L   0.99801 0.00000 0.00199 0.00000 ( 1)
 115 C   0.99520 0.00000 0.00480 0.00000 ( 1)
 116 I   0.99543 0.00000 0.00457 0.00000 ( 1)
 117 N   0.99723 0.00000 0.00277 0.00000 ( 1)
 118 S   0.99602 0.00000 0.00398 0.00000 ( 1)
 119 Y   0.99695 0.00000 0.00305 0.00000 ( 1)
 120 Y   0.99660 0.00000 0.00340 0.00000 ( 1)
 121 Q   0.99639 0.00000 0.00361 0.00000 ( 1)
 122 T   0.99309 0.00000 0.00691 0.00000 ( 1)
 123 W   0.99608 0.00000 0.00392 0.00000 ( 1)
 124 V   0.98879 0.00000 0.01121 0.00000 ( 1)
 125 F   0.99684 0.00000 0.00316 0.00000 ( 1)
 126 G   0.99411 0.00000 0.00589 0.00000 ( 1)
 127 P   0.99572 0.00000 0.00428 0.00000 ( 1)
 128 V   0.99709 0.00000 0.00291 0.00000 ( 1)
 129 A   0.99801 0.00000 0.00199 0.00000 ( 1)
 130 C   0.99599 0.00000 0.00401 0.00000 ( 1)
 131 Q   0.99639 0.00000 0.00361 0.00000 ( 1)
 132 F   0.99294 0.00000 0.00706 0.00000 ( 1)
 133 Y   0.99699 0.00000 0.00301 0.00000 ( 1)
 134 A   0.99542 0.00000 0.00458 0.00000 ( 1)
 135 C   0.99601 0.00000 0.00399 0.00000 ( 1)
 136 F   0.94277 0.00000 0.05723 0.00000 ( 1)
 137 G   0.99380 0.00000 0.00620 0.00000 ( 1)
 138 S   0.99285 0.00000 0.00715 0.00000 ( 1)
 139 L   0.99228 0.00000 0.00772 0.00000 ( 1)
 140 F   0.99712 0.00000 0.00288 0.00000 ( 1)
 141 G   0.99704 0.00000 0.00296 0.00000 ( 1)
 142 C   0.99719 0.00000 0.00281 0.00000 ( 1)
 143 V   0.99431 0.00000 0.00569 0.00000 ( 1)
 144 S   0.99640 0.00000 0.00360 0.00000 ( 1)
 145 I   0.99653 0.00000 0.00347 0.00000 ( 1)
 146 W   0.99608 0.00000 0.00392 0.00000 ( 1)
 147 T   0.99509 0.00000 0.00491 0.00000 ( 1)
 148 M   0.99801 0.00000 0.00199 0.00000 ( 1)
 149 T   0.99516 0.00000 0.00484 0.00000 ( 1)
 150 A   0.99801 0.00000 0.00199 0.00000 ( 1)
 151 I   0.99663 0.00000 0.00337 0.00000 ( 1)
 152 A   0.99477 0.00000 0.00523 0.00000 ( 1)
 153 F   0.99718 0.00000 0.00282 0.00000 ( 1)
 154 D   0.99630 0.00000 0.00370 0.00000 ( 1)
 155 R   0.98924 0.00000 0.01076 0.00000 ( 1)
 156 Y   0.99700 0.00000 0.00300 0.00000 ( 1)
 157 N   0.99730 0.00000 0.00270 0.00000 ( 1)
 158 V   0.99556 0.00000 0.00444 0.00000 ( 1)
 159 I   0.99671 0.00000 0.00329 0.00000 ( 1)
 160 V   0.99515 0.00000 0.00485 0.00000 ( 1)
 161 K   0.99560 0.00000 0.00440 0.00000 ( 1)
 162 G   0.99597 0.00000 0.00403 0.00000 ( 1)
 163 I   0.99573 0.00000 0.00427 0.00000 ( 1)
 164 A   0.99483 0.00000 0.00517 0.00000 ( 1)
 165 A   0.99606 0.00000 0.00394 0.00000 ( 1)
 166 K   0.63152 0.00000 0.36848 0.00000 ( 1)
 167 P   0.99602 0.00000 0.00398 0.00000 ( 1)
 168 L   0.98667 0.00000 0.01333 0.00000 ( 1)
 169 T   0.99646 0.00000 0.00354 0.00000 ( 1)
 170 V   0.99756 0.00000 0.00244 0.00000 ( 1)
 171 N   0.99750 0.00000 0.00250 0.00000 ( 1)
 172 G   0.99492 0.00000 0.00508 0.00000 ( 1)
 173 A   0.99521 0.00000 0.00479 0.00000 ( 1)
 174 L   0.99400 0.00000 0.00600 0.00000 ( 1)
 175 L   0.70358 0.00000 0.29642 0.00000 ( 1)
 176 Q   0.99520 0.00000 0.00480 0.00000 ( 1)
 177 I   0.99612 0.00000 0.00388 0.00000 ( 1)
 178 F   0.51945 0.00000 0.48055 0.00000 ( 1)
 179 G   0.99725 0.00000 0.00275 0.00000 ( 1)
 180 V   0.99563 0.00000 0.00437 0.00000 ( 1)
 181 W   0.99608 0.00000 0.00392 0.00000 ( 1)
 182 A   0.00000 0.96869 0.00000 0.03131 ( 2)
 183 F   0.99702 0.00000 0.00298 0.00000 ( 1)
 184 S   0.99071 0.00000 0.00929 0.00000 ( 1)
 185 L   0.99691 0.00000 0.00309 0.00000 ( 1)
 186 A   0.99123 0.00000 0.00877 0.00000 ( 1)
 187 W   0.99608 0.00000 0.00392 0.00000 ( 1)
 188 T   0.99432 0.00000 0.00568 0.00000 ( 1)
 189 L   0.99342 0.00000 0.00658 0.00000 ( 1)
 190 A   0.99413 0.00000 0.00587 0.00000 ( 1)
 191 P   0.99432 0.00000 0.00568 0.00000 ( 1)
 192 I   0.99717 0.00000 0.00283 0.00000 ( 1)
 193 F   0.99691 0.00000 0.00309 0.00000 ( 1)
 194 G   0.99395 0.00000 0.00605 0.00000 ( 1)
 195 W   0.99608 0.00000 0.00392 0.00000 ( 1)
 196 S   0.99757 0.00000 0.00243 0.00000 ( 1)
 197 R   0.99481 0.00000 0.00519 0.00000 ( 1)
 198 Y   0.99569 0.00000 0.00431 0.00000 ( 1)
 199 V   0.99394 0.00000 0.00606 0.00000 ( 1)
 200 P   0.99563 0.00000 0.00437 0.00000 ( 1)
 201 E   0.99548 0.00000 0.00452 0.00000 ( 1)
 202 G   0.99713 0.00000 0.00287 0.00000 ( 1)
 203 N   0.99757 0.00000 0.00243 0.00000 ( 1)
 204 M   0.99801 0.00000 0.00199 0.00000 ( 1)
 205 T   0.99510 0.00000 0.00490 0.00000 ( 1)
 206 A   0.99562 0.00000 0.00438 0.00000 ( 1)
 207 C   0.99744 0.00000 0.00256 0.00000 ( 1)
 208 G   0.99402 0.00000 0.00598 0.00000 ( 1)
 209 T   0.99559 0.00000 0.00441 0.00000 ( 1)
 210 D   0.99726 0.00000 0.00274 0.00000 ( 1)
 211 Y   0.99579 0.00000 0.00421 0.00000 ( 1)
 212 L   0.99626 0.00000 0.00374 0.00000 ( 1)
 213 S   0.00000 0.96659 0.00000 0.03341 ( 2)
 214 K   0.99722 0.00000 0.00278 0.00000 ( 1)
 215 D   0.87488 0.00000 0.12512 0.00000 ( 1)
 216 L   0.99608 0.00000 0.00392 0.00000 ( 1)
 217 L   0.00000 0.98145 0.00000 0.01855 ( 2)
 218 S   0.99783 0.00000 0.00217 0.00000 ( 1)
 219 Q   0.98491 0.00000 0.01509 0.00000 ( 1)
 220 I   0.99633 0.00000 0.00367 0.00000 ( 1)
 221 Y   0.99700 0.00000 0.00300 0.00000 ( 1)
 222 I   0.99665 0.00000 0.00335 0.00000 ( 1)
 223 I   0.99708 0.00000 0.00292 0.00000 ( 1)
 224 T   0.99410 0.00000 0.00590 0.00000 ( 1)
 225 Y   0.99697 0.00000 0.00303 0.00000 ( 1)
 226 S   0.99367 0.00000 0.00633 0.00000 ( 1)
 227 I   0.99555 0.00000 0.00445 0.00000 ( 1)
 228 A   0.99716 0.00000 0.00284 0.00000 ( 1)
 229 C   0.99563 0.00000 0.00437 0.00000 ( 1)
 230 Y   0.99700 0.00000 0.00300 0.00000 ( 1)
 231 F   0.99612 0.00000 0.00388 0.00000 ( 1)
 232 L   0.00000 0.98935 0.00000 0.01065 ( 2)
 233 P   0.99589 0.00000 0.00411 0.00000 ( 1)
 234 L   0.99428 0.00000 0.00572 0.00000 ( 1)
 235 A   0.99599 0.00000 0.00401 0.00000 ( 1)
 236 L   0.99679 0.00000 0.00321 0.00000 ( 1)
 237 I   0.99660 0.00000 0.00340 0.00000 ( 1)
 238 V   0.99606 0.00000 0.00394 0.00000 ( 1)
 239 Y   0.99699 0.00000 0.00301 0.00000 ( 1)
 240 S   0.99617 0.00000 0.00383 0.00000 ( 1)
 241 Y   0.99699 0.00000 0.00301 0.00000 ( 1)
 242 F   0.99718 0.00000 0.00282 0.00000 ( 1)
 243 F   0.99718 0.00000 0.00282 0.00000 ( 1)
 244 I   0.99628 0.00000 0.00372 0.00000 ( 1)
 245 V   0.99488 0.00000 0.00512 0.00000 ( 1)
 246 Q   0.99588 0.00000 0.00412 0.00000 ( 1)
 247 A   0.99523 0.00000 0.00477 0.00000 ( 1)
 248 V   0.99403 0.00000 0.00597 0.00000 ( 1)
 249 A   0.99493 0.00000 0.00507 0.00000 ( 1)
 250 A   0.99414 0.00000 0.00586 0.00000 ( 1)
 251 H   0.99756 0.00000 0.00244 0.00000 ( 1)
 252 E   0.99645 0.00000 0.00355 0.00000 ( 1)
 253 K   0.99558 0.00000 0.00442 0.00000 ( 1)
 254 A   0.70183 0.00000 0.29817 0.00000 ( 1)
 255 M   0.99801 0.00000 0.00199 0.00000 ( 1)
 256 R   0.99726 0.00000 0.00274 0.00000 ( 1)
 257 E   0.99639 0.00000 0.00361 0.00000 ( 1)
 258 Q   0.99564 0.00000 0.00436 0.00000 ( 1)
 259 A   0.99600 0.00000 0.00400 0.00000 ( 1)
 260 K   0.99721 0.00000 0.00279 0.00000 ( 1)
 261 K   0.99712 0.00000 0.00288 0.00000 ( 1)
 262 M   0.99801 0.00000 0.00199 0.00000 ( 1)
 263 N   0.99743 0.00000 0.00257 0.00000 ( 1)
 264 V   0.99550 0.00000 0.00450 0.00000 ( 1)
 265 A   0.99521 0.00000 0.00479 0.00000 ( 1)
 266 S   0.99547 0.00000 0.00453 0.00000 ( 1)
 267 L   0.99702 0.00000 0.00298 0.00000 ( 1)
 268 R   0.99720 0.00000 0.00280 0.00000 ( 1)
 269 S   0.99299 0.00000 0.00701 0.00000 ( 1)
 270 S   0.70208 0.00000 0.29792 0.00000 ( 1)
 271 E   0.99632 0.00000 0.00368 0.00000 ( 1)
 272 Q   0.99563 0.00000 0.00437 0.00000 ( 1)
 273 A   0.72374 0.00000 0.27626 0.00000 ( 1)
 274 N   0.99757 0.00000 0.00243 0.00000 ( 1)
 275 T   0.99438 0.00000 0.00562 0.00000 ( 1)
 276 S   0.99635 0.00000 0.00365 0.00000 ( 1)
 277 A   0.99598 0.00000 0.00402 0.00000 ( 1)
 278 E   0.99660 0.00000 0.00340 0.00000 ( 1)
 279 C   0.99591 0.00000 0.00409 0.00000 ( 1)
 280 K   0.99635 0.00000 0.00365 0.00000 ( 1)
 281 L   0.99395 0.00000 0.00605 0.00000 ( 1)
 282 A   0.99581 0.00000 0.00419 0.00000 ( 1)
 283 K   0.99722 0.00000 0.00278 0.00000 ( 1)
 284 V   0.99498 0.00000 0.00502 0.00000 ( 1)
 285 A   0.99520 0.00000 0.00480 0.00000 ( 1)
 286 L   0.98940 0.00000 0.01060 0.00000 ( 1)
 287 M   0.99801 0.00000 0.00199 0.00000 ( 1)
 288 T   0.99595 0.00000 0.00405 0.00000 ( 1)
 289 I   0.99649 0.00000 0.00351 0.00000 ( 1)
 290 S   0.99638 0.00000 0.00362 0.00000 ( 1)
 291 L   0.99070 0.00000 0.00930 0.00000 ( 1)
 292 W   0.99608 0.00000 0.00392 0.00000 ( 1)
 293 F   0.99713 0.00000 0.00287 0.00000 ( 1)
 294 M   0.99801 0.00000 0.00199 0.00000 ( 1)
 295 A   0.99548 0.00000 0.00452 0.00000 ( 1)
 296 W   0.99608 0.00000 0.00392 0.00000 ( 1)
 297 T   0.99592 0.00000 0.00408 0.00000 ( 1)
 298 P   0.99615 0.00000 0.00385 0.00000 ( 1)
 299 Y   0.99699 0.00000 0.00301 0.00000 ( 1)
 300 L   0.99647 0.00000 0.00353 0.00000 ( 1)
 301 V   0.99532 0.00000 0.00468 0.00000 ( 1)
 302 I   0.99671 0.00000 0.00329 0.00000 ( 1)
 303 N   0.99757 0.00000 0.00243 0.00000 ( 1)
 304 F   0.99697 0.00000 0.00303 0.00000 ( 1)
 305 A   0.99598 0.00000 0.00402 0.00000 ( 1)
 306 G   0.99376 0.00000 0.00624 0.00000 ( 1)
 307 V   0.99521 0.00000 0.00479 0.00000 ( 1)
 308 F   0.99718 0.00000 0.00282 0.00000 ( 1)
 309 E   0.99716 0.00000 0.00284 0.00000 ( 1)
 310 T   0.99643 0.00000 0.00357 0.00000 ( 1)
 311 A   0.99511 0.00000 0.00489 0.00000 ( 1)
 312 P   0.99721 0.00000 0.00279 0.00000 ( 1)
 313 I   0.99671 0.00000 0.00329 0.00000 ( 1)
 314 S   0.99782 0.00000 0.00218 0.00000 ( 1)
 315 P   0.99589 0.00000 0.00411 0.00000 ( 1)
 316 L   0.99419 0.00000 0.00581 0.00000 ( 1)
 317 S   0.99545 0.00000 0.00455 0.00000 ( 1)
 318 T   0.99646 0.00000 0.00354 0.00000 ( 1)
 319 I   0.99604 0.00000 0.00396 0.00000 ( 1)
 320 W   0.99608 0.00000 0.00392 0.00000 ( 1)
 321 G   0.99587 0.00000 0.00413 0.00000 ( 1)
 322 S   0.99529 0.00000 0.00471 0.00000 ( 1)
 323 V   0.95085 0.00000 0.04915 0.00000 ( 1)
 324 F   0.99717 0.00000 0.00283 0.00000 ( 1)
 325 A   0.99472 0.00000 0.00528 0.00000 ( 1)
 326 K   0.99722 0.00000 0.00278 0.00000 ( 1)
 327 A   0.99600 0.00000 0.00400 0.00000 ( 1)
 328 N   0.99729 0.00000 0.00271 0.00000 ( 1)
 329 A   0.99577 0.00000 0.00423 0.00000 ( 1)
 330 V   0.99557 0.00000 0.00443 0.00000 ( 1)
 331 Y   0.99700 0.00000 0.00300 0.00000 ( 1)
 332 N   0.99653 0.00000 0.00347 0.00000 ( 1)
 333 P   0.99698 0.00000 0.00302 0.00000 ( 1)
 334 I   0.99620 0.00000 0.00380 0.00000 ( 1)
 335 V   0.99434 0.00000 0.00566 0.00000 ( 1)
 336 Y   0.99623 0.00000 0.00377 0.00000 ( 1)
 337 G   0.99725 0.00000 0.00275 0.00000 ( 1)
 338 I   0.99671 0.00000 0.00329 0.00000 ( 1)
 339 S   0.99635 0.00000 0.00365 0.00000 ( 1)
 340 H   0.99629 0.00000 0.00371 0.00000 ( 1)
 341 P   0.99428 0.00000 0.00572 0.00000 ( 1)
 342 K   0.99664 0.00000 0.00336 0.00000 ( 1)
 343 Y   0.99699 0.00000 0.00301 0.00000 ( 1)
 344 R   0.98878 0.00000 0.01122 0.00000 ( 1)
 345 A   0.01877 0.00000 0.98123 0.00000 ( 3)
 346 A   0.99513 0.00000 0.00487 0.00000 ( 1)
 347 L   0.99662 0.00000 0.00338 0.00000 ( 1)
 348 Y   0.99700 0.00000 0.00300 0.00000 ( 1)
 349 Q   0.99581 0.00000 0.00419 0.00000 ( 1)
 350 R   0.99692 0.00000 0.00308 0.00000 ( 1)
 351 F   0.99718 0.00000 0.00282 0.00000 ( 1)
 352 P   0.99584 0.00000 0.00416 0.00000 ( 1)
 353 S   0.99538 0.00000 0.00462 0.00000 ( 1)
 354 L   0.99471 0.00000 0.00529 0.00000 ( 1)
 355 A   0.99420 0.00000 0.00580 0.00000 ( 1)
 356 C   0.99733 0.00000 0.00267 0.00000 ( 1)
 357 Q   0.88372 0.00000 0.11628 0.00000 ( 1)
 358 P   0.03285 0.00001 0.96713 0.00000 ( 3)
 359 S   0.73816 0.00000 0.26184 0.00000 ( 1)
 360 P   0.99503 0.00000 0.00497 0.00000 ( 1)
 361 E   0.95158 0.00000 0.04842 0.00000 ( 1)
 362 E   0.99024 0.00000 0.00976 0.00000 ( 1)
 363 T   0.00000 0.97634 0.00000 0.02366 ( 2)
 364 G   0.99382 0.00000 0.00618 0.00000 ( 1)
 365 S   0.99549 0.00000 0.00451 0.00000 ( 1)
 366 V   0.83650 0.00000 0.16350 0.00000 ( 1)
 367 A   0.99530 0.00000 0.00470 0.00000 ( 1)
 368 S   0.99609 0.00000 0.00391 0.00000 ( 1)
 369 A   0.99605 0.00000 0.00395 0.00000 ( 1)
 370 A   0.96828 0.00000 0.03172 0.00000 ( 1)
 371 T   0.99615 0.00000 0.00385 0.00000 ( 1)
 372 A   0.08698 0.00000 0.91302 0.00000 ( 3)
 373 C   0.99265 0.00000 0.00735 0.00000 ( 1)
 374 T   0.99416 0.00000 0.00584 0.00000 ( 1)
 375 E   0.99504 0.00000 0.00496 0.00000 ( 1)
 376 E   0.99715 0.00000 0.00285 0.00000 ( 1)
 377 K   0.99627 0.00000 0.00373 0.00000 ( 1)
 378 P   0.99549 0.00000 0.00451 0.00000 ( 1)
 379 S   0.99518 0.00000 0.00482 0.00000 ( 1)
 380 A   0.99551 0.00000 0.00449 0.00000 ( 1)

