Supplemental results for CODEML (seqf: align.fa  treef: tree.nwk)


MLEs of dN/dS (w) for site classes (K=4)

site class             0        1       2a       2b
proportion       0.87894  0.03481  0.08297  0.00329
background w     0.04008  1.00000  0.04008  1.00000
foreground w     0.04008  1.00000  1.86506  1.86506

Naive Empirical Bayes (NEB) probabilities for 4 classes
(amino acids refer to 1st sequence: ColCroc)

   1 M   0.91374 0.00000 0.08626 0.00000 ( 1)
   2 D   0.91374 0.00000 0.08626 0.00000 ( 1)
   3 R   0.00000 0.91374 0.00000 0.08626 ( 2)
   4 T   0.91374 0.00000 0.08626 0.00000 ( 1)
   5 E   0.91374 0.00000 0.08626 0.00000 ( 1)
   6 Y   0.00000 0.91374 0.00000 0.08626 ( 2)
   7 Y   0.78955 0.12419 0.07453 0.01172 ( 1)
   8 I   0.00000 0.91374 0.00000 0.08626 ( 2)
   9 Y   0.00017 0.91357 0.00002 0.08624 ( 2)
  10 G   0.91374 0.00000 0.08626 0.00000 ( 1)
  11 A   0.91374 0.00000 0.08626 0.00000 ( 1)
  12 Y   0.91374 0.00000 0.08626 0.00000 ( 1)
  13 F   0.91374 0.00000 0.08626 0.00000 ( 1)
  14 A   0.91374 0.00000 0.08626 0.00000 ( 1)
  15 P   0.91374 0.00000 0.08626 0.00000 ( 1)
  16 L   0.91374 0.00000 0.08626 0.00000 ( 1)
  17 R   0.91374 0.00000 0.08626 0.00000 ( 1)
  18 S   0.91374 0.00000 0.08626 0.00000 ( 1)
  19 G   0.00000 0.91374 0.00000 0.08626 ( 2)
  20 G   0.00000 0.91374 0.00000 0.08626 ( 2)
  21 E   0.91374 0.00000 0.08626 0.00000 ( 1)
  22 R   0.91374 0.00000 0.08626 0.00000 ( 1)
  23 M   0.91374 0.00000 0.08626 0.00000 ( 1)
  24 L   0.91374 0.00000 0.08626 0.00000 ( 1)
  25 G   0.91374 0.00000 0.08626 0.00000 ( 1)
  26 E   0.91374 0.00000 0.08626 0.00000 ( 1)
  27 G   0.91374 0.00000 0.08626 0.00000 ( 1)
  28 L   0.91374 0.00000 0.08626 0.00000 ( 1)
  29 T   0.91374 0.00000 0.08626 0.00000 ( 1)
  30 G   0.91374 0.00000 0.08626 0.00000 ( 1)
  31 E   0.91374 0.00000 0.08626 0.00000 ( 1)
  32 D   0.91374 0.00000 0.08626 0.00000 ( 1)
  33 L   0.91374 0.00000 0.08626 0.00000 ( 1)
  34 A   0.91374 0.00000 0.08626 0.00000 ( 1)
  35 M   0.91374 0.00000 0.08626 0.00000 ( 1)
  36 I   0.91374 0.00000 0.08626 0.00000 ( 1)
  37 P   0.91374 0.00000 0.08626 0.00000 ( 1)
  38 E   0.91374 0.00000 0.08626 0.00000 ( 1)
  39 H   0.91374 0.00000 0.08626 0.00000 ( 1)
  40 W   0.91374 0.00000 0.08626 0.00000 ( 1)
  41 F   0.91374 0.00000 0.08626 0.00000 ( 1)
  42 K   0.00004 0.91371 0.00000 0.08625 ( 2)
  43 Y   0.91374 0.00000 0.08626 0.00000 ( 1)
  44 P   0.91374 0.00000 0.08626 0.00000 ( 1)
  45 E   0.91374 0.00000 0.08626 0.00000 ( 1)
  46 P   0.91374 0.00000 0.08626 0.00000 ( 1)
  47 P   0.91374 0.00000 0.08626 0.00000 ( 1)
  48 A   0.91374 0.00000 0.08626 0.00000 ( 1)
  49 S   0.91374 0.00000 0.08626 0.00000 ( 1)
  50 A   0.91374 0.00000 0.08626 0.00000 ( 1)
  51 H   0.91374 0.00000 0.08626 0.00000 ( 1)
  52 T   0.91374 0.00000 0.08626 0.00000 ( 1)
  53 A   0.91374 0.00000 0.08626 0.00000 ( 1)
  54 L   0.91374 0.00000 0.08626 0.00000 ( 1)
  55 C   0.91374 0.00000 0.08626 0.00000 ( 1)
  56 L   0.91374 0.00000 0.08626 0.00000 ( 1)
  57 L   0.91374 0.00000 0.08626 0.00000 ( 1)
  58 Y   0.91374 0.00000 0.08626 0.00000 ( 1)
  59 C   0.91248 0.00127 0.08614 0.00012 ( 1)
  60 F   0.91374 0.00000 0.08626 0.00000 ( 1)
  61 F   0.91374 0.00000 0.08626 0.00000 ( 1)
  62 T   0.91374 0.00000 0.08626 0.00000 ( 1)
  63 A   0.91374 0.00000 0.08626 0.00000 ( 1)
  64 A   0.91374 0.00000 0.08626 0.00000 ( 1)
  65 A   0.91374 0.00000 0.08626 0.00000 ( 1)
  66 L   0.91374 0.00000 0.08626 0.00000 ( 1)
  67 I   0.91374 0.00000 0.08626 0.00000 ( 1)
  68 G   0.91374 0.00000 0.08626 0.00000 ( 1)
  69 N   0.91374 0.00000 0.08626 0.00000 ( 1)
  70 G   0.91374 0.00000 0.08626 0.00000 ( 1)
  71 M   0.91374 0.00000 0.08626 0.00000 ( 1)
  72 V   0.91374 0.00000 0.08626 0.00000 ( 1)
  73 I   0.91374 0.00000 0.08626 0.00000 ( 1)
  74 F   0.91374 0.00000 0.08626 0.00000 ( 1)
  75 I   0.91374 0.00000 0.08626 0.00000 ( 1)
  76 F   0.91374 0.00000 0.08626 0.00000 ( 1)
  77 A   0.91374 0.00000 0.08626 0.00000 ( 1)
  78 S   0.91374 0.00000 0.08626 0.00000 ( 1)
  79 T   0.91374 0.00000 0.08626 0.00000 ( 1)
  80 K   0.91374 0.00000 0.08626 0.00000 ( 1)
  81 S   0.91374 0.00000 0.08626 0.00000 ( 1)
  82 L   0.91374 0.00000 0.08626 0.00000 ( 1)
  83 R   0.91374 0.00000 0.08626 0.00000 ( 1)
  84 T   0.91374 0.00000 0.08626 0.00000 ( 1)
  85 A   0.91374 0.00000 0.08626 0.00000 ( 1)
  86 S   0.91374 0.00000 0.08626 0.00000 ( 1)
  87 N   0.91374 0.00000 0.08626 0.00000 ( 1)
  88 L   0.91374 0.00000 0.08626 0.00000 ( 1)
  89 L   0.91374 0.00000 0.08626 0.00000 ( 1)
  90 I   0.91374 0.00000 0.08626 0.00000 ( 1)
  91 L   0.91374 0.00000 0.08626 0.00000 ( 1)
  92 N   0.91374 0.00000 0.08626 0.00000 ( 1)
  93 L   0.91374 0.00000 0.08626 0.00000 ( 1)
  94 A   0.91374 0.00000 0.08626 0.00000 ( 1)
  95 I   0.91374 0.00000 0.08626 0.00000 ( 1)
  96 F   0.91374 0.00000 0.08626 0.00000 ( 1)
  97 D   0.91374 0.00000 0.08626 0.00000 ( 1)
  98 F   0.91374 0.00000 0.08626 0.00000 ( 1)
  99 I   0.91374 0.00000 0.08626 0.00000 ( 1)
 100 M   0.91374 0.00000 0.08626 0.00000 ( 1)
 101 M   0.91374 0.00000 0.08626 0.00000 ( 1)
 102 L   0.91374 0.00000 0.08626 0.00000 ( 1)
 103 K   0.91374 0.00000 0.08626 0.00000 ( 1)
 104 A   0.91374 0.00000 0.08626 0.00000 ( 1)
 105 P   0.91374 0.00000 0.08626 0.00000 ( 1)
 106 I   0.91374 0.00000 0.08626 0.00000 ( 1)
 107 F   0.91374 0.00000 0.08626 0.00000 ( 1)
 108 I   0.91374 0.00000 0.08626 0.00000 ( 1)
 109 Y   0.91374 0.00000 0.08626 0.00000 ( 1)
 110 N   0.91374 0.00000 0.08626 0.00000 ( 1)
 111 S   0.91374 0.00000 0.08626 0.00000 ( 1)
 112 A   0.91374 0.00000 0.08626 0.00000 ( 1)
 113 M   0.91374 0.00000 0.08626 0.00000 ( 1)
 114 R   0.91374 0.00000 0.08626 0.00000 ( 1)
 115 G   0.91374 0.00000 0.08626 0.00000 ( 1)
 116 F   0.91374 0.00000 0.08626 0.00000 ( 1)
 117 A   0.91374 0.00000 0.08626 0.00000 ( 1)
 118 A   0.00000 0.91374 0.00000 0.08626 ( 2)
 119 G   0.91374 0.00000 0.08626 0.00000 ( 1)
 120 A   0.91374 0.00000 0.08626 0.00000 ( 1)
 121 L   0.00000 0.91374 0.00000 0.08626 ( 2)
 122 W   0.91374 0.00000 0.08626 0.00000 ( 1)
 123 C   0.91374 0.00000 0.08626 0.00000 ( 1)
 124 K   0.91374 0.00000 0.08626 0.00000 ( 1)
 125 I   0.91374 0.00000 0.08626 0.00000 ( 1)
 126 F   0.91374 0.00000 0.08626 0.00000 ( 1)
 127 A   0.91374 0.00000 0.08626 0.00000 ( 1)
 128 V   0.91374 0.00000 0.08626 0.00000 ( 1)
 129 M   0.91374 0.00000 0.08626 0.00000 ( 1)
 130 G   0.91374 0.00000 0.08626 0.00000 ( 1)
 131 S   0.91374 0.00000 0.08626 0.00000 ( 1)
 132 Y   0.91374 0.00000 0.08626 0.00000 ( 1)
 133 S   0.91374 0.00000 0.08626 0.00000 ( 1)
 134 G   0.91374 0.00000 0.08626 0.00000 ( 1)
 135 I   0.91374 0.00000 0.08626 0.00000 ( 1)
 136 G   0.91374 0.00000 0.08626 0.00000 ( 1)
 137 A   0.91374 0.00000 0.08626 0.00000 ( 1)
 138 A   0.91374 0.00000 0.08626 0.00000 ( 1)
 139 M   0.91374 0.00000 0.08626 0.00000 ( 1)
 140 T   0.91374 0.00000 0.08626 0.00000 ( 1)
 141 N   0.91374 0.00000 0.08626 0.00000 ( 1)
 142 A   0.91374 0.00000 0.08626 0.00000 ( 1)
 143 C   0.91374 0.00000 0.08626 0.00000 ( 1)
 144 I   0.91374 0.00000 0.08626 0.00000 ( 1)
 145 A   0.91374 0.00000 0.08626 0.00000 ( 1)
 146 Y   0.91374 0.00000 0.08626 0.00000 ( 1)
 147 D   0.91374 0.00000 0.08626 0.00000 ( 1)
 148 R   0.91374 0.00000 0.08626 0.00000 ( 1)
 149 H   0.91374 0.00000 0.08626 0.00000 ( 1)
 150 S   0.91374 0.00000 0.08626 0.00000 ( 1)
 151 T   0.91374 0.00000 0.08626 0.00000 ( 1)
 152 I   0.91374 0.00000 0.08626 0.00000 ( 1)
 153 T   0.91374 0.00000 0.08626 0.00000 ( 1)
 154 R   0.91374 0.00000 0.08626 0.00000 ( 1)
 155 P   0.91374 0.00000 0.08626 0.00000 ( 1)
 156 L   0.91374 0.00000 0.08626 0.00000 ( 1)
 157 D   0.91374 0.00000 0.08626 0.00000 ( 1)
 158 G   0.91374 0.00000 0.08626 0.00000 ( 1)
 159 R   0.91374 0.00000 0.08626 0.00000 ( 1)
 160 L   0.91374 0.00000 0.08626 0.00000 ( 1)
 161 S   0.91374 0.00000 0.08626 0.00000 ( 1)
 162 R   0.91374 0.00000 0.08626 0.00000 ( 1)
 163 G   0.91374 0.00000 0.08626 0.00000 ( 1)
 164 K   0.91374 0.00000 0.08626 0.00000 ( 1)
 165 V   0.91374 0.00000 0.08626 0.00000 ( 1)
 166 L   0.91374 0.00000 0.08626 0.00000 ( 1)
 167 L   0.91374 0.00000 0.08626 0.00000 ( 1)
 168 M   0.91374 0.00000 0.08626 0.00000 ( 1)
 169 I   0.91374 0.00000 0.08626 0.00000 ( 1)
 170 I   0.91374 0.00000 0.08626 0.00000 ( 1)
 171 C   0.91374 0.00000 0.08626 0.00000 ( 1)
 172 I   0.91374 0.00000 0.08626 0.00000 ( 1)
 173 W   0.91374 0.00000 0.08626 0.00000 ( 1)
 174 I   0.91374 0.00000 0.08626 0.00000 ( 1)
 175 Y   0.91374 0.00000 0.08626 0.00000 ( 1)
 176 T   0.91374 0.00000 0.08626 0.00000 ( 1)
 177 T   0.91374 0.00000 0.08626 0.00000 ( 1)
 178 P   0.91374 0.00000 0.08626 0.00000 ( 1)
 179 W   0.91374 0.00000 0.08626 0.00000 ( 1)
 180 S   0.91374 0.00000 0.08626 0.00000 ( 1)
 181 L   0.91374 0.00000 0.08626 0.00000 ( 1)
 182 M   0.91374 0.00000 0.08626 0.00000 ( 1)
 183 P   0.91374 0.00000 0.08626 0.00000 ( 1)
 184 L   0.91374 0.00000 0.08626 0.00000 ( 1)
 185 F   0.91374 0.00000 0.08626 0.00000 ( 1)
 186 R   0.91374 0.00000 0.08626 0.00000 ( 1)
 187 V   0.91374 0.00000 0.08626 0.00000 ( 1)
 188 W   0.91374 0.00000 0.08626 0.00000 ( 1)
 189 G   0.91374 0.00000 0.08626 0.00000 ( 1)
 190 R   0.91374 0.00000 0.08626 0.00000 ( 1)
 191 F   0.91374 0.00000 0.08626 0.00000 ( 1)
 192 V   0.91374 0.00000 0.08626 0.00000 ( 1)
 193 P   0.91374 0.00000 0.08626 0.00000 ( 1)
 194 E   0.91374 0.00000 0.08626 0.00000 ( 1)
 195 G   0.91374 0.00000 0.08626 0.00000 ( 1)
 196 Y   0.91374 0.00000 0.08626 0.00000 ( 1)
 197 L   0.91374 0.00000 0.08626 0.00000 ( 1)
 198 T   0.91374 0.00000 0.08626 0.00000 ( 1)
 199 S   0.91374 0.00000 0.08626 0.00000 ( 1)
 200 C   0.91374 0.00000 0.08626 0.00000 ( 1)
 201 T   0.91374 0.00000 0.08626 0.00000 ( 1)
 202 F   0.91374 0.00000 0.08626 0.00000 ( 1)
 203 D   0.91374 0.00000 0.08626 0.00000 ( 1)
 204 Y   0.91374 0.00000 0.08626 0.00000 ( 1)
 205 L   0.91374 0.00000 0.08626 0.00000 ( 1)
 206 T   0.91374 0.00000 0.08626 0.00000 ( 1)
 207 N   0.91374 0.00000 0.08626 0.00000 ( 1)
 208 S   0.91374 0.00000 0.08626 0.00000 ( 1)
 209 F   0.91374 0.00000 0.08626 0.00000 ( 1)
 210 D   0.91374 0.00000 0.08626 0.00000 ( 1)
 211 N   0.91374 0.00000 0.08626 0.00000 ( 1)
 212 K   0.91374 0.00000 0.08626 0.00000 ( 1)
 213 L   0.91374 0.00000 0.08626 0.00000 ( 1)
 214 F   0.91374 0.00000 0.08626 0.00000 ( 1)
 215 V   0.91374 0.00000 0.08626 0.00000 ( 1)
 216 G   0.91374 0.00000 0.08626 0.00000 ( 1)
 217 C   0.91374 0.00000 0.08626 0.00000 ( 1)
 218 I   0.91374 0.00000 0.08626 0.00000 ( 1)
 219 F   0.91374 0.00000 0.08626 0.00000 ( 1)
 220 T   0.00000 0.91374 0.00000 0.08626 ( 2)
 221 C   0.91374 0.00000 0.08626 0.00000 ( 1)
 222 S   0.91374 0.00000 0.08626 0.00000 ( 1)
 223 Y   0.91374 0.00000 0.08626 0.00000 ( 1)
 224 V   0.91374 0.00000 0.08626 0.00000 ( 1)
 225 F   0.91374 0.00000 0.08626 0.00000 ( 1)
 226 P   0.91374 0.00000 0.08626 0.00000 ( 1)
 227 M   0.91374 0.00000 0.08626 0.00000 ( 1)
 228 L   0.91374 0.00000 0.08626 0.00000 ( 1)
 229 C   0.91374 0.00000 0.08626 0.00000 ( 1)
 230 I   0.91374 0.00000 0.08626 0.00000 ( 1)
 231 I   0.91374 0.00000 0.08626 0.00000 ( 1)
 232 Y   0.91374 0.00000 0.08626 0.00000 ( 1)
 233 F   0.91374 0.00000 0.08626 0.00000 ( 1)
 234 Y   0.91374 0.00000 0.08626 0.00000 ( 1)
 235 S   0.91374 0.00000 0.08626 0.00000 ( 1)
 236 G   0.91374 0.00000 0.08626 0.00000 ( 1)
 237 I   0.91374 0.00000 0.08626 0.00000 ( 1)
 238 V   0.91374 0.00000 0.08626 0.00000 ( 1)
 239 K   0.91374 0.00000 0.08626 0.00000 ( 1)
 240 Q   0.91374 0.00000 0.08626 0.00000 ( 1)
 241 V   0.91374 0.00000 0.08626 0.00000 ( 1)
 242 F   0.91374 0.00000 0.08626 0.00000 ( 1)
 243 A   0.91374 0.00000 0.08626 0.00000 ( 1)
 244 H   0.91374 0.00000 0.08626 0.00000 ( 1)
 245 E   0.91374 0.00000 0.08626 0.00000 ( 1)
 246 A   0.91374 0.00000 0.08626 0.00000 ( 1)
 247 A   0.91374 0.00000 0.08626 0.00000 ( 1)
 248 L   0.91374 0.00000 0.08626 0.00000 ( 1)
 249 R   0.91374 0.00000 0.08626 0.00000 ( 1)
 250 E   0.91374 0.00000 0.08626 0.00000 ( 1)
 251 Q   0.91374 0.00000 0.08626 0.00000 ( 1)
 252 A   0.91374 0.00000 0.08626 0.00000 ( 1)
 253 K   0.91374 0.00000 0.08626 0.00000 ( 1)
 254 K   0.91374 0.00000 0.08626 0.00000 ( 1)
 255 M   0.91374 0.00000 0.08626 0.00000 ( 1)
 256 N   0.91374 0.00000 0.08626 0.00000 ( 1)
 257 V   0.91374 0.00000 0.08626 0.00000 ( 1)
 258 E   0.91374 0.00000 0.08626 0.00000 ( 1)
 259 S   0.91374 0.00000 0.08626 0.00000 ( 1)
 260 L   0.91374 0.00000 0.08626 0.00000 ( 1)
 261 R   0.91374 0.00000 0.08626 0.00000 ( 1)
 262 S   0.91374 0.00000 0.08626 0.00000 ( 1)
 263 N   0.91374 0.00000 0.08626 0.00000 ( 1)
 264 Q   0.91374 0.00000 0.08626 0.00000 ( 1)
 265 N   0.91374 0.00000 0.08626 0.00000 ( 1)
 266 A   0.91374 0.00000 0.08626 0.00000 ( 1)
 267 G   0.00500 0.90875 0.00047 0.08578 ( 2)
 268 A   0.91374 0.00000 0.08626 0.00000 ( 1)
 269 E   0.91374 0.00000 0.08626 0.00000 ( 1)
 270 S   0.91374 0.00000 0.08626 0.00000 ( 1)
 271 A   0.91374 0.00000 0.08626 0.00000 ( 1)
 272 E   0.91374 0.00000 0.08626 0.00000 ( 1)
 273 I   0.91374 0.00000 0.08626 0.00000 ( 1)
 274 R   0.91374 0.00000 0.08626 0.00000 ( 1)
 275 I   0.91374 0.00000 0.08626 0.00000 ( 1)
 276 A   0.91374 0.00000 0.08626 0.00000 ( 1)
 277 K   0.91374 0.00000 0.08626 0.00000 ( 1)
 278 A   0.91374 0.00000 0.08626 0.00000 ( 1)
 279 A   0.91374 0.00000 0.08626 0.00000 ( 1)
 280 L   0.91374 0.00000 0.08626 0.00000 ( 1)
 281 T   0.91374 0.00000 0.08626 0.00000 ( 1)
 282 V   0.91374 0.00000 0.08626 0.00000 ( 1)
 283 C   0.91374 0.00000 0.08626 0.00000 ( 1)
 284 F   0.91374 0.00000 0.08626 0.00000 ( 1)
 285 L   0.91374 0.00000 0.08626 0.00000 ( 1)
 286 F   0.91374 0.00000 0.08626 0.00000 ( 1)
 287 V   0.91374 0.00000 0.08626 0.00000 ( 1)
 288 A   0.91374 0.00000 0.08626 0.00000 ( 1)
 289 S   0.91374 0.00000 0.08626 0.00000 ( 1)
 290 W   0.91374 0.00000 0.08626 0.00000 ( 1)
 291 T   0.91374 0.00000 0.08626 0.00000 ( 1)
 292 P   0.91374 0.00000 0.08626 0.00000 ( 1)
 293 Y   0.91374 0.00000 0.08626 0.00000 ( 1)
 294 G   0.91374 0.00000 0.08626 0.00000 ( 1)
 295 V   0.91374 0.00000 0.08626 0.00000 ( 1)
 296 M   0.91374 0.00000 0.08626 0.00000 ( 1)
 297 S   0.91374 0.00000 0.08626 0.00000 ( 1)
 298 L   0.91374 0.00000 0.08626 0.00000 ( 1)
 299 I   0.91374 0.00000 0.08626 0.00000 ( 1)
 300 G   0.91374 0.00000 0.08626 0.00000 ( 1)
 301 A   0.91374 0.00000 0.08626 0.00000 ( 1)
 302 F   0.91374 0.00000 0.08626 0.00000 ( 1)
 303 G   0.91374 0.00000 0.08626 0.00000 ( 1)
 304 D   0.91374 0.00000 0.08626 0.00000 ( 1)
 305 Q   0.91374 0.00000 0.08626 0.00000 ( 1)
 306 E   0.91370 0.00005 0.08625 0.00000 ( 1)
 307 L   0.91374 0.00000 0.08626 0.00000 ( 1)
 308 L   0.91374 0.00000 0.08626 0.00000 ( 1)
 309 T   0.91374 0.00000 0.08626 0.00000 ( 1)
 310 P   0.91374 0.00000 0.08626 0.00000 ( 1)
 311 G   0.91374 0.00000 0.08626 0.00000 ( 1)
 312 V   0.91374 0.00000 0.08626 0.00000 ( 1)
 313 T   0.91374 0.00000 0.08626 0.00000 ( 1)
 314 M   0.91374 0.00000 0.08626 0.00000 ( 1)
 315 I   0.91374 0.00000 0.08626 0.00000 ( 1)
 316 P   0.91374 0.00000 0.08626 0.00000 ( 1)
 317 A   0.91374 0.00000 0.08626 0.00000 ( 1)
 318 I   0.91374 0.00000 0.08626 0.00000 ( 1)
 319 T   0.91374 0.00000 0.08626 0.00000 ( 1)
 320 C   0.91374 0.00000 0.08626 0.00000 ( 1)
 321 K   0.91374 0.00000 0.08626 0.00000 ( 1)
 322 A   0.91374 0.00000 0.08626 0.00000 ( 1)
 323 V   0.91374 0.00000 0.08626 0.00000 ( 1)
 324 A   0.91374 0.00000 0.08626 0.00000 ( 1)
 325 C   0.91374 0.00000 0.08626 0.00000 ( 1)
 326 I   0.91374 0.00000 0.08626 0.00000 ( 1)
 327 D   0.91374 0.00000 0.08626 0.00000 ( 1)
 328 P   0.91374 0.00000 0.08626 0.00000 ( 1)
 329 W   0.91374 0.00000 0.08626 0.00000 ( 1)
 330 V   0.91374 0.00000 0.08626 0.00000 ( 1)
 331 Y   0.91374 0.00000 0.08626 0.00000 ( 1)
 332 A   0.91374 0.00000 0.08626 0.00000 ( 1)
 333 I   0.91374 0.00000 0.08626 0.00000 ( 1)
 334 S   0.91374 0.00000 0.08626 0.00000 ( 1)
 335 H   0.91374 0.00000 0.08626 0.00000 ( 1)
 336 P   0.91374 0.00000 0.08626 0.00000 ( 1)
 337 K   0.91374 0.00000 0.08626 0.00000 ( 1)
 338 Y   0.91374 0.00000 0.08626 0.00000 ( 1)
 339 R   0.91374 0.00000 0.08626 0.00000 ( 1)
 340 Q   0.91374 0.00000 0.08626 0.00000 ( 1)
 341 E   0.91374 0.00000 0.08626 0.00000 ( 1)
 342 L   0.91374 0.00000 0.08626 0.00000 ( 1)
 343 Q   0.91374 0.00000 0.08626 0.00000 ( 1)
 344 R   0.91374 0.00000 0.08626 0.00000 ( 1)
 345 R   0.91374 0.00000 0.08626 0.00000 ( 1)
 346 M   0.91374 0.00000 0.08626 0.00000 ( 1)
 347 P   0.91374 0.00000 0.08626 0.00000 ( 1)
 348 W   0.91374 0.00000 0.08626 0.00000 ( 1)
 349 L   0.91374 0.00000 0.08626 0.00000 ( 1)
 350 Q   0.91374 0.00000 0.08626 0.00000 ( 1)
 351 I   0.91374 0.00000 0.08626 0.00000 ( 1)
 352 S   0.91374 0.00000 0.08626 0.00000 ( 1)
 353 E   0.91374 0.00000 0.08626 0.00000 ( 1)
 354 P   0.91374 0.00000 0.08626 0.00000 ( 1)
 355 D   0.91374 0.00000 0.08626 0.00000 ( 1)
 356 D   0.91374 0.00000 0.08626 0.00000 ( 1)
 357 N   0.91374 0.00000 0.08626 0.00000 ( 1)
 358 T   0.00000 0.91374 0.00000 0.08626 ( 2)
 359 S   0.91374 0.00000 0.08626 0.00000 ( 1)
 360 N   0.91374 0.00000 0.08626 0.00000 ( 1)
 361 T   0.91374 0.00000 0.08626 0.00000 ( 1)
 362 S   0.91374 0.00000 0.08626 0.00000 ( 1)
 363 N   0.91374 0.00000 0.08626 0.00000 ( 1)
 364 T   0.91374 0.00000 0.08626 0.00000 ( 1)
 365 T   0.91374 0.00000 0.08626 0.00000 ( 1)
 366 T   0.91374 0.00000 0.08626 0.00000 ( 1)
 367 N   0.91374 0.00000 0.08626 0.00000 ( 1)
 368 S   0.00000 0.91374 0.00000 0.08626 ( 2)
 369 A   0.00000 0.91374 0.00000 0.08626 ( 2)
 370 A   0.91374 0.00000 0.08626 0.00000 ( 1)
 371 P   0.91374 0.00000 0.08626 0.00000 ( 1)


lnL = -75817.968012

Bayes Empirical Bayes (BEB) probabilities for 4 classes (class)
(amino acids refer to 1st sequence: ColCroc)

   1 M   0.84294 0.00000 0.15706 0.00000 ( 1)
   2 D   0.84294 0.00000 0.15706 0.00000 ( 1)
   3 R   0.00000 0.84294 0.00000 0.15706 ( 2)
   4 T   0.84294 0.00000 0.15706 0.00000 ( 1)
   5 E   0.84294 0.00000 0.15706 0.00000 ( 1)
   6 Y   0.00000 0.84294 0.00000 0.15706 ( 2)
   7 Y   0.84279 0.00015 0.15703 0.00003 ( 1)
   8 I   0.00023 0.84270 0.00004 0.15703 ( 2)
   9 Y   0.11929 0.72365 0.01992 0.13714 ( 2)
  10 G   0.84294 0.00000 0.15706 0.00000 ( 1)
  11 A   0.84294 0.00000 0.15706 0.00000 ( 1)
  12 Y   0.84294 0.00000 0.15706 0.00000 ( 1)
  13 F   0.84294 0.00000 0.15706 0.00000 ( 1)
  14 A   0.84294 0.00000 0.15706 0.00000 ( 1)
  15 P   0.84294 0.00000 0.15706 0.00000 ( 1)
  16 L   0.84294 0.00000 0.15706 0.00000 ( 1)
  17 R   0.84294 0.00000 0.15706 0.00000 ( 1)
  18 S   0.84294 0.00000 0.15706 0.00000 ( 1)
  19 G   0.00000 0.84293 0.00000 0.15706 ( 2)
  20 G   0.00000 0.84294 0.00000 0.15706 ( 2)
  21 E   0.84294 0.00000 0.15706 0.00000 ( 1)
  22 R   0.84294 0.00000 0.15706 0.00000 ( 1)
  23 M   0.84294 0.00000 0.15706 0.00000 ( 1)
  24 L   0.84294 0.00000 0.15706 0.00000 ( 1)
  25 G   0.84294 0.00000 0.15706 0.00000 ( 1)
  26 E   0.84294 0.00000 0.15706 0.00000 ( 1)
  27 G   0.84294 0.00000 0.15706 0.00000 ( 1)
  28 L   0.84294 0.00000 0.15706 0.00000 ( 1)
  29 T   0.84294 0.00000 0.15706 0.00000 ( 1)
  30 G   0.84294 0.00000 0.15706 0.00000 ( 1)
  31 E   0.84294 0.00000 0.15706 0.00000 ( 1)
  32 D   0.84294 0.00000 0.15706 0.00000 ( 1)
  33 L   0.84294 0.00000 0.15706 0.00000 ( 1)
  34 A   0.84294 0.00000 0.15706 0.00000 ( 1)
  35 M   0.84294 0.00000 0.15706 0.00000 ( 1)
  36 I   0.84294 0.00000 0.15706 0.00000 ( 1)
  37 P   0.84294 0.00000 0.15706 0.00000 ( 1)
  38 E   0.84294 0.00000 0.15706 0.00000 ( 1)
  39 H   0.84294 0.00000 0.15706 0.00000 ( 1)
  40 W   0.84294 0.00000 0.15706 0.00000 ( 1)
  41 F   0.84294 0.00000 0.15706 0.00000 ( 1)
  42 K   0.07596 0.76697 0.01261 0.14445 ( 2)
  43 Y   0.84294 0.00000 0.15706 0.00000 ( 1)
  44 P   0.84294 0.00000 0.15706 0.00000 ( 1)
  45 E   0.84294 0.00000 0.15706 0.00000 ( 1)
  46 P   0.84294 0.00000 0.15706 0.00000 ( 1)
  47 P   0.84294 0.00000 0.15706 0.00000 ( 1)
  48 A   0.84294 0.00000 0.15706 0.00000 ( 1)
  49 S   0.84294 0.00000 0.15706 0.00000 ( 1)
  50 A   0.84294 0.00000 0.15706 0.00000 ( 1)
  51 H   0.84294 0.00000 0.15706 0.00000 ( 1)
  52 T   0.84294 0.00000 0.15706 0.00000 ( 1)
  53 A   0.84294 0.00000 0.15706 0.00000 ( 1)
  54 L   0.84294 0.00000 0.15706 0.00000 ( 1)
  55 C   0.84294 0.00000 0.15706 0.00000 ( 1)
  56 L   0.84294 0.00000 0.15706 0.00000 ( 1)
  57 L   0.84294 0.00000 0.15706 0.00000 ( 1)
  58 Y   0.84294 0.00000 0.15706 0.00000 ( 1)
  59 C   0.84294 0.00000 0.15706 0.00000 ( 1)
  60 F   0.84294 0.00000 0.15706 0.00000 ( 1)
  61 F   0.84294 0.00000 0.15706 0.00000 ( 1)
  62 T   0.84294 0.00000 0.15706 0.00000 ( 1)
  63 A   0.84294 0.00000 0.15706 0.00000 ( 1)
  64 A   0.84294 0.00000 0.15706 0.00000 ( 1)
  65 A   0.84294 0.00000 0.15706 0.00000 ( 1)
  66 L   0.84294 0.00000 0.15706 0.00000 ( 1)
  67 I   0.84294 0.00000 0.15706 0.00000 ( 1)
  68 G   0.84294 0.00000 0.15706 0.00000 ( 1)
  69 N   0.84294 0.00000 0.15706 0.00000 ( 1)
  70 G   0.84294 0.00000 0.15706 0.00000 ( 1)
  71 M   0.84294 0.00000 0.15706 0.00000 ( 1)
  72 V   0.84294 0.00000 0.15706 0.00000 ( 1)
  73 I   0.84294 0.00000 0.15706 0.00000 ( 1)
  74 F   0.84294 0.00000 0.15706 0.00000 ( 1)
  75 I   0.84294 0.00000 0.15706 0.00000 ( 1)
  76 F   0.84294 0.00000 0.15706 0.00000 ( 1)
  77 A   0.84294 0.00000 0.15706 0.00000 ( 1)
  78 S   0.84294 0.00000 0.15706 0.00000 ( 1)
  79 T   0.84294 0.00000 0.15706 0.00000 ( 1)
  80 K   0.84294 0.00000 0.15706 0.00000 ( 1)
  81 S   0.84294 0.00000 0.15706 0.00000 ( 1)
  82 L   0.84294 0.00000 0.15706 0.00000 ( 1)
  83 R   0.84294 0.00000 0.15706 0.00000 ( 1)
  84 T   0.84294 0.00000 0.15706 0.00000 ( 1)
  85 A   0.84294 0.00000 0.15706 0.00000 ( 1)
  86 S   0.84294 0.00000 0.15706 0.00000 ( 1)
  87 N   0.84294 0.00000 0.15706 0.00000 ( 1)
  88 L   0.84294 0.00000 0.15706 0.00000 ( 1)
  89 L   0.84294 0.00000 0.15706 0.00000 ( 1)
  90 I   0.84294 0.00000 0.15706 0.00000 ( 1)
  91 L   0.84294 0.00000 0.15706 0.00000 ( 1)
  92 N   0.84294 0.00000 0.15706 0.00000 ( 1)
  93 L   0.84294 0.00000 0.15706 0.00000 ( 1)
  94 A   0.84294 0.00000 0.15706 0.00000 ( 1)
  95 I   0.84294 0.00000 0.15706 0.00000 ( 1)
  96 F   0.84294 0.00000 0.15706 0.00000 ( 1)
  97 D   0.84294 0.00000 0.15706 0.00000 ( 1)
  98 F   0.84294 0.00000 0.15706 0.00000 ( 1)
  99 I   0.84294 0.00000 0.15706 0.00000 ( 1)
 100 M   0.84294 0.00000 0.15706 0.00000 ( 1)
 101 M   0.84294 0.00000 0.15706 0.00000 ( 1)
 102 L   0.84294 0.00000 0.15706 0.00000 ( 1)
 103 K   0.84294 0.00000 0.15706 0.00000 ( 1)
 104 A   0.84294 0.00000 0.15706 0.00000 ( 1)
 105 P   0.84294 0.00000 0.15706 0.00000 ( 1)
 106 I   0.84294 0.00000 0.15706 0.00000 ( 1)
 107 F   0.84294 0.00000 0.15706 0.00000 ( 1)
 108 I   0.84294 0.00000 0.15706 0.00000 ( 1)
 109 Y   0.84294 0.00000 0.15706 0.00000 ( 1)
 110 N   0.84294 0.00000 0.15706 0.00000 ( 1)
 111 S   0.84294 0.00000 0.15706 0.00000 ( 1)
 112 A   0.84294 0.00000 0.15706 0.00000 ( 1)
 113 M   0.84294 0.00000 0.15706 0.00000 ( 1)
 114 R   0.84294 0.00000 0.15706 0.00000 ( 1)
 115 G   0.84294 0.00000 0.15706 0.00000 ( 1)
 116 F   0.84294 0.00000 0.15706 0.00000 ( 1)
 117 A   0.84294 0.00000 0.15706 0.00000 ( 1)
 118 A   0.00000 0.84294 0.00000 0.15706 ( 2)
 119 G   0.84294 0.00000 0.15706 0.00000 ( 1)
 120 A   0.84294 0.00000 0.15706 0.00000 ( 1)
 121 L   0.00000 0.84294 0.00000 0.15706 ( 2)
 122 W   0.84294 0.00000 0.15706 0.00000 ( 1)
 123 C   0.84294 0.00000 0.15706 0.00000 ( 1)
 124 K   0.84294 0.00000 0.15706 0.00000 ( 1)
 125 I   0.84294 0.00000 0.15706 0.00000 ( 1)
 126 F   0.84294 0.00000 0.15706 0.00000 ( 1)
 127 A   0.84294 0.00000 0.15706 0.00000 ( 1)
 128 V   0.84294 0.00000 0.15706 0.00000 ( 1)
 129 M   0.84294 0.00000 0.15706 0.00000 ( 1)
 130 G   0.84294 0.00000 0.15706 0.00000 ( 1)
 131 S   0.84294 0.00000 0.15706 0.00000 ( 1)
 132 Y   0.84294 0.00000 0.15706 0.00000 ( 1)
 133 S   0.84294 0.00000 0.15706 0.00000 ( 1)
 134 G   0.84294 0.00000 0.15706 0.00000 ( 1)
 135 I   0.84294 0.00000 0.15706 0.00000 ( 1)
 136 G   0.84294 0.00000 0.15706 0.00000 ( 1)
 137 A   0.84294 0.00000 0.15706 0.00000 ( 1)
 138 A   0.84294 0.00000 0.15706 0.00000 ( 1)
 139 M   0.84294 0.00000 0.15706 0.00000 ( 1)
 140 T   0.84294 0.00000 0.15706 0.00000 ( 1)
 141 N   0.84294 0.00000 0.15706 0.00000 ( 1)
 142 A   0.84294 0.00000 0.15706 0.00000 ( 1)
 143 C   0.84294 0.00000 0.15706 0.00000 ( 1)
 144 I   0.84294 0.00000 0.15706 0.00000 ( 1)
 145 A   0.84294 0.00000 0.15706 0.00000 ( 1)
 146 Y   0.84294 0.00000 0.15706 0.00000 ( 1)
 147 D   0.84294 0.00000 0.15706 0.00000 ( 1)
 148 R   0.84294 0.00000 0.15706 0.00000 ( 1)
 149 H   0.84294 0.00000 0.15706 0.00000 ( 1)
 150 S   0.84294 0.00000 0.15706 0.00000 ( 1)
 151 T   0.84294 0.00000 0.15706 0.00000 ( 1)
 152 I   0.84294 0.00000 0.15706 0.00000 ( 1)
 153 T   0.84294 0.00000 0.15706 0.00000 ( 1)
 154 R   0.84294 0.00000 0.15706 0.00000 ( 1)
 155 P   0.84294 0.00000 0.15706 0.00000 ( 1)
 156 L   0.84294 0.00000 0.15706 0.00000 ( 1)
 157 D   0.84294 0.00000 0.15706 0.00000 ( 1)
 158 G   0.84294 0.00000 0.15706 0.00000 ( 1)
 159 R   0.84294 0.00000 0.15706 0.00000 ( 1)
 160 L   0.84294 0.00000 0.15706 0.00000 ( 1)
 161 S   0.84294 0.00000 0.15706 0.00000 ( 1)
 162 R   0.84294 0.00000 0.15706 0.00000 ( 1)
 163 G   0.84294 0.00000 0.15706 0.00000 ( 1)
 164 K   0.84294 0.00000 0.15706 0.00000 ( 1)
 165 V   0.84294 0.00000 0.15706 0.00000 ( 1)
 166 L   0.84294 0.00000 0.15706 0.00000 ( 1)
 167 L   0.84294 0.00000 0.15706 0.00000 ( 1)
 168 M   0.84294 0.00000 0.15706 0.00000 ( 1)
 169 I   0.84294 0.00000 0.15706 0.00000 ( 1)
 170 I   0.84294 0.00000 0.15706 0.00000 ( 1)
 171 C   0.84294 0.00000 0.15706 0.00000 ( 1)
 172 I   0.84294 0.00000 0.15706 0.00000 ( 1)
 173 W   0.84294 0.00000 0.15706 0.00000 ( 1)
 174 I   0.84294 0.00000 0.15706 0.00000 ( 1)
 175 Y   0.84294 0.00000 0.15706 0.00000 ( 1)
 176 T   0.84294 0.00000 0.15706 0.00000 ( 1)
 177 T   0.84294 0.00000 0.15706 0.00000 ( 1)
 178 P   0.84294 0.00000 0.15706 0.00000 ( 1)
 179 W   0.84294 0.00000 0.15706 0.00000 ( 1)
 180 S   0.84294 0.00000 0.15706 0.00000 ( 1)
 181 L   0.84294 0.00000 0.15706 0.00000 ( 1)
 182 M   0.84294 0.00000 0.15706 0.00000 ( 1)
 183 P   0.84294 0.00000 0.15706 0.00000 ( 1)
 184 L   0.84294 0.00000 0.15706 0.00000 ( 1)
 185 F   0.84294 0.00000 0.15706 0.00000 ( 1)
 186 R   0.84294 0.00000 0.15706 0.00000 ( 1)
 187 V   0.84294 0.00000 0.15706 0.00000 ( 1)
 188 W   0.84294 0.00000 0.15706 0.00000 ( 1)
 189 G   0.84294 0.00000 0.15706 0.00000 ( 1)
 190 R   0.84294 0.00000 0.15706 0.00000 ( 1)
 191 F   0.84294 0.00000 0.15706 0.00000 ( 1)
 192 V   0.84294 0.00000 0.15706 0.00000 ( 1)
 193 P   0.84294 0.00000 0.15706 0.00000 ( 1)
 194 E   0.84294 0.00000 0.15706 0.00000 ( 1)
 195 G   0.84294 0.00000 0.15706 0.00000 ( 1)
 196 Y   0.84294 0.00000 0.15706 0.00000 ( 1)
 197 L   0.84294 0.00000 0.15706 0.00000 ( 1)
 198 T   0.84294 0.00000 0.15706 0.00000 ( 1)
 199 S   0.84294 0.00000 0.15706 0.00000 ( 1)
 200 C   0.84294 0.00000 0.15706 0.00000 ( 1)
 201 T   0.84294 0.00000 0.15706 0.00000 ( 1)
 202 F   0.84294 0.00000 0.15706 0.00000 ( 1)
 203 D   0.84294 0.00000 0.15706 0.00000 ( 1)
 204 Y   0.84294 0.00000 0.15706 0.00000 ( 1)
 205 L   0.84294 0.00000 0.15706 0.00000 ( 1)
 206 T   0.84294 0.00000 0.15706 0.00000 ( 1)
 207 N   0.84294 0.00000 0.15706 0.00000 ( 1)
 208 S   0.84294 0.00000 0.15706 0.00000 ( 1)
 209 F   0.84294 0.00000 0.15706 0.00000 ( 1)
 210 D   0.84294 0.00000 0.15706 0.00000 ( 1)
 211 N   0.84294 0.00000 0.15706 0.00000 ( 1)
 212 K   0.84294 0.00000 0.15706 0.00000 ( 1)
 213 L   0.84294 0.00000 0.15706 0.00000 ( 1)
 214 F   0.84294 0.00000 0.15706 0.00000 ( 1)
 215 V   0.84294 0.00000 0.15706 0.00000 ( 1)
 216 G   0.84294 0.00000 0.15706 0.00000 ( 1)
 217 C   0.84294 0.00000 0.15706 0.00000 ( 1)
 218 I   0.84294 0.00000 0.15706 0.00000 ( 1)
 219 F   0.84294 0.00000 0.15706 0.00000 ( 1)
 220 T   0.00000 0.84294 0.00000 0.15706 ( 2)
 221 C   0.84294 0.00000 0.15706 0.00000 ( 1)
 222 S   0.84294 0.00000 0.15706 0.00000 ( 1)
 223 Y   0.84294 0.00000 0.15706 0.00000 ( 1)
 224 V   0.84294 0.00000 0.15706 0.00000 ( 1)
 225 F   0.84294 0.00000 0.15706 0.00000 ( 1)
 226 P   0.84294 0.00000 0.15706 0.00000 ( 1)
 227 M   0.84294 0.00000 0.15706 0.00000 ( 1)
 228 L   0.84294 0.00000 0.15706 0.00000 ( 1)
 229 C   0.84294 0.00000 0.15706 0.00000 ( 1)
 230 I   0.84294 0.00000 0.15706 0.00000 ( 1)
 231 I   0.84294 0.00000 0.15706 0.00000 ( 1)
 232 Y   0.84294 0.00000 0.15706 0.00000 ( 1)
 233 F   0.84294 0.00000 0.15706 0.00000 ( 1)
 234 Y   0.84294 0.00000 0.15706 0.00000 ( 1)
 235 S   0.84294 0.00000 0.15706 0.00000 ( 1)
 236 G   0.84294 0.00000 0.15706 0.00000 ( 1)
 237 I   0.84294 0.00000 0.15706 0.00000 ( 1)
 238 V   0.84294 0.00000 0.15706 0.00000 ( 1)
 239 K   0.84294 0.00000 0.15706 0.00000 ( 1)
 240 Q   0.84294 0.00000 0.15706 0.00000 ( 1)
 241 V   0.84294 0.00000 0.15706 0.00000 ( 1)
 242 F   0.84294 0.00000 0.15706 0.00000 ( 1)
 243 A   0.84294 0.00000 0.15706 0.00000 ( 1)
 244 H   0.84294 0.00000 0.15706 0.00000 ( 1)
 245 E   0.84294 0.00000 0.15706 0.00000 ( 1)
 246 A   0.84294 0.00000 0.15706 0.00000 ( 1)
 247 A   0.84294 0.00000 0.15706 0.00000 ( 1)
 248 L   0.84294 0.00000 0.15706 0.00000 ( 1)
 249 R   0.84294 0.00000 0.15706 0.00000 ( 1)
 250 E   0.84294 0.00000 0.15706 0.00000 ( 1)
 251 Q   0.84294 0.00000 0.15706 0.00000 ( 1)
 252 A   0.84294 0.00000 0.15706 0.00000 ( 1)
 253 K   0.84294 0.00000 0.15706 0.00000 ( 1)
 254 K   0.84294 0.00000 0.15706 0.00000 ( 1)
 255 M   0.84294 0.00000 0.15706 0.00000 ( 1)
 256 N   0.84294 0.00000 0.15706 0.00000 ( 1)
 257 V   0.84294 0.00000 0.15706 0.00000 ( 1)
 258 E   0.84294 0.00000 0.15706 0.00000 ( 1)
 259 S   0.84294 0.00000 0.15706 0.00000 ( 1)
 260 L   0.84294 0.00000 0.15706 0.00000 ( 1)
 261 R   0.84294 0.00000 0.15706 0.00000 ( 1)
 262 S   0.84294 0.00000 0.15706 0.00000 ( 1)
 263 N   0.84294 0.00000 0.15706 0.00000 ( 1)
 264 Q   0.84294 0.00000 0.15706 0.00000 ( 1)
 265 N   0.84294 0.00000 0.15706 0.00000 ( 1)
 266 A   0.84294 0.00000 0.15706 0.00000 ( 1)
 267 G   0.80523 0.03771 0.14911 0.00795 ( 1)
 268 A   0.84294 0.00000 0.15706 0.00000 ( 1)
 269 E   0.84294 0.00000 0.15706 0.00000 ( 1)
 270 S   0.84294 0.00000 0.15706 0.00000 ( 1)
 271 A   0.84294 0.00000 0.15706 0.00000 ( 1)
 272 E   0.84294 0.00000 0.15706 0.00000 ( 1)
 273 I   0.84294 0.00000 0.15706 0.00000 ( 1)
 274 R   0.84294 0.00000 0.15706 0.00000 ( 1)
 275 I   0.84294 0.00000 0.15706 0.00000 ( 1)
 276 A   0.84294 0.00000 0.15706 0.00000 ( 1)
 277 K   0.84294 0.00000 0.15706 0.00000 ( 1)
 278 A   0.84294 0.00000 0.15706 0.00000 ( 1)
 279 A   0.84294 0.00000 0.15706 0.00000 ( 1)
 280 L   0.84294 0.00000 0.15706 0.00000 ( 1)
 281 T   0.84294 0.00000 0.15706 0.00000 ( 1)
 282 V   0.84294 0.00000 0.15706 0.00000 ( 1)
 283 C   0.84294 0.00000 0.15706 0.00000 ( 1)
 284 F   0.84294 0.00000 0.15706 0.00000 ( 1)
 285 L   0.84294 0.00000 0.15706 0.00000 ( 1)
 286 F   0.84294 0.00000 0.15706 0.00000 ( 1)
 287 V   0.84294 0.00000 0.15706 0.00000 ( 1)
 288 A   0.84294 0.00000 0.15706 0.00000 ( 1)
 289 S   0.84294 0.00000 0.15706 0.00000 ( 1)
 290 W   0.84294 0.00000 0.15706 0.00000 ( 1)
 291 T   0.84294 0.00000 0.15706 0.00000 ( 1)
 292 P   0.84294 0.00000 0.15706 0.00000 ( 1)
 293 Y   0.84294 0.00000 0.15706 0.00000 ( 1)
 294 G   0.84294 0.00000 0.15706 0.00000 ( 1)
 295 V   0.84294 0.00000 0.15706 0.00000 ( 1)
 296 M   0.84294 0.00000 0.15706 0.00000 ( 1)
 297 S   0.84294 0.00000 0.15706 0.00000 ( 1)
 298 L   0.84294 0.00000 0.15706 0.00000 ( 1)
 299 I   0.84294 0.00000 0.15706 0.00000 ( 1)
 300 G   0.84294 0.00000 0.15706 0.00000 ( 1)
 301 A   0.84294 0.00000 0.15706 0.00000 ( 1)
 302 F   0.84294 0.00000 0.15706 0.00000 ( 1)
 303 G   0.84294 0.00000 0.15706 0.00000 ( 1)
 304 D   0.84294 0.00000 0.15706 0.00000 ( 1)
 305 Q   0.84294 0.00000 0.15706 0.00000 ( 1)
 306 E   0.84294 0.00000 0.15706 0.00000 ( 1)
 307 L   0.84294 0.00000 0.15706 0.00000 ( 1)
 308 L   0.84294 0.00000 0.15706 0.00000 ( 1)
 309 T   0.84294 0.00000 0.15706 0.00000 ( 1)
 310 P   0.84294 0.00000 0.15706 0.00000 ( 1)
 311 G   0.84294 0.00000 0.15706 0.00000 ( 1)
 312 V   0.84294 0.00000 0.15706 0.00000 ( 1)
 313 T   0.84294 0.00000 0.15706 0.00000 ( 1)
 314 M   0.84294 0.00000 0.15706 0.00000 ( 1)
 315 I   0.84294 0.00000 0.15706 0.00000 ( 1)
 316 P   0.84294 0.00000 0.15706 0.00000 ( 1)
 317 A   0.84294 0.00000 0.15706 0.00000 ( 1)
 318 I   0.84294 0.00000 0.15706 0.00000 ( 1)
 319 T   0.84294 0.00000 0.15706 0.00000 ( 1)
 320 C   0.84294 0.00000 0.15706 0.00000 ( 1)
 321 K   0.84294 0.00000 0.15706 0.00000 ( 1)
 322 A   0.84294 0.00000 0.15706 0.00000 ( 1)
 323 V   0.84294 0.00000 0.15706 0.00000 ( 1)
 324 A   0.84294 0.00000 0.15706 0.00000 ( 1)
 325 C   0.84294 0.00000 0.15706 0.00000 ( 1)
 326 I   0.84294 0.00000 0.15706 0.00000 ( 1)
 327 D   0.84294 0.00000 0.15706 0.00000 ( 1)
 328 P   0.84294 0.00000 0.15706 0.00000 ( 1)
 329 W   0.84294 0.00000 0.15706 0.00000 ( 1)
 330 V   0.84294 0.00000 0.15706 0.00000 ( 1)
 331 Y   0.84294 0.00000 0.15706 0.00000 ( 1)
 332 A   0.84294 0.00000 0.15706 0.00000 ( 1)
 333 I   0.84294 0.00000 0.15706 0.00000 ( 1)
 334 S   0.84294 0.00000 0.15706 0.00000 ( 1)
 335 H   0.84294 0.00000 0.15706 0.00000 ( 1)
 336 P   0.84294 0.00000 0.15706 0.00000 ( 1)
 337 K   0.84294 0.00000 0.15706 0.00000 ( 1)
 338 Y   0.84294 0.00000 0.15706 0.00000 ( 1)
 339 R   0.84294 0.00000 0.15706 0.00000 ( 1)
 340 Q   0.84294 0.00000 0.15706 0.00000 ( 1)
 341 E   0.84294 0.00000 0.15706 0.00000 ( 1)
 342 L   0.84294 0.00000 0.15706 0.00000 ( 1)
 343 Q   0.84294 0.00000 0.15706 0.00000 ( 1)
 344 R   0.84294 0.00000 0.15706 0.00000 ( 1)
 345 R   0.84294 0.00000 0.15706 0.00000 ( 1)
 346 M   0.84294 0.00000 0.15706 0.00000 ( 1)
 347 P   0.84294 0.00000 0.15706 0.00000 ( 1)
 348 W   0.84294 0.00000 0.15706 0.00000 ( 1)
 349 L   0.84294 0.00000 0.15706 0.00000 ( 1)
 350 Q   0.84294 0.00000 0.15706 0.00000 ( 1)
 351 I   0.84294 0.00000 0.15706 0.00000 ( 1)
 352 S   0.84294 0.00000 0.15706 0.00000 ( 1)
 353 E   0.84294 0.00000 0.15706 0.00000 ( 1)
 354 P   0.84294 0.00000 0.15706 0.00000 ( 1)
 355 D   0.84294 0.00000 0.15706 0.00000 ( 1)
 356 D   0.84294 0.00000 0.15706 0.00000 ( 1)
 357 N   0.84294 0.00000 0.15706 0.00000 ( 1)
 358 T   0.00000 0.84294 0.00000 0.15706 ( 2)
 359 S   0.84294 0.00000 0.15706 0.00000 ( 1)
 360 N   0.84294 0.00000 0.15706 0.00000 ( 1)
 361 T   0.84294 0.00000 0.15706 0.00000 ( 1)
 362 S   0.84294 0.00000 0.15706 0.00000 ( 1)
 363 N   0.84294 0.00000 0.15706 0.00000 ( 1)
 364 T   0.84294 0.00000 0.15706 0.00000 ( 1)
 365 T   0.84294 0.00000 0.15706 0.00000 ( 1)
 366 T   0.84294 0.00000 0.15706 0.00000 ( 1)
 367 N   0.84294 0.00000 0.15706 0.00000 ( 1)
 368 S   0.00000 0.84294 0.00000 0.15706 ( 2)
 369 A   0.00000 0.84294 0.00000 0.15706 ( 2)
 370 A   0.84294 0.00000 0.15706 0.00000 ( 1)
 371 P   0.84294 0.00000 0.15706 0.00000 ( 1)

