Supplemental results for CODEML (seqf: align.fa  treef: tree.nwk)


MLEs of dN/dS (w) for site classes (K=4)

site class             0        1       2a       2b
proportion       0.88212  0.03505  0.07967  0.00317
background w     0.03983  1.00000  0.03983  1.00000
foreground w     0.03983  1.00000  1.00000  1.00000

Naive Empirical Bayes (NEB) probabilities for 4 classes
(amino acids refer to 1st sequence: ColCroc)

   1 M   0.96880 0.00000 0.03120 0.00000 ( 1)
   2 D   0.95936 0.00000 0.04064 0.00000 ( 1)
   3 R   0.00000 0.91717 0.00000 0.08283 ( 2)
   4 T   0.95393 0.00000 0.04607 0.00000 ( 1)
   5 E   0.60708 0.00000 0.39292 0.00000 ( 1)
   6 Y   0.00000 0.91717 0.00000 0.08283 ( 2)
   7 Y   0.77880 0.16467 0.04166 0.01487 ( 1)
   8 I   0.00000 0.91717 0.00000 0.08283 ( 2)
   9 Y   0.00013 0.91704 0.00001 0.08282 ( 2)
  10 G   0.65653 0.00000 0.34347 0.00000 ( 1)
  11 A   0.95428 0.00000 0.04572 0.00000 ( 1)
  12 Y   0.94934 0.00000 0.05066 0.00000 ( 1)
  13 F   0.41072 0.00000 0.58928 0.00000 ( 3)
  14 A   0.95400 0.00000 0.04600 0.00000 ( 1)
  15 P   0.94821 0.00000 0.05179 0.00000 ( 1)
  16 L   0.95447 0.00000 0.04553 0.00000 ( 1)
  17 R   0.95210 0.00000 0.04790 0.00000 ( 1)
  18 S   0.95138 0.00000 0.04862 0.00000 ( 1)
  19 G   0.00000 0.91717 0.00000 0.08283 ( 2)
  20 G   0.00000 0.91717 0.00000 0.08283 ( 2)
  21 E   0.42143 0.00000 0.57857 0.00000 ( 3)
  22 R   0.02374 0.00000 0.97626 0.00000 ( 3)
  23 M   0.96883 0.00000 0.03117 0.00000 ( 1)
  24 L   0.94239 0.00000 0.05761 0.00000 ( 1)
  25 G   0.41242 0.00000 0.58758 0.00000 ( 3)
  26 E   0.48968 0.00000 0.51032 0.00000 ( 3)
  27 G   0.94964 0.00000 0.05036 0.00000 ( 1)
  28 L   0.94267 0.00000 0.05733 0.00000 ( 1)
  29 T   0.52815 0.00000 0.47185 0.00000 ( 1)
  30 G   0.94537 0.00000 0.05463 0.00000 ( 1)
  31 E   0.95411 0.00000 0.04589 0.00000 ( 1)
  32 D   0.95931 0.00000 0.04069 0.00000 ( 1)
  33 L   0.94294 0.00000 0.05706 0.00000 ( 1)
  34 A   0.95533 0.00000 0.04467 0.00000 ( 1)
  35 M   0.95391 0.00000 0.04609 0.00000 ( 1)
  36 I   0.95450 0.00000 0.04550 0.00000 ( 1)
  37 P   0.94975 0.00000 0.05025 0.00000 ( 1)
  38 E   0.95403 0.00000 0.04597 0.00000 ( 1)
  39 H   0.95254 0.00000 0.04746 0.00000 ( 1)
  40 W   0.94264 0.00000 0.05736 0.00000 ( 1)
  41 F   0.02769 0.00000 0.97231 0.00000 ( 3)
  42 K   0.00003 0.91714 0.00000 0.08283 ( 2)
  43 Y   0.95622 0.00000 0.04378 0.00000 ( 1)
  44 P   0.95118 0.00000 0.04882 0.00000 ( 1)
  45 E   0.95443 0.00000 0.04557 0.00000 ( 1)
  46 P   0.94985 0.00000 0.05015 0.00000 ( 1)
  47 P   0.95009 0.00000 0.04991 0.00000 ( 1)
  48 A   0.95547 0.00000 0.04453 0.00000 ( 1)
  49 S   0.77663 0.00000 0.22337 0.00000 ( 1)
  50 A   0.95406 0.00000 0.04594 0.00000 ( 1)
  51 H   0.95254 0.00000 0.04746 0.00000 ( 1)
  52 T   0.95473 0.00000 0.04527 0.00000 ( 1)
  53 A   0.95426 0.00000 0.04574 0.00000 ( 1)
  54 L   0.95032 0.00000 0.04968 0.00000 ( 1)
  55 C   0.95430 0.00000 0.04570 0.00000 ( 1)
  56 L   0.94303 0.00000 0.05697 0.00000 ( 1)
  57 L   0.95347 0.00000 0.04653 0.00000 ( 1)
  58 Y   0.94925 0.00000 0.05075 0.00000 ( 1)
  59 C   0.95833 0.00181 0.03970 0.00016 ( 1)
  60 F   0.96007 0.00000 0.03993 0.00000 ( 1)
  61 F   0.96005 0.00000 0.03995 0.00000 ( 1)
  62 T   0.95389 0.00000 0.04611 0.00000 ( 1)
  63 A   0.95364 0.00000 0.04636 0.00000 ( 1)
  64 A   0.95327 0.00000 0.04673 0.00000 ( 1)
  65 A   0.95376 0.00000 0.04624 0.00000 ( 1)
  66 L   0.94728 0.00000 0.05272 0.00000 ( 1)
  67 I   0.95304 0.00000 0.04696 0.00000 ( 1)
  68 G   0.95177 0.00000 0.04823 0.00000 ( 1)
  69 N   0.95378 0.00000 0.04622 0.00000 ( 1)
  70 G   0.94732 0.00000 0.05268 0.00000 ( 1)
  71 M   0.95455 0.00000 0.04545 0.00000 ( 1)
  72 V   0.95800 0.00000 0.04200 0.00000 ( 1)
  73 I   0.96129 0.00000 0.03871 0.00000 ( 1)
  74 F   0.95589 0.00000 0.04411 0.00000 ( 1)
  75 I   0.95863 0.00000 0.04137 0.00000 ( 1)
  76 F   0.95515 0.00000 0.04485 0.00000 ( 1)
  77 A   0.94887 0.00000 0.05113 0.00000 ( 1)
  78 S   0.95401 0.00000 0.04599 0.00000 ( 1)
  79 T   0.95363 0.00000 0.04637 0.00000 ( 1)
  80 K   0.95329 0.00000 0.04671 0.00000 ( 1)
  81 S   0.95227 0.00000 0.04773 0.00000 ( 1)
  82 L   0.94284 0.00000 0.05716 0.00000 ( 1)
  83 R   0.94375 0.00000 0.05625 0.00000 ( 1)
  84 T   0.95398 0.00000 0.04602 0.00000 ( 1)
  85 A   0.94625 0.00000 0.05375 0.00000 ( 1)
  86 S   0.95661 0.00000 0.04339 0.00000 ( 1)
  87 N   0.95469 0.00000 0.04531 0.00000 ( 1)
  88 L   0.94721 0.00000 0.05279 0.00000 ( 1)
  89 L   0.94318 0.00000 0.05682 0.00000 ( 1)
  90 I   0.96100 0.00000 0.03900 0.00000 ( 1)
  91 L   0.94254 0.00000 0.05746 0.00000 ( 1)
  92 N   0.94331 0.00000 0.05669 0.00000 ( 1)
  93 L   0.94504 0.00000 0.05496 0.00000 ( 1)
  94 A   0.95386 0.00000 0.04614 0.00000 ( 1)
  95 I   0.95554 0.00000 0.04446 0.00000 ( 1)
  96 F   0.94645 0.00000 0.05355 0.00000 ( 1)
  97 D   0.95875 0.00000 0.04125 0.00000 ( 1)
  98 F   0.95684 0.00000 0.04316 0.00000 ( 1)
  99 I   0.96005 0.00000 0.03995 0.00000 ( 1)
 100 M   0.96883 0.00000 0.03117 0.00000 ( 1)
 101 M   0.96883 0.00000 0.03117 0.00000 ( 1)
 102 L   0.95459 0.00000 0.04541 0.00000 ( 1)
 103 K   0.95329 0.00000 0.04671 0.00000 ( 1)
 104 A   0.95437 0.00000 0.04563 0.00000 ( 1)
 105 P   0.94950 0.00000 0.05050 0.00000 ( 1)
 106 I   0.96118 0.00000 0.03882 0.00000 ( 1)
 107 F   0.95946 0.00000 0.04054 0.00000 ( 1)
 108 I   0.96127 0.00000 0.03873 0.00000 ( 1)
 109 Y   0.94908 0.00000 0.05092 0.00000 ( 1)
 110 N   0.95892 0.00000 0.04108 0.00000 ( 1)
 111 S   0.95519 0.00000 0.04481 0.00000 ( 1)
 112 A   0.95433 0.00000 0.04567 0.00000 ( 1)
 113 M   0.96883 0.00000 0.03117 0.00000 ( 1)
 114 R   0.93510 0.00000 0.06490 0.00000 ( 1)
 115 G   0.95186 0.00000 0.04814 0.00000 ( 1)
 116 F   0.95982 0.00000 0.04018 0.00000 ( 1)
 117 A   0.95410 0.00000 0.04590 0.00000 ( 1)
 118 A   0.00000 0.91717 0.00000 0.08283 ( 2)
 119 G   0.95316 0.00000 0.04684 0.00000 ( 1)
 120 A   0.48869 0.00000 0.51131 0.00000 ( 3)
 121 L   0.00000 0.91717 0.00000 0.08283 ( 2)
 122 W   0.94823 0.00000 0.05177 0.00000 ( 1)
 123 C   0.94979 0.00000 0.05021 0.00000 ( 1)
 124 K   0.94368 0.00000 0.05632 0.00000 ( 1)
 125 I   0.96200 0.00000 0.03800 0.00000 ( 1)
 126 F   0.95601 0.00000 0.04399 0.00000 ( 1)
 127 A   0.95375 0.00000 0.04625 0.00000 ( 1)
 128 V   0.92721 0.00000 0.07279 0.00000 ( 1)
 129 M   0.96883 0.00000 0.03117 0.00000 ( 1)
 130 G   0.95332 0.00000 0.04668 0.00000 ( 1)
 131 S   0.41597 0.00000 0.58403 0.00000 ( 3)
 132 Y   0.94934 0.00000 0.05066 0.00000 ( 1)
 133 S   0.95703 0.00000 0.04297 0.00000 ( 1)
 134 G   0.95302 0.00000 0.04698 0.00000 ( 1)
 135 I   0.96091 0.00000 0.03909 0.00000 ( 1)
 136 G   0.94941 0.00000 0.05059 0.00000 ( 1)
 137 A   0.95366 0.00000 0.04634 0.00000 ( 1)
 138 A   0.93461 0.00000 0.06539 0.00000 ( 1)
 139 M   0.96883 0.00000 0.03117 0.00000 ( 1)
 140 T   0.95764 0.00000 0.04236 0.00000 ( 1)
 141 N   0.95883 0.00000 0.04117 0.00000 ( 1)
 142 A   0.95350 0.00000 0.04650 0.00000 ( 1)
 143 C   0.94467 0.00000 0.05533 0.00000 ( 1)
 144 I   0.95838 0.00000 0.04162 0.00000 ( 1)
 145 A   0.95262 0.00000 0.04738 0.00000 ( 1)
 146 Y   0.94673 0.00000 0.05327 0.00000 ( 1)
 147 D   0.95929 0.00000 0.04071 0.00000 ( 1)
 148 R   0.95030 0.00000 0.04970 0.00000 ( 1)
 149 H   0.94739 0.00000 0.05261 0.00000 ( 1)
 150 S   0.94556 0.00000 0.05444 0.00000 ( 1)
 151 T   0.95387 0.00000 0.04613 0.00000 ( 1)
 152 I   0.95826 0.00000 0.04174 0.00000 ( 1)
 153 T   0.95398 0.00000 0.04602 0.00000 ( 1)
 154 R   0.93811 0.00000 0.06189 0.00000 ( 1)
 155 P   0.94784 0.00000 0.05216 0.00000 ( 1)
 156 L   0.94274 0.00000 0.05726 0.00000 ( 1)
 157 D   0.95603 0.00000 0.04397 0.00000 ( 1)
 158 G   0.94772 0.00000 0.05228 0.00000 ( 1)
 159 R   0.94148 0.00000 0.05852 0.00000 ( 1)
 160 L   0.94409 0.00000 0.05591 0.00000 ( 1)
 161 S   0.94770 0.00000 0.05230 0.00000 ( 1)
 162 R   0.93764 0.00000 0.06235 0.00000 ( 1)
 163 G   0.94900 0.00000 0.05100 0.00000 ( 1)
 164 K   0.95327 0.00000 0.04673 0.00000 ( 1)
 165 V   0.95447 0.00000 0.04553 0.00000 ( 1)
 166 L   0.94848 0.00000 0.05152 0.00000 ( 1)
 167 L   0.94341 0.00000 0.05659 0.00000 ( 1)
 168 M   0.96883 0.00000 0.03117 0.00000 ( 1)
 169 I   0.95675 0.00000 0.04325 0.00000 ( 1)
 170 I   0.95379 0.00000 0.04621 0.00000 ( 1)
 171 C   0.95676 0.00000 0.04324 0.00000 ( 1)
 172 I   0.95551 0.00000 0.04449 0.00000 ( 1)
 173 W   0.94264 0.00000 0.05736 0.00000 ( 1)
 174 I   0.96174 0.00000 0.03826 0.00000 ( 1)
 175 Y   0.94927 0.00000 0.05073 0.00000 ( 1)
 176 T   0.95538 0.00000 0.04462 0.00000 ( 1)
 177 T   0.95486 0.00000 0.04514 0.00000 ( 1)
 178 P   0.95006 0.00000 0.04994 0.00000 ( 1)
 179 W   0.94264 0.00000 0.05736 0.00000 ( 1)
 180 S   0.40453 0.00000 0.59547 0.00000 ( 3)
 181 L   0.94602 0.00000 0.05398 0.00000 ( 1)
 182 M   0.94319 0.00000 0.05681 0.00000 ( 1)
 183 P   0.94929 0.00000 0.05071 0.00000 ( 1)
 184 L   0.94695 0.00000 0.05305 0.00000 ( 1)
 185 F   0.95637 0.00000 0.04363 0.00000 ( 1)
 186 R   0.54820 0.00000 0.45180 0.00000 ( 1)
 187 V   0.68288 0.00000 0.31712 0.00000 ( 1)
 188 W   0.94264 0.00000 0.05736 0.00000 ( 1)
 189 G   0.95355 0.00000 0.04645 0.00000 ( 1)
 190 R   0.95012 0.00000 0.04988 0.00000 ( 1)
 191 F   0.89635 0.00000 0.10365 0.00000 ( 1)
 192 V   0.95399 0.00000 0.04601 0.00000 ( 1)
 193 P   0.94897 0.00000 0.05103 0.00000 ( 1)
 194 E   0.95440 0.00000 0.04560 0.00000 ( 1)
 195 G   0.95111 0.00000 0.04889 0.00000 ( 1)
 196 Y   0.94926 0.00000 0.05074 0.00000 ( 1)
 197 L   0.94251 0.00000 0.05749 0.00000 ( 1)
 198 T   0.95396 0.00000 0.04604 0.00000 ( 1)
 199 S   0.94822 0.00000 0.05178 0.00000 ( 1)
 200 C   0.94846 0.00000 0.05154 0.00000 ( 1)
 201 T   0.95340 0.00000 0.04660 0.00000 ( 1)
 202 F   0.96002 0.00000 0.03998 0.00000 ( 1)
 203 D   0.95863 0.00000 0.04137 0.00000 ( 1)
 204 Y   0.94676 0.00000 0.05324 0.00000 ( 1)
 205 L   0.94245 0.00000 0.05755 0.00000 ( 1)
 206 T   0.95079 0.00000 0.04921 0.00000 ( 1)
 207 N   0.95578 0.00000 0.04422 0.00000 ( 1)
 208 S   0.95374 0.00000 0.04626 0.00000 ( 1)
 209 F   0.95812 0.00000 0.04188 0.00000 ( 1)
 210 D   0.95608 0.00000 0.04392 0.00000 ( 1)
 211 N   0.95366 0.00000 0.04634 0.00000 ( 1)
 212 K   0.95340 0.00000 0.04660 0.00000 ( 1)
 213 L   0.94368 0.00000 0.05632 0.00000 ( 1)
 214 F   0.96007 0.00000 0.03993 0.00000 ( 1)
 215 V   0.95437 0.00000 0.04563 0.00000 ( 1)
 216 G   0.41427 0.00000 0.58573 0.00000 ( 3)
 217 C   0.94987 0.00000 0.05013 0.00000 ( 1)
 218 I   0.96010 0.00000 0.03990 0.00000 ( 1)
 219 F   0.95608 0.00000 0.04392 0.00000 ( 1)
 220 T   0.00000 0.91717 0.00000 0.08283 ( 2)
 221 C   0.94987 0.00000 0.05013 0.00000 ( 1)
 222 S   0.95727 0.00000 0.04273 0.00000 ( 1)
 223 Y   0.94934 0.00000 0.05066 0.00000 ( 1)
 224 V   0.95552 0.00000 0.04448 0.00000 ( 1)
 225 F   0.95981 0.00000 0.04019 0.00000 ( 1)
 226 P   0.94976 0.00000 0.05024 0.00000 ( 1)
 227 M   0.96883 0.00000 0.03117 0.00000 ( 1)
 228 L   0.94310 0.00000 0.05689 0.00000 ( 1)
 229 C   0.96882 0.00000 0.03118 0.00000 ( 1)
 230 I   0.96065 0.00000 0.03935 0.00000 ( 1)
 231 I   0.94847 0.00000 0.05153 0.00000 ( 1)
 232 Y   0.94795 0.00000 0.05205 0.00000 ( 1)
 233 F   0.96001 0.00000 0.03999 0.00000 ( 1)
 234 Y   0.94926 0.00000 0.05074 0.00000 ( 1)
 235 S   0.95459 0.00000 0.04541 0.00000 ( 1)
 236 G   0.94953 0.00000 0.05047 0.00000 ( 1)
 237 I   0.95694 0.00000 0.04306 0.00000 ( 1)
 238 V   0.95445 0.00000 0.04555 0.00000 ( 1)
 239 K   0.95293 0.00000 0.04707 0.00000 ( 1)
 240 Q   0.94332 0.00000 0.05668 0.00000 ( 1)
 241 V   0.95437 0.00000 0.04563 0.00000 ( 1)
 242 F   0.95514 0.00000 0.04486 0.00000 ( 1)
 243 A   0.95387 0.00000 0.04613 0.00000 ( 1)
 244 H   0.95092 0.00000 0.04908 0.00000 ( 1)
 245 E   0.95386 0.00000 0.04614 0.00000 ( 1)
 246 A   0.95402 0.00000 0.04598 0.00000 ( 1)
 247 A   0.95496 0.00000 0.04504 0.00000 ( 1)
 248 L   0.94672 0.00000 0.05328 0.00000 ( 1)
 249 R   0.95052 0.00000 0.04948 0.00000 ( 1)
 250 E   0.41066 0.00000 0.58934 0.00000 ( 3)
 251 Q   0.94336 0.00000 0.05664 0.00000 ( 1)
 252 A   0.95476 0.00000 0.04524 0.00000 ( 1)
 253 K   0.95358 0.00000 0.04642 0.00000 ( 1)
 254 K   0.95317 0.00000 0.04683 0.00000 ( 1)
 255 M   0.96883 0.00000 0.03117 0.00000 ( 1)
 256 N   0.95879 0.00000 0.04121 0.00000 ( 1)
 257 V   0.95447 0.00000 0.04553 0.00000 ( 1)
 258 E   0.95372 0.00000 0.04628 0.00000 ( 1)
 259 S   0.94791 0.00000 0.05209 0.00000 ( 1)
 260 L   0.94292 0.00000 0.05708 0.00000 ( 1)
 261 R   0.93562 0.00000 0.06438 0.00000 ( 1)
 262 S   0.94792 0.00000 0.05208 0.00000 ( 1)
 263 N   0.95873 0.00000 0.04127 0.00000 ( 1)
 264 Q   0.94372 0.00000 0.05628 0.00000 ( 1)
 265 N   0.95407 0.00000 0.04593 0.00000 ( 1)
 266 A   0.95436 0.00000 0.04564 0.00000 ( 1)
 267 G   0.00414 0.91314 0.00025 0.08247 ( 2)
 268 A   0.95303 0.00000 0.04697 0.00000 ( 1)
 269 E   0.59126 0.00000 0.40874 0.00000 ( 1)
 270 S   0.94543 0.00000 0.05457 0.00000 ( 1)
 271 A   0.95383 0.00000 0.04617 0.00000 ( 1)
 272 E   0.95390 0.00000 0.04610 0.00000 ( 1)
 273 I   0.95894 0.00000 0.04106 0.00000 ( 1)
 274 R   0.94467 0.00000 0.05533 0.00000 ( 1)
 275 I   0.96186 0.00000 0.03814 0.00000 ( 1)
 276 A   0.95450 0.00000 0.04550 0.00000 ( 1)
 277 K   0.95321 0.00000 0.04679 0.00000 ( 1)
 278 A   0.95402 0.00000 0.04598 0.00000 ( 1)
 279 A   0.95527 0.00000 0.04473 0.00000 ( 1)
 280 L   0.95445 0.00000 0.04555 0.00000 ( 1)
 281 T   0.95402 0.00000 0.04598 0.00000 ( 1)
 282 V   0.95451 0.00000 0.04549 0.00000 ( 1)
 283 C   0.94982 0.00000 0.05018 0.00000 ( 1)
 284 F   0.96007 0.00000 0.03993 0.00000 ( 1)
 285 L   0.94287 0.00000 0.05713 0.00000 ( 1)
 286 F   0.95811 0.00000 0.04189 0.00000 ( 1)
 287 V   0.95455 0.00000 0.04545 0.00000 ( 1)
 288 A   0.95225 0.00000 0.04775 0.00000 ( 1)
 289 S   0.94756 0.00000 0.05244 0.00000 ( 1)
 290 W   0.94264 0.00000 0.05736 0.00000 ( 1)
 291 T   0.95414 0.00000 0.04586 0.00000 ( 1)
 292 P   0.94998 0.00000 0.05002 0.00000 ( 1)
 293 Y   0.94915 0.00000 0.05085 0.00000 ( 1)
 294 G   0.95319 0.00000 0.04681 0.00000 ( 1)
 295 V   0.95533 0.00000 0.04467 0.00000 ( 1)
 296 M   0.96883 0.00000 0.03117 0.00000 ( 1)
 297 S   0.84945 0.00000 0.15055 0.00000 ( 1)
 298 L   0.95421 0.00000 0.04579 0.00000 ( 1)
 299 I   0.96128 0.00000 0.03872 0.00000 ( 1)
 300 G   0.94736 0.00000 0.05264 0.00000 ( 1)
 301 A   0.95494 0.00000 0.04506 0.00000 ( 1)
 302 F   0.95616 0.00000 0.04384 0.00000 ( 1)
 303 G   0.94732 0.00000 0.05268 0.00000 ( 1)
 304 D   0.50383 0.00000 0.49617 0.00000 ( 1)
 305 Q   0.94308 0.00000 0.05692 0.00000 ( 1)
 306 E   0.40932 0.00003 0.59064 0.00000 ( 3)
 307 L   0.94239 0.00000 0.05761 0.00000 ( 1)
 308 L   0.94882 0.00000 0.05118 0.00000 ( 1)
 309 T   0.95574 0.00000 0.04426 0.00000 ( 1)
 310 P   0.94771 0.00000 0.05229 0.00000 ( 1)
 311 G   0.94953 0.00000 0.05047 0.00000 ( 1)
 312 V   0.95445 0.00000 0.04555 0.00000 ( 1)
 313 T   0.95416 0.00000 0.04584 0.00000 ( 1)
 314 M   0.96883 0.00000 0.03117 0.00000 ( 1)
 315 I   0.95957 0.00000 0.04043 0.00000 ( 1)
 316 P   0.94943 0.00000 0.05057 0.00000 ( 1)
 317 A   0.95413 0.00000 0.04587 0.00000 ( 1)
 318 I   0.95437 0.00000 0.04563 0.00000 ( 1)
 319 T   0.95357 0.00000 0.04643 0.00000 ( 1)
 320 C   0.94986 0.00000 0.05014 0.00000 ( 1)
 321 K   0.95329 0.00000 0.04671 0.00000 ( 1)
 322 A   0.95262 0.00000 0.04738 0.00000 ( 1)
 323 V   0.95460 0.00000 0.04540 0.00000 ( 1)
 324 A   0.95633 0.00000 0.04367 0.00000 ( 1)
 325 C   0.94683 0.00000 0.05317 0.00000 ( 1)
 326 I   0.96200 0.00000 0.03800 0.00000 ( 1)
 327 D   0.95431 0.00000 0.04569 0.00000 ( 1)
 328 P   0.94771 0.00000 0.05229 0.00000 ( 1)
 329 W   0.94264 0.00000 0.05736 0.00000 ( 1)
 330 V   0.95411 0.00000 0.04589 0.00000 ( 1)
 331 Y   0.94732 0.00000 0.05268 0.00000 ( 1)
 332 A   0.95394 0.00000 0.04606 0.00000 ( 1)
 333 I   0.96149 0.00000 0.03851 0.00000 ( 1)
 334 S   0.95181 0.00000 0.04819 0.00000 ( 1)
 335 H   0.94739 0.00000 0.05261 0.00000 ( 1)
 336 P   0.95170 0.00000 0.04830 0.00000 ( 1)
 337 K   0.95327 0.00000 0.04673 0.00000 ( 1)
 338 Y   0.94934 0.00000 0.05066 0.00000 ( 1)
 339 R   0.95168 0.00000 0.04832 0.00000 ( 1)
 340 Q   0.94336 0.00000 0.05664 0.00000 ( 1)
 341 E   0.95385 0.00000 0.04615 0.00000 ( 1)
 342 L   0.94847 0.00000 0.05153 0.00000 ( 1)
 343 Q   0.94369 0.00000 0.05631 0.00000 ( 1)
 344 R   0.93951 0.00000 0.06049 0.00000 ( 1)
 345 R   0.94565 0.00000 0.05435 0.00000 ( 1)
 346 M   0.96883 0.00000 0.03117 0.00000 ( 1)
 347 P   0.94916 0.00000 0.05084 0.00000 ( 1)
 348 W   0.94264 0.00000 0.05736 0.00000 ( 1)
 349 L   0.94269 0.00000 0.05731 0.00000 ( 1)
 350 Q   0.94335 0.00000 0.05665 0.00000 ( 1)
 351 I   0.96103 0.00000 0.03897 0.00000 ( 1)
 352 S   0.52526 0.00000 0.47474 0.00000 ( 1)
 353 E   0.95377 0.00000 0.04623 0.00000 ( 1)
 354 P   0.95278 0.00000 0.04722 0.00000 ( 1)
 355 D   0.05539 0.00000 0.94461 0.00000 ( 3)
 356 D   0.95677 0.00000 0.04323 0.00000 ( 1)
 357 N   0.95544 0.00000 0.04456 0.00000 ( 1)
 358 T   0.00000 0.91717 0.00000 0.08283 ( 2)
 359 S   0.95186 0.00000 0.04814 0.00000 ( 1)
 360 N   0.95349 0.00000 0.04651 0.00000 ( 1)
 361 T   0.64282 0.00000 0.35718 0.00000 ( 1)
 362 S   0.95514 0.00000 0.04486 0.00000 ( 1)
 363 N   0.75042 0.00000 0.24958 0.00000 ( 1)
 364 T   0.95849 0.00000 0.04151 0.00000 ( 1)
 365 T   0.95553 0.00000 0.04447 0.00000 ( 1)
 366 T   0.95346 0.00000 0.04654 0.00000 ( 1)
 367 N   0.23061 0.00000 0.76939 0.00000 ( 3)
 368 S   0.00000 0.91717 0.00000 0.08283 ( 2)
 369 A   0.00000 0.91717 0.00000 0.08283 ( 2)
 370 A   0.92318 0.00000 0.07682 0.00000 ( 1)
 371 P   0.91717 0.00000 0.08283 0.00000 ( 1)


lnL = -75809.932629

