Supplemental results for CODEML (seqf: align.fa  treef: tree.nwk)


MLEs of dN/dS (w) for site classes (K=4)

site class             0        1       2a       2b
proportion       0.94923  0.03762  0.01265  0.00050
background w     0.04002  1.00000  0.04002  1.00000
foreground w     0.04002  1.00000  1.00000  1.00000

Naive Empirical Bayes (NEB) probabilities for 4 classes
(amino acids refer to 1st sequence: ColCroc)

   1 M   0.93642 0.00000 0.06358 0.00000 ( 1)
   2 D   0.92263 0.00000 0.07737 0.00000 ( 1)
   3 R   0.00000 0.98685 0.00000 0.01315 ( 2)
   4 T   0.99600 0.00000 0.00400 0.00000 ( 1)
   5 E   0.99616 0.00000 0.00384 0.00000 ( 1)
   6 Y   0.00000 0.98685 0.00000 0.01315 ( 2)
   7 Y   0.84972 0.14447 0.00389 0.00193 ( 1)
   8 I   0.00000 0.98685 0.00000 0.01315 ( 2)
   9 Y   0.00017 0.98668 0.00000 0.01315 ( 2)
  10 G   0.99610 0.00000 0.00390 0.00000 ( 1)
  11 A   0.99577 0.00000 0.00423 0.00000 ( 1)
  12 Y   0.99546 0.00000 0.00454 0.00000 ( 1)
  13 F   0.99641 0.00000 0.00359 0.00000 ( 1)
  14 A   0.99591 0.00000 0.00409 0.00000 ( 1)
  15 P   0.99519 0.00000 0.00481 0.00000 ( 1)
  16 L   0.99619 0.00000 0.00381 0.00000 ( 1)
  17 R   0.99563 0.00000 0.00437 0.00000 ( 1)
  18 S   0.99602 0.00000 0.00398 0.00000 ( 1)
  19 G   0.00000 0.98685 0.00000 0.01315 ( 2)
  20 G   0.00000 0.98685 0.00000 0.01315 ( 2)
  21 E   0.99590 0.00000 0.00410 0.00000 ( 1)
  22 R   0.99626 0.00000 0.00374 0.00000 ( 1)
  23 M   0.99806 0.00000 0.00194 0.00000 ( 1)
  24 L   0.99406 0.00000 0.00594 0.00000 ( 1)
  25 G   0.99550 0.00000 0.00450 0.00000 ( 1)
  26 E   0.90378 0.00000 0.09622 0.00000 ( 1)
  27 G   0.99580 0.00000 0.00420 0.00000 ( 1)
  28 L   0.99406 0.00000 0.00594 0.00000 ( 1)
  29 T   0.99594 0.00000 0.00406 0.00000 ( 1)
  30 G   0.99603 0.00000 0.00397 0.00000 ( 1)
  31 E   0.99626 0.00000 0.00374 0.00000 ( 1)
  32 D   0.99694 0.00000 0.00306 0.00000 ( 1)
  33 L   0.99407 0.00000 0.00593 0.00000 ( 1)
  34 A   0.99640 0.00000 0.00360 0.00000 ( 1)
  35 M   0.99595 0.00000 0.00405 0.00000 ( 1)
  36 I   0.99591 0.00000 0.00409 0.00000 ( 1)
  37 P   0.99532 0.00000 0.00468 0.00000 ( 1)
  38 E   0.88634 0.00000 0.11366 0.00000 ( 1)
  39 H   0.99607 0.00000 0.00393 0.00000 ( 1)
  40 W   0.99426 0.00000 0.00574 0.00000 ( 1)
  41 F   0.99616 0.00000 0.00384 0.00000 ( 1)
  42 K   0.00004 0.98681 0.00001 0.01315 ( 2)
  43 Y   0.99692 0.00000 0.00308 0.00000 ( 1)
  44 P   0.99611 0.00000 0.00389 0.00000 ( 1)
  45 E   0.99598 0.00000 0.00402 0.00000 ( 1)
  46 P   0.99540 0.00000 0.00460 0.00000 ( 1)
  47 P   0.99606 0.00000 0.00394 0.00000 ( 1)
  48 A   0.99640 0.00000 0.00360 0.00000 ( 1)
  49 S   0.91339 0.00000 0.08661 0.00000 ( 1)
  50 A   0.99624 0.00000 0.00376 0.00000 ( 1)
  51 H   0.99607 0.00000 0.00393 0.00000 ( 1)
  52 T   0.99599 0.00000 0.00401 0.00000 ( 1)
  53 A   0.99599 0.00000 0.00401 0.00000 ( 1)
  54 L   0.99484 0.00000 0.00516 0.00000 ( 1)
  55 C   0.99601 0.00000 0.00399 0.00000 ( 1)
  56 L   0.99526 0.00000 0.00474 0.00000 ( 1)
  57 L   0.99618 0.00000 0.00382 0.00000 ( 1)
  58 Y   0.99546 0.00000 0.00454 0.00000 ( 1)
  59 C   0.99503 0.00151 0.00343 0.00002 ( 1)
  60 F   0.99703 0.00000 0.00297 0.00000 ( 1)
  61 F   0.99704 0.00000 0.00296 0.00000 ( 1)
  62 T   0.99599 0.00000 0.00401 0.00000 ( 1)
  63 A   0.90949 0.00000 0.09051 0.00000 ( 1)
  64 A   0.99626 0.00000 0.00374 0.00000 ( 1)
  65 A   0.99589 0.00000 0.00411 0.00000 ( 1)
  66 L   0.99262 0.00000 0.00738 0.00000 ( 1)
  67 I   0.91759 0.00000 0.08241 0.00000 ( 1)
  68 G   0.99577 0.00000 0.00423 0.00000 ( 1)
  69 N   0.99621 0.00000 0.00379 0.00000 ( 1)
  70 G   0.99506 0.00000 0.00494 0.00000 ( 1)
  71 M   0.99620 0.00000 0.00380 0.00000 ( 1)
  72 V   0.99633 0.00000 0.00367 0.00000 ( 1)
  73 I   0.99695 0.00000 0.00305 0.00000 ( 1)
  74 F   0.99640 0.00000 0.00360 0.00000 ( 1)
  75 I   0.99631 0.00000 0.00369 0.00000 ( 1)
  76 F   0.99640 0.00000 0.00360 0.00000 ( 1)
  77 A   0.99535 0.00000 0.00465 0.00000 ( 1)
  78 S   0.99600 0.00000 0.00400 0.00000 ( 1)
  79 T   0.99592 0.00000 0.00408 0.00000 ( 1)
  80 K   0.99611 0.00000 0.00389 0.00000 ( 1)
  81 S   0.99624 0.00000 0.00376 0.00000 ( 1)
  82 L   0.99406 0.00000 0.00594 0.00000 ( 1)
  83 R   0.99436 0.00000 0.00564 0.00000 ( 1)
  84 T   0.99593 0.00000 0.00407 0.00000 ( 1)
  85 A   0.99548 0.00000 0.00452 0.00000 ( 1)
  86 S   0.99614 0.00000 0.00386 0.00000 ( 1)
  87 N   0.99624 0.00000 0.00376 0.00000 ( 1)
  88 L   0.99550 0.00000 0.00450 0.00000 ( 1)
  89 L   0.99434 0.00000 0.00566 0.00000 ( 1)
  90 I   0.99692 0.00000 0.00308 0.00000 ( 1)
  91 L   0.99512 0.00000 0.00488 0.00000 ( 1)
  92 N   0.99436 0.00000 0.00564 0.00000 ( 1)
  93 L   0.99444 0.00000 0.00556 0.00000 ( 1)
  94 A   0.99587 0.00000 0.00413 0.00000 ( 1)
  95 I   0.99630 0.00000 0.00370 0.00000 ( 1)
  96 F   0.99484 0.00000 0.00516 0.00000 ( 1)
  97 D   0.99641 0.00000 0.00359 0.00000 ( 1)
  98 F   0.99643 0.00000 0.00357 0.00000 ( 1)
  99 I   0.99629 0.00000 0.00371 0.00000 ( 1)
 100 M   0.99806 0.00000 0.00194 0.00000 ( 1)
 101 M   0.99806 0.00000 0.00194 0.00000 ( 1)
 102 L   0.99626 0.00000 0.00374 0.00000 ( 1)
 103 K   0.99611 0.00000 0.00389 0.00000 ( 1)
 104 A   0.99592 0.00000 0.00408 0.00000 ( 1)
 105 P   0.99538 0.00000 0.00462 0.00000 ( 1)
 106 I   0.99709 0.00000 0.00291 0.00000 ( 1)
 107 F   0.99651 0.00000 0.00349 0.00000 ( 1)
 108 I   0.99650 0.00000 0.00350 0.00000 ( 1)
 109 Y   0.99546 0.00000 0.00454 0.00000 ( 1)
 110 N   0.99691 0.00000 0.00309 0.00000 ( 1)
 111 S   0.99611 0.00000 0.00389 0.00000 ( 1)
 112 A   0.99600 0.00000 0.00400 0.00000 ( 1)
 113 M   0.99806 0.00000 0.00194 0.00000 ( 1)
 114 R   0.99244 0.00000 0.00756 0.00000 ( 1)
 115 G   0.99527 0.00000 0.00473 0.00000 ( 1)
 116 F   0.99698 0.00000 0.00302 0.00000 ( 1)
 117 A   0.99586 0.00000 0.00414 0.00000 ( 1)
 118 A   0.00000 0.98685 0.00000 0.01315 ( 2)
 119 G   0.99611 0.00000 0.00389 0.00000 ( 1)
 120 A   0.89928 0.00000 0.10072 0.00000 ( 1)
 121 L   0.00000 0.98685 0.00000 0.01315 ( 2)
 122 W   0.99520 0.00000 0.00480 0.00000 ( 1)
 123 C   0.99501 0.00000 0.00499 0.00000 ( 1)
 124 K   0.99446 0.00000 0.00554 0.00000 ( 1)
 125 I   0.99710 0.00000 0.00290 0.00000 ( 1)
 126 F   0.99640 0.00000 0.00360 0.00000 ( 1)
 127 A   0.99627 0.00000 0.00373 0.00000 ( 1)
 128 V   0.99599 0.00000 0.00401 0.00000 ( 1)
 129 M   0.99806 0.00000 0.00194 0.00000 ( 1)
 130 G   0.99549 0.00000 0.00451 0.00000 ( 1)
 131 S   0.99609 0.00000 0.00391 0.00000 ( 1)
 132 Y   0.99546 0.00000 0.00454 0.00000 ( 1)
 133 S   0.99618 0.00000 0.00382 0.00000 ( 1)
 134 G   0.99551 0.00000 0.00449 0.00000 ( 1)
 135 I   0.99694 0.00000 0.00306 0.00000 ( 1)
 136 G   0.99530 0.00000 0.00470 0.00000 ( 1)
 137 A   0.99622 0.00000 0.00378 0.00000 ( 1)
 138 A   0.99558 0.00000 0.00442 0.00000 ( 1)
 139 M   0.99806 0.00000 0.00194 0.00000 ( 1)
 140 T   0.99647 0.00000 0.00353 0.00000 ( 1)
 141 N   0.99689 0.00000 0.00311 0.00000 ( 1)
 142 A   0.99594 0.00000 0.00406 0.00000 ( 1)
 143 C   0.99467 0.00000 0.00533 0.00000 ( 1)
 144 I   0.99638 0.00000 0.00362 0.00000 ( 1)
 145 A   0.99575 0.00000 0.00425 0.00000 ( 1)
 146 Y   0.99471 0.00000 0.00529 0.00000 ( 1)
 147 D   0.99694 0.00000 0.00306 0.00000 ( 1)
 148 R   0.99567 0.00000 0.00433 0.00000 ( 1)
 149 H   0.99519 0.00000 0.00481 0.00000 ( 1)
 150 S   0.99464 0.00000 0.00536 0.00000 ( 1)
 151 T   0.99586 0.00000 0.00414 0.00000 ( 1)
 152 I   0.99652 0.00000 0.00348 0.00000 ( 1)
 153 T   0.99599 0.00000 0.00401 0.00000 ( 1)
 154 R   0.99408 0.00000 0.00592 0.00000 ( 1)
 155 P   0.99530 0.00000 0.00470 0.00000 ( 1)
 156 L   0.99397 0.00000 0.00603 0.00000 ( 1)
 157 D   0.99667 0.00000 0.00333 0.00000 ( 1)
 158 G   0.99507 0.00000 0.00493 0.00000 ( 1)
 159 R   0.99396 0.00000 0.00604 0.00000 ( 1)
 160 L   0.99398 0.00000 0.00602 0.00000 ( 1)
 161 S   0.99506 0.00000 0.00494 0.00000 ( 1)
 162 R   0.77979 0.00000 0.22021 0.00000 ( 1)
 163 G   0.99523 0.00000 0.00477 0.00000 ( 1)
 164 K   0.99610 0.00000 0.00390 0.00000 ( 1)
 165 V   0.91007 0.00000 0.08993 0.00000 ( 1)
 166 L   0.84906 0.00000 0.15094 0.00000 ( 1)
 167 L   0.99400 0.00000 0.00600 0.00000 ( 1)
 168 M   0.99806 0.00000 0.00194 0.00000 ( 1)
 169 I   0.99702 0.00000 0.00298 0.00000 ( 1)
 170 I   0.91022 0.00000 0.08978 0.00000 ( 1)
 171 C   0.88003 0.00000 0.11997 0.00000 ( 1)
 172 I   0.99628 0.00000 0.00372 0.00000 ( 1)
 173 W   0.99426 0.00000 0.00574 0.00000 ( 1)
 174 I   0.88988 0.00000 0.11012 0.00000 ( 1)
 175 Y   0.99545 0.00000 0.00455 0.00000 ( 1)
 176 T   0.99638 0.00000 0.00362 0.00000 ( 1)
 177 T   0.99592 0.00000 0.00408 0.00000 ( 1)
 178 P   0.99540 0.00000 0.00460 0.00000 ( 1)
 179 W   0.99426 0.00000 0.00574 0.00000 ( 1)
 180 S   0.99579 0.00000 0.00421 0.00000 ( 1)
 181 L   0.99480 0.00000 0.00520 0.00000 ( 1)
 182 M   0.99431 0.00000 0.00569 0.00000 ( 1)
 183 P   0.99539 0.00000 0.00461 0.00000 ( 1)
 184 L   0.99432 0.00000 0.00568 0.00000 ( 1)
 185 F   0.99643 0.00000 0.00357 0.00000 ( 1)
 186 R   0.99610 0.00000 0.00390 0.00000 ( 1)
 187 V   0.93309 0.00000 0.06691 0.00000 ( 1)
 188 W   0.99426 0.00000 0.00574 0.00000 ( 1)
 189 G   0.99570 0.00000 0.00430 0.00000 ( 1)
 190 R   0.99558 0.00000 0.00442 0.00000 ( 1)
 191 F   0.99218 0.00000 0.00782 0.00000 ( 1)
 192 V   0.99583 0.00000 0.00417 0.00000 ( 1)
 193 P   0.99538 0.00000 0.00462 0.00000 ( 1)
 194 E   0.99626 0.00000 0.00374 0.00000 ( 1)
 195 G   0.99536 0.00000 0.00464 0.00000 ( 1)
 196 Y   0.89545 0.00000 0.10455 0.00000 ( 1)
 197 L   0.99406 0.00000 0.00594 0.00000 ( 1)
 198 T   0.99599 0.00000 0.00401 0.00000 ( 1)
 199 S   0.99508 0.00000 0.00492 0.00000 ( 1)
 200 C   0.99481 0.00000 0.00519 0.00000 ( 1)
 201 T   0.99595 0.00000 0.00405 0.00000 ( 1)
 202 F   0.99653 0.00000 0.00347 0.00000 ( 1)
 203 D   0.99641 0.00000 0.00359 0.00000 ( 1)
 204 Y   0.99471 0.00000 0.00529 0.00000 ( 1)
 205 L   0.99398 0.00000 0.00602 0.00000 ( 1)
 206 T   0.99594 0.00000 0.00406 0.00000 ( 1)
 207 N   0.92745 0.00000 0.07255 0.00000 ( 1)
 208 S   0.99594 0.00000 0.00406 0.00000 ( 1)
 209 F   0.99649 0.00000 0.00351 0.00000 ( 1)
 210 D   0.99635 0.00000 0.00365 0.00000 ( 1)
 211 N   0.99596 0.00000 0.00404 0.00000 ( 1)
 212 K   0.99615 0.00000 0.00385 0.00000 ( 1)
 213 L   0.99452 0.00000 0.00548 0.00000 ( 1)
 214 F   0.99703 0.00000 0.00297 0.00000 ( 1)
 215 V   0.99591 0.00000 0.00409 0.00000 ( 1)
 216 G   0.99641 0.00000 0.00359 0.00000 ( 1)
 217 C   0.99563 0.00000 0.00437 0.00000 ( 1)
 218 I   0.99645 0.00000 0.00355 0.00000 ( 1)
 219 F   0.99648 0.00000 0.00352 0.00000 ( 1)
 220 T   0.00000 0.98685 0.00000 0.01315 ( 2)
 221 C   0.99563 0.00000 0.00437 0.00000 ( 1)
 222 S   0.99679 0.00000 0.00321 0.00000 ( 1)
 223 Y   0.99546 0.00000 0.00454 0.00000 ( 1)
 224 V   0.99622 0.00000 0.00378 0.00000 ( 1)
 225 F   0.99702 0.00000 0.00298 0.00000 ( 1)
 226 P   0.99542 0.00000 0.00458 0.00000 ( 1)
 227 M   0.99806 0.00000 0.00194 0.00000 ( 1)
 228 L   0.99525 0.00000 0.00474 0.00000 ( 1)
 229 C   0.99806 0.00000 0.00194 0.00000 ( 1)
 230 I   0.99664 0.00000 0.00336 0.00000 ( 1)
 231 I   0.99686 0.00000 0.00314 0.00000 ( 1)
 232 Y   0.99477 0.00000 0.00523 0.00000 ( 1)
 233 F   0.99653 0.00000 0.00347 0.00000 ( 1)
 234 Y   0.99493 0.00000 0.00507 0.00000 ( 1)
 235 S   0.99609 0.00000 0.00391 0.00000 ( 1)
 236 G   0.99531 0.00000 0.00469 0.00000 ( 1)
 237 I   0.99645 0.00000 0.00355 0.00000 ( 1)
 238 V   0.99590 0.00000 0.00410 0.00000 ( 1)
 239 K   0.99609 0.00000 0.00391 0.00000 ( 1)
 240 Q   0.99438 0.00000 0.00562 0.00000 ( 1)
 241 V   0.99591 0.00000 0.00409 0.00000 ( 1)
 242 F   0.99639 0.00000 0.00361 0.00000 ( 1)
 243 A   0.99581 0.00000 0.00419 0.00000 ( 1)
 244 H   0.99539 0.00000 0.00461 0.00000 ( 1)
 245 E   0.99605 0.00000 0.00395 0.00000 ( 1)
 246 A   0.99593 0.00000 0.00407 0.00000 ( 1)
 247 A   0.99595 0.00000 0.00405 0.00000 ( 1)
 248 L   0.99484 0.00000 0.00516 0.00000 ( 1)
 249 R   0.99567 0.00000 0.00433 0.00000 ( 1)
 250 E   0.99617 0.00000 0.00383 0.00000 ( 1)
 251 Q   0.99438 0.00000 0.00562 0.00000 ( 1)
 252 A   0.99630 0.00000 0.00370 0.00000 ( 1)
 253 K   0.99597 0.00000 0.00403 0.00000 ( 1)
 254 K   0.99606 0.00000 0.00394 0.00000 ( 1)
 255 M   0.99806 0.00000 0.00194 0.00000 ( 1)
 256 N   0.99690 0.00000 0.00310 0.00000 ( 1)
 257 V   0.99591 0.00000 0.00409 0.00000 ( 1)
 258 E   0.99618 0.00000 0.00382 0.00000 ( 1)
 259 S   0.99489 0.00000 0.00511 0.00000 ( 1)
 260 L   0.99401 0.00000 0.00599 0.00000 ( 1)
 261 R   0.99379 0.00000 0.00621 0.00000 ( 1)
 262 S   0.99519 0.00000 0.00481 0.00000 ( 1)
 263 N   0.99689 0.00000 0.00311 0.00000 ( 1)
 264 Q   0.99447 0.00000 0.00553 0.00000 ( 1)
 265 N   0.99625 0.00000 0.00375 0.00000 ( 1)
 266 A   0.99588 0.00000 0.00412 0.00000 ( 1)
 267 G   0.00506 0.98184 0.00002 0.01308 ( 2)
 268 A   0.99586 0.00000 0.00414 0.00000 ( 1)
 269 E   0.92706 0.00000 0.07294 0.00000 ( 1)
 270 S   0.99497 0.00000 0.00503 0.00000 ( 1)
 271 A   0.99577 0.00000 0.00423 0.00000 ( 1)
 272 E   0.99613 0.00000 0.00387 0.00000 ( 1)
 273 I   0.99689 0.00000 0.00311 0.00000 ( 1)
 274 R   0.99478 0.00000 0.00522 0.00000 ( 1)
 275 I   0.99652 0.00000 0.00348 0.00000 ( 1)
 276 A   0.99599 0.00000 0.00401 0.00000 ( 1)
 277 K   0.99598 0.00000 0.00402 0.00000 ( 1)
 278 A   0.99592 0.00000 0.00408 0.00000 ( 1)
 279 A   0.99598 0.00000 0.00402 0.00000 ( 1)
 280 L   0.99509 0.00000 0.00491 0.00000 ( 1)
 281 T   0.99592 0.00000 0.00408 0.00000 ( 1)
 282 V   0.99590 0.00000 0.00410 0.00000 ( 1)
 283 C   0.99562 0.00000 0.00438 0.00000 ( 1)
 284 F   0.99703 0.00000 0.00297 0.00000 ( 1)
 285 L   0.99408 0.00000 0.00592 0.00000 ( 1)
 286 F   0.99650 0.00000 0.00350 0.00000 ( 1)
 287 V   0.99590 0.00000 0.00410 0.00000 ( 1)
 288 A   0.99637 0.00000 0.00363 0.00000 ( 1)
 289 S   0.99506 0.00000 0.00494 0.00000 ( 1)
 290 W   0.99426 0.00000 0.00574 0.00000 ( 1)
 291 T   0.99597 0.00000 0.00403 0.00000 ( 1)
 292 P   0.99546 0.00000 0.00454 0.00000 ( 1)
 293 Y   0.99492 0.00000 0.00508 0.00000 ( 1)
 294 G   0.99612 0.00000 0.00388 0.00000 ( 1)
 295 V   0.99606 0.00000 0.00394 0.00000 ( 1)
 296 M   0.99806 0.00000 0.00194 0.00000 ( 1)
 297 S   0.89751 0.00000 0.10249 0.00000 ( 1)
 298 L   0.99505 0.00000 0.00495 0.00000 ( 1)
 299 I   0.99659 0.00000 0.00341 0.00000 ( 1)
 300 G   0.99506 0.00000 0.00494 0.00000 ( 1)
 301 A   0.99633 0.00000 0.00367 0.00000 ( 1)
 302 F   0.99690 0.00000 0.00310 0.00000 ( 1)
 303 G   0.99506 0.00000 0.00494 0.00000 ( 1)
 304 D   0.99107 0.00000 0.00893 0.00000 ( 1)
 305 Q   0.87898 0.00000 0.12102 0.00000 ( 1)
 306 E   0.99423 0.00006 0.00571 0.00000 ( 1)
 307 L   0.99405 0.00000 0.00595 0.00000 ( 1)
 308 L   0.99446 0.00000 0.00554 0.00000 ( 1)
 309 T   0.99598 0.00000 0.00402 0.00000 ( 1)
 310 P   0.99515 0.00000 0.00485 0.00000 ( 1)
 311 G   0.99548 0.00000 0.00452 0.00000 ( 1)
 312 V   0.99592 0.00000 0.00408 0.00000 ( 1)
 313 T   0.99600 0.00000 0.00400 0.00000 ( 1)
 314 M   0.99806 0.00000 0.00194 0.00000 ( 1)
 315 I   0.99666 0.00000 0.00334 0.00000 ( 1)
 316 P   0.99539 0.00000 0.00461 0.00000 ( 1)
 317 A   0.99623 0.00000 0.00377 0.00000 ( 1)
 318 I   0.99592 0.00000 0.00408 0.00000 ( 1)
 319 T   0.99559 0.00000 0.00441 0.00000 ( 1)
 320 C   0.99563 0.00000 0.00437 0.00000 ( 1)
 321 K   0.99611 0.00000 0.00389 0.00000 ( 1)
 322 A   0.99575 0.00000 0.00425 0.00000 ( 1)
 323 V   0.99620 0.00000 0.00380 0.00000 ( 1)
 324 A   0.99598 0.00000 0.00402 0.00000 ( 1)
 325 C   0.99561 0.00000 0.00439 0.00000 ( 1)
 326 I   0.99710 0.00000 0.00290 0.00000 ( 1)
 327 D   0.99628 0.00000 0.00372 0.00000 ( 1)
 328 P   0.99515 0.00000 0.00485 0.00000 ( 1)
 329 W   0.99426 0.00000 0.00574 0.00000 ( 1)
 330 V   0.99576 0.00000 0.00424 0.00000 ( 1)
 331 Y   0.99530 0.00000 0.00470 0.00000 ( 1)
 332 A   0.99598 0.00000 0.00402 0.00000 ( 1)
 333 I   0.99697 0.00000 0.00303 0.00000 ( 1)
 334 S   0.99598 0.00000 0.00402 0.00000 ( 1)
 335 H   0.99519 0.00000 0.00481 0.00000 ( 1)
 336 P   0.99590 0.00000 0.00410 0.00000 ( 1)
 337 K   0.99595 0.00000 0.00405 0.00000 ( 1)
 338 Y   0.99546 0.00000 0.00454 0.00000 ( 1)
 339 R   0.99563 0.00000 0.00437 0.00000 ( 1)
 340 Q   0.99438 0.00000 0.00562 0.00000 ( 1)
 341 E   0.99611 0.00000 0.00389 0.00000 ( 1)
 342 L   0.99523 0.00000 0.00477 0.00000 ( 1)
 343 Q   0.99446 0.00000 0.00554 0.00000 ( 1)
 344 R   0.99375 0.00000 0.00625 0.00000 ( 1)
 345 R   0.99496 0.00000 0.00504 0.00000 ( 1)
 346 M   0.99806 0.00000 0.00194 0.00000 ( 1)
 347 P   0.99538 0.00000 0.00462 0.00000 ( 1)
 348 W   0.99426 0.00000 0.00574 0.00000 ( 1)
 349 L   0.99462 0.00000 0.00538 0.00000 ( 1)
 350 Q   0.99421 0.00000 0.00579 0.00000 ( 1)
 351 I   0.99658 0.00000 0.00342 0.00000 ( 1)
 352 S   0.10270 0.00000 0.89730 0.00000 ( 3)
 353 E   0.99614 0.00000 0.00386 0.00000 ( 1)
 354 P   0.99605 0.00000 0.00395 0.00000 ( 1)
 355 D   0.99653 0.00000 0.00347 0.00000 ( 1)
 356 D   0.99695 0.00000 0.00305 0.00000 ( 1)
 357 N   0.88700 0.00000 0.11300 0.00000 ( 1)
 358 T   0.00000 0.98685 0.00000 0.01315 ( 2)
 359 S   0.99505 0.00000 0.00495 0.00000 ( 1)
 360 N   0.99600 0.00000 0.00400 0.00000 ( 1)
 361 T   0.95117 0.00000 0.04883 0.00000 ( 1)
 362 S   0.99609 0.00000 0.00391 0.00000 ( 1)
 363 N   0.91756 0.00000 0.08244 0.00000 ( 1)
 364 T   0.99690 0.00000 0.00310 0.00000 ( 1)
 365 T   0.99644 0.00000 0.00356 0.00000 ( 1)
 366 T   0.99589 0.00000 0.00411 0.00000 ( 1)
 367 N   0.99246 0.00000 0.00754 0.00000 ( 1)
 368 S   0.00000 0.98685 0.00000 0.01315 ( 2)
 369 A   0.00000 0.98685 0.00000 0.01315 ( 2)
 370 A   0.89112 0.00000 0.10888 0.00000 ( 1)
 371 P   0.99216 0.00000 0.00784 0.00000 ( 1)


lnL = -75816.610155

