Supplemental results for CODEML (seqf: align.fa  treef: tree.nwk)


MLEs of dN/dS (w) for site classes (K=4)

site class             0        1       2a       2b
proportion       0.90638  0.02688  0.06482  0.00192
background w     0.04059  1.00000  0.04059  1.00000
foreground w     0.04059  1.00000  1.00000  1.00000

Naive Empirical Bayes (NEB) probabilities for 4 classes
(amino acids refer to 1st sequence: ColCroc|LWS3)

   1 M   0.97468 0.00000 0.02532 0.00000 ( 1)
   2 A   0.73550 0.00016 0.26432 0.00001 ( 1)
   3 T   0.00000 0.93326 0.00000 0.06674 ( 2)
   4 S   0.96850 0.00000 0.03150 0.00000 ( 1)
   5 M   0.96240 0.00000 0.03760 0.00000 ( 1)
   6 D   0.97020 0.00000 0.02980 0.00000 ( 1)
   7 P   0.95703 0.00000 0.04297 0.00000 ( 1)
   8 A   0.95187 0.00000 0.04813 0.00000 ( 1)
   9 P   0.95344 0.00000 0.04656 0.00000 ( 1)
  10 G   0.96599 0.00000 0.03401 0.00000 ( 1)
  11 V   0.00000 0.93326 0.00000 0.06674 ( 2)
  12 A   0.95823 0.00000 0.04177 0.00000 ( 1)
  13 A   0.96293 0.00000 0.03707 0.00000 ( 1)
  14 M   0.54841 0.00000 0.45159 0.00000 ( 1)
  15 Q   0.46056 0.00000 0.53944 0.00000 ( 3)
  16 T   0.95664 0.00000 0.04336 0.00000 ( 1)
  17 W   0.95637 0.00000 0.04363 0.00000 ( 1)
  18 G   0.96700 0.00000 0.03300 0.00000 ( 1)
  19 G   0.96082 0.00000 0.03918 0.00000 ( 1)
  20 H   0.95328 0.00000 0.04672 0.00000 ( 1)
  21 A   0.37210 0.00000 0.62790 0.00000 ( 3)
  22 E   0.96269 0.00000 0.03731 0.00000 ( 1)
  23 A   0.96547 0.00000 0.03453 0.00000 ( 1)
  24 Y   0.96454 0.00000 0.03546 0.00000 ( 1)
  25 S   0.96697 0.00000 0.03303 0.00000 ( 1)
  26 A   0.96735 0.00000 0.03265 0.00000 ( 1)
  27 N   0.96911 0.00000 0.03089 0.00000 ( 1)
  28 Q   0.95590 0.00000 0.04410 0.00000 ( 1)
  29 T   0.96790 0.00000 0.03210 0.00000 ( 1)
  30 V   0.96637 0.00000 0.03363 0.00000 ( 1)
  31 V   0.96996 0.00000 0.03004 0.00000 ( 1)
  32 D   0.97101 0.00000 0.02899 0.00000 ( 1)
  33 K   0.95834 0.00000 0.04166 0.00000 ( 1)
  34 V   0.96442 0.00000 0.03558 0.00000 ( 1)
  35 L   0.08768 0.76049 0.09744 0.05438 ( 2)
  36 P   0.95687 0.00000 0.04313 0.00000 ( 1)
  37 E   0.53568 0.00000 0.46432 0.00000 ( 1)
  38 M   0.97468 0.00000 0.02532 0.00000 ( 1)
  39 L   0.94861 0.00000 0.05139 0.00000 ( 1)
  40 H   0.96096 0.00000 0.03904 0.00000 ( 1)
  41 L   0.97468 0.00000 0.02532 0.00000 ( 1)
  42 I   0.90430 0.00000 0.09570 0.00000 ( 1)
  43 D   0.97087 0.00000 0.02913 0.00000 ( 1)
  44 A   0.95344 0.00000 0.04656 0.00000 ( 1)
  45 H   0.96411 0.00000 0.03589 0.00000 ( 1)
  46 W   0.95637 0.00000 0.04363 0.00000 ( 1)
  47 Y   0.95625 0.00000 0.04375 0.00000 ( 1)
  48 Q   0.95251 0.00000 0.04749 0.00000 ( 1)
  49 F   0.96528 0.00000 0.03472 0.00000 ( 1)
  50 P   0.95435 0.00000 0.04565 0.00000 ( 1)
  51 P   0.95931 0.00000 0.04069 0.00000 ( 1)
  52 M   0.97468 0.00000 0.02532 0.00000 ( 1)
  53 N   0.97010 0.00000 0.02990 0.00000 ( 1)
  54 P   0.95855 0.00000 0.04145 0.00000 ( 1)
  55 L   0.94964 0.00000 0.05036 0.00000 ( 1)
  56 W   0.95637 0.00000 0.04363 0.00000 ( 1)
  57 Y   0.96088 0.00000 0.03912 0.00000 ( 1)
  58 G   0.95197 0.00000 0.04803 0.00000 ( 1)
  59 L   0.96074 0.00000 0.03926 0.00000 ( 1)
  60 L   0.95525 0.00000 0.04475 0.00000 ( 1)
  61 G   0.95969 0.00000 0.04031 0.00000 ( 1)
  62 F   0.97231 0.00000 0.02769 0.00000 ( 1)
  63 T   0.04795 0.00000 0.95205 0.00000 ( 3)
  64 I   0.96699 0.00000 0.03301 0.00000 ( 1)
  65 C   0.96695 0.00000 0.03305 0.00000 ( 1)
  66 I   0.00000 0.93326 0.00000 0.06674 ( 2)
  67 L   0.96305 0.00000 0.03695 0.00000 ( 1)
  68 A   0.96411 0.00000 0.03589 0.00000 ( 1)
  69 F   0.97234 0.00000 0.02766 0.00000 ( 1)
  70 I   0.56241 0.00000 0.43759 0.00000 ( 1)
  71 S   0.95592 0.00000 0.04408 0.00000 ( 1)
  72 V   0.97291 0.00000 0.02709 0.00000 ( 1)
  73 T   0.95720 0.00000 0.04280 0.00000 ( 1)
  74 G   0.96610 0.00000 0.03390 0.00000 ( 1)
  75 N   0.97033 0.00000 0.02967 0.00000 ( 1)
  76 G   0.95181 0.00000 0.04819 0.00000 ( 1)
  77 M   0.97468 0.00000 0.02532 0.00000 ( 1)
  78 V   0.96518 0.00000 0.03482 0.00000 ( 1)
  79 I   0.96504 0.00000 0.03496 0.00000 ( 1)
  80 Y   0.96454 0.00000 0.03546 0.00000 ( 1)
  81 I   0.96944 0.00000 0.03056 0.00000 ( 1)
  82 F   0.97176 0.00000 0.02824 0.00000 ( 1)
  83 S   0.95768 0.00000 0.04232 0.00000 ( 1)
  84 T   0.65824 0.00062 0.34109 0.00004 ( 1)
  85 T   0.96592 0.00000 0.03408 0.00000 ( 1)
  86 K   0.96389 0.00000 0.03611 0.00000 ( 1)
  87 S   0.00000 0.93326 0.00000 0.06674 ( 2)
  88 L   0.95315 0.00000 0.04685 0.00000 ( 1)
  89 K   0.95843 0.00000 0.04157 0.00000 ( 1)
  90 T   0.95636 0.00000 0.04364 0.00000 ( 1)
  91 P   0.96029 0.00000 0.03971 0.00000 ( 1)
  92 S   0.95109 0.00000 0.04891 0.00000 ( 1)
  93 N   0.97023 0.00000 0.02977 0.00000 ( 1)
  94 L   0.95823 0.00000 0.04177 0.00000 ( 1)
  95 L   0.94722 0.00000 0.05278 0.00000 ( 1)
  96 V   0.96118 0.00000 0.03882 0.00000 ( 1)
  97 V   0.96241 0.00000 0.03759 0.00000 ( 1)
  98 N   0.96559 0.00000 0.03441 0.00000 ( 1)
  99 L   0.94948 0.00000 0.05052 0.00000 ( 1)
 100 A   0.96316 0.00000 0.03684 0.00000 ( 1)
 101 F   0.97003 0.00000 0.02997 0.00000 ( 1)
 102 S   0.95932 0.00000 0.04068 0.00000 ( 1)
 103 D   0.96963 0.00000 0.03037 0.00000 ( 1)
 104 F   0.97240 0.00000 0.02760 0.00000 ( 1)
 105 L   0.95270 0.00000 0.04730 0.00000 ( 1)
 106 M   0.97468 0.00000 0.02532 0.00000 ( 1)
 107 M   0.97468 0.00000 0.02532 0.00000 ( 1)
 108 A   0.07441 0.00000 0.92559 0.00000 ( 3)
 109 M   0.00000 0.93326 0.00000 0.06674 ( 2)
 110 M   0.97468 0.00000 0.02532 0.00000 ( 1)
 111 A   0.95948 0.00000 0.04052 0.00000 ( 1)
 112 P   0.95665 0.00000 0.04335 0.00000 ( 1)
 113 P   0.43145 0.06728 0.49646 0.00481 ( 3)
 114 L   0.97468 0.00000 0.02532 0.00000 ( 1)
 115 C   0.96306 0.00000 0.03694 0.00000 ( 1)
 116 I   0.95373 0.00000 0.04627 0.00000 ( 1)
 117 N   0.96315 0.00000 0.03685 0.00000 ( 1)
 118 S   0.95759 0.00000 0.04241 0.00000 ( 1)
 119 Y   0.96408 0.00000 0.03592 0.00000 ( 1)
 120 Y   0.50933 0.00000 0.49067 0.00000 ( 1)
 121 Q   0.95929 0.00000 0.04071 0.00000 ( 1)
 122 T   0.96039 0.00000 0.03961 0.00000 ( 1)
 123 W   0.95637 0.00000 0.04363 0.00000 ( 1)
 124 V   0.96058 0.00000 0.03942 0.00000 ( 1)
 125 F   0.96837 0.00000 0.03163 0.00000 ( 1)
 126 G   0.95446 0.00000 0.04554 0.00000 ( 1)
 127 P   0.95457 0.00000 0.04543 0.00000 ( 1)
 128 V   0.95527 0.00000 0.04473 0.00000 ( 1)
 129 A   0.96345 0.00000 0.03655 0.00000 ( 1)
 130 C   0.95794 0.00000 0.04206 0.00000 ( 1)
 131 Q   0.95929 0.00000 0.04071 0.00000 ( 1)
 132 F   0.95340 0.00000 0.04660 0.00000 ( 1)
 133 Y   0.96286 0.00000 0.03714 0.00000 ( 1)
 134 A   0.96616 0.00000 0.03384 0.00000 ( 1)
 135 C   0.96054 0.00000 0.03946 0.00000 ( 1)
 136 F   0.95781 0.00056 0.04159 0.00004 ( 1)
 137 G   0.95997 0.00000 0.04003 0.00000 ( 1)
 138 S   0.95170 0.00000 0.04830 0.00000 ( 1)
 139 L   0.94996 0.00000 0.05004 0.00000 ( 1)
 140 F   0.96719 0.00000 0.03281 0.00000 ( 1)
 141 G   0.96171 0.00000 0.03829 0.00000 ( 1)
 142 C   0.96278 0.00000 0.03722 0.00000 ( 1)
 143 V   0.95864 0.00000 0.04136 0.00000 ( 1)
 144 S   0.95821 0.00000 0.04179 0.00000 ( 1)
 145 I   0.96582 0.00000 0.03418 0.00000 ( 1)
 146 W   0.95637 0.00000 0.04363 0.00000 ( 1)
 147 T   0.95753 0.00000 0.04247 0.00000 ( 1)
 148 M   0.97468 0.00000 0.02532 0.00000 ( 1)
 149 T   0.96221 0.00000 0.03779 0.00000 ( 1)
 150 A   0.97468 0.00000 0.02532 0.00000 ( 1)
 151 I   0.96987 0.00000 0.03013 0.00000 ( 1)
 152 A   0.96827 0.00000 0.03173 0.00000 ( 1)
 153 F   0.97066 0.00000 0.02934 0.00000 ( 1)
 154 D   0.96920 0.00000 0.03080 0.00000 ( 1)
 155 R   0.94388 0.00000 0.05612 0.00000 ( 1)
 156 Y   0.96454 0.00000 0.03546 0.00000 ( 1)
 157 N   0.96324 0.00000 0.03676 0.00000 ( 1)
 158 V   0.96674 0.00000 0.03326 0.00000 ( 1)
 159 I   0.97271 0.00000 0.02729 0.00000 ( 1)
 160 V   0.95782 0.00000 0.04218 0.00000 ( 1)
 161 K   0.96040 0.00000 0.03960 0.00000 ( 1)
 162 G   0.95966 0.00000 0.04034 0.00000 ( 1)
 163 I   0.97290 0.00000 0.02710 0.00000 ( 1)
 164 A   0.97027 0.00000 0.02973 0.00000 ( 1)
 165 A   0.96982 0.00000 0.03018 0.00000 ( 1)
 166 K   0.96382 0.00000 0.03618 0.00000 ( 1)
 167 P   0.96663 0.00000 0.03337 0.00000 ( 1)
 168 L   0.97468 0.00000 0.02532 0.00000 ( 1)
 169 T   0.96893 0.00000 0.03107 0.00000 ( 1)
 170 V   0.96804 0.00000 0.03196 0.00000 ( 1)
 171 N   0.97010 0.00000 0.02990 0.00000 ( 1)
 172 G   0.95643 0.00000 0.04357 0.00000 ( 1)
 173 A   0.96243 0.00000 0.03757 0.00000 ( 1)
 174 L   0.95237 0.00000 0.04763 0.00000 ( 1)
 175 L   0.95276 0.00000 0.04724 0.00000 ( 1)
 176 Q   0.94501 0.00000 0.05499 0.00000 ( 1)
 177 I   0.96868 0.00000 0.03132 0.00000 ( 1)
 178 F   0.95931 0.00000 0.04069 0.00000 ( 1)
 179 G   0.95681 0.00000 0.04319 0.00000 ( 1)
 180 V   0.97282 0.00000 0.02718 0.00000 ( 1)
 181 W   0.95637 0.00000 0.04363 0.00000 ( 1)
 182 A   0.00000 0.93326 0.00000 0.06674 ( 2)
 183 F   0.97231 0.00000 0.02769 0.00000 ( 1)
 184 S   0.48454 0.00000 0.51546 0.00000 ( 3)
 185 L   0.95979 0.00000 0.04021 0.00000 ( 1)
 186 A   0.95672 0.00001 0.04328 0.00000 ( 1)
 187 W   0.95637 0.00000 0.04363 0.00000 ( 1)
 188 T   0.96191 0.00000 0.03809 0.00000 ( 1)
 189 L   0.95974 0.00000 0.04026 0.00000 ( 1)
 190 A   0.96069 0.00000 0.03931 0.00000 ( 1)
 191 P   0.95342 0.00000 0.04658 0.00000 ( 1)
 192 I   0.97244 0.00000 0.02756 0.00000 ( 1)
 193 F   0.97164 0.00000 0.02836 0.00000 ( 1)
 194 G   0.96399 0.00000 0.03601 0.00000 ( 1)
 195 W   0.95637 0.00000 0.04363 0.00000 ( 1)
 196 S   0.97033 0.00000 0.02967 0.00000 ( 1)
 197 R   0.96062 0.00000 0.03938 0.00000 ( 1)
 198 Y   0.96298 0.00000 0.03702 0.00000 ( 1)
 199 V   0.96349 0.00000 0.03651 0.00000 ( 1)
 200 P   0.95871 0.00000 0.04129 0.00000 ( 1)
 201 E   0.96070 0.00000 0.03930 0.00000 ( 1)
 202 G   0.96459 0.00000 0.03541 0.00000 ( 1)
 203 N   0.97022 0.00000 0.02978 0.00000 ( 1)
 204 M   0.97468 0.00000 0.02532 0.00000 ( 1)
 205 T   0.96765 0.00000 0.03235 0.00000 ( 1)
 206 A   0.96915 0.00000 0.03085 0.00000 ( 1)
 207 C   0.96495 0.00000 0.03505 0.00000 ( 1)
 208 G   0.95182 0.00000 0.04818 0.00000 ( 1)
 209 T   0.96312 0.00000 0.03688 0.00000 ( 1)
 210 D   0.97099 0.00000 0.02901 0.00000 ( 1)
 211 Y   0.96362 0.00000 0.03638 0.00000 ( 1)
 212 L   0.96232 0.00000 0.03768 0.00000 ( 1)
 213 S   0.00000 0.93326 0.00000 0.06674 ( 2)
 214 K   0.96383 0.00000 0.03617 0.00000 ( 1)
 215 D   0.97080 0.00000 0.02920 0.00000 ( 1)
 216 L   0.95637 0.00000 0.04363 0.00000 ( 1)
 217 L   0.00000 0.93326 0.00000 0.06674 ( 2)
 218 S   0.96893 0.00000 0.03107 0.00000 ( 1)
 219 Q   0.96115 0.00000 0.03885 0.00000 ( 1)
 220 I   0.96879 0.00000 0.03121 0.00000 ( 1)
 221 Y   0.96454 0.00000 0.03546 0.00000 ( 1)
 222 I   0.97280 0.00000 0.02720 0.00000 ( 1)
 223 I   0.96472 0.00000 0.03528 0.00000 ( 1)
 224 T   0.95640 0.00000 0.04360 0.00000 ( 1)
 225 Y   0.96446 0.00000 0.03554 0.00000 ( 1)
 226 S   0.95228 0.00000 0.04772 0.00000 ( 1)
 227 I   0.91236 0.00000 0.08764 0.00000 ( 1)
 228 A   0.97165 0.00000 0.02835 0.00000 ( 1)
 229 C   0.96593 0.00000 0.03407 0.00000 ( 1)
 230 Y   0.96236 0.00000 0.03764 0.00000 ( 1)
 231 F   0.51889 0.00000 0.48111 0.00000 ( 1)
 232 L   0.00000 0.93326 0.00000 0.06674 ( 2)
 233 P   0.95905 0.00000 0.04095 0.00000 ( 1)
 234 L   0.95926 0.00000 0.04074 0.00000 ( 1)
 235 A   0.96722 0.00000 0.03278 0.00000 ( 1)
 236 L   0.96689 0.00000 0.03311 0.00000 ( 1)
 237 I   0.97287 0.00000 0.02713 0.00000 ( 1)
 238 V   0.97287 0.00000 0.02713 0.00000 ( 1)
 239 Y   0.96448 0.00000 0.03552 0.00000 ( 1)
 240 S   0.95963 0.00000 0.04037 0.00000 ( 1)
 241 Y   0.96454 0.00000 0.03546 0.00000 ( 1)
 242 F   0.97242 0.00000 0.02758 0.00000 ( 1)
 243 F   0.97233 0.00000 0.02767 0.00000 ( 1)
 244 I   0.96636 0.00000 0.03364 0.00000 ( 1)
 245 V   0.95672 0.00000 0.04328 0.00000 ( 1)
 246 Q   0.95591 0.00000 0.04409 0.00000 ( 1)
 247 A   0.96774 0.00000 0.03226 0.00000 ( 1)
 248 V   0.95796 0.00000 0.04204 0.00000 ( 1)
 249 A   0.96068 0.00000 0.03932 0.00000 ( 1)
 250 A   0.96275 0.00000 0.03725 0.00000 ( 1)
 251 H   0.96567 0.00000 0.03433 0.00000 ( 1)
 252 E   0.95979 0.00000 0.04021 0.00000 ( 1)
 253 K   0.95852 0.00000 0.04148 0.00000 ( 1)
 254 A   0.97020 0.00000 0.02980 0.00000 ( 1)
 255 M   0.97468 0.00000 0.02532 0.00000 ( 1)
 256 R   0.96200 0.00000 0.03800 0.00000 ( 1)
 257 E   0.95929 0.00000 0.04071 0.00000 ( 1)
 258 Q   0.95433 0.00000 0.04567 0.00000 ( 1)
 259 A   0.96699 0.00000 0.03301 0.00000 ( 1)
 260 K   0.96338 0.00000 0.03662 0.00000 ( 1)
 261 K   0.96267 0.00000 0.03733 0.00000 ( 1)
 262 M   0.97468 0.00000 0.02532 0.00000 ( 1)
 263 N   0.97032 0.00000 0.02968 0.00000 ( 1)
 264 V   0.96404 0.00000 0.03596 0.00000 ( 1)
 265 A   0.96216 0.00000 0.03784 0.00000 ( 1)
 266 S   0.96457 0.00000 0.03543 0.00000 ( 1)
 267 L   0.96711 0.00000 0.03289 0.00000 ( 1)
 268 R   0.94802 0.00000 0.05198 0.00000 ( 1)
 269 S   0.95198 0.00000 0.04802 0.00000 ( 1)
 270 S   0.95912 0.00000 0.04088 0.00000 ( 1)
 271 E   0.95994 0.00000 0.04006 0.00000 ( 1)
 272 Q   0.96237 0.00000 0.03763 0.00000 ( 1)
 273 A   0.96272 0.00000 0.03728 0.00000 ( 1)
 274 N   0.97024 0.00000 0.02976 0.00000 ( 1)
 275 T   0.97009 0.00000 0.02991 0.00000 ( 1)
 276 S   0.96659 0.00000 0.03341 0.00000 ( 1)
 277 A   0.96586 0.00000 0.03414 0.00000 ( 1)
 278 E   0.95952 0.00000 0.04048 0.00000 ( 1)
 279 C   0.96511 0.00000 0.03489 0.00000 ( 1)
 280 K   0.95829 0.00000 0.04171 0.00000 ( 1)
 281 L   0.94966 0.00000 0.05034 0.00000 ( 1)
 282 A   0.96346 0.00000 0.03654 0.00000 ( 1)
 283 K   0.96277 0.00000 0.03723 0.00000 ( 1)
 284 V   0.96012 0.00000 0.03988 0.00000 ( 1)
 285 A   0.96380 0.00000 0.03620 0.00000 ( 1)
 286 L   0.95519 0.00000 0.04481 0.00000 ( 1)
 287 M   0.97468 0.00000 0.02532 0.00000 ( 1)
 288 T   0.97022 0.00000 0.02978 0.00000 ( 1)
 289 I   0.96821 0.00000 0.03179 0.00000 ( 1)
 290 S   0.96386 0.00000 0.03614 0.00000 ( 1)
 291 L   0.94967 0.00000 0.05033 0.00000 ( 1)
 292 W   0.95637 0.00000 0.04363 0.00000 ( 1)
 293 F   0.97242 0.00000 0.02758 0.00000 ( 1)
 294 M   0.97468 0.00000 0.02532 0.00000 ( 1)
 295 A   0.96220 0.00000 0.03780 0.00000 ( 1)
 296 W   0.95637 0.00000 0.04363 0.00000 ( 1)
 297 T   0.96381 0.00000 0.03619 0.00000 ( 1)
 298 P   0.95393 0.00000 0.04607 0.00000 ( 1)
 299 Y   0.96440 0.00000 0.03560 0.00000 ( 1)
 300 L   0.95236 0.00000 0.04764 0.00000 ( 1)
 301 V   0.96402 0.00000 0.03598 0.00000 ( 1)
 302 I   0.97303 0.00000 0.02697 0.00000 ( 1)
 303 N   0.97024 0.00000 0.02976 0.00000 ( 1)
 304 F   0.96454 0.00000 0.03546 0.00000 ( 1)
 305 A   0.96465 0.00000 0.03535 0.00000 ( 1)
 306 G   0.95708 0.00000 0.04292 0.00000 ( 1)
 307 V   0.96083 0.00000 0.03917 0.00000 ( 1)
 308 F   0.97204 0.00000 0.02796 0.00000 ( 1)
 309 E   0.96483 0.00000 0.03517 0.00000 ( 1)
 310 T   0.96892 0.00000 0.03108 0.00000 ( 1)
 311 A   0.96152 0.00000 0.03848 0.00000 ( 1)
 312 P   0.96613 0.00000 0.03387 0.00000 ( 1)
 313 I   0.97166 0.00000 0.02834 0.00000 ( 1)
 314 S   0.96818 0.00000 0.03182 0.00000 ( 1)
 315 P   0.95971 0.00000 0.04029 0.00000 ( 1)
 316 L   0.96338 0.00000 0.03662 0.00000 ( 1)
 317 S   0.97023 0.00000 0.02977 0.00000 ( 1)
 318 T   0.96346 0.00000 0.03654 0.00000 ( 1)
 319 I   0.97224 0.00000 0.02776 0.00000 ( 1)
 320 W   0.95637 0.00000 0.04363 0.00000 ( 1)
 321 G   0.96641 0.00000 0.03359 0.00000 ( 1)
 322 S   0.95750 0.00000 0.04250 0.00000 ( 1)
 323 V   0.50764 0.00000 0.49236 0.00000 ( 1)
 324 F   0.97218 0.00000 0.02782 0.00000 ( 1)
 325 A   0.97026 0.00000 0.02974 0.00000 ( 1)
 326 K   0.96378 0.00000 0.03622 0.00000 ( 1)
 327 A   0.96316 0.00000 0.03684 0.00000 ( 1)
 328 N   0.96352 0.00000 0.03648 0.00000 ( 1)
 329 A   0.96329 0.00000 0.03671 0.00000 ( 1)
 330 V   0.96385 0.00000 0.03615 0.00000 ( 1)
 331 Y   0.96453 0.00000 0.03547 0.00000 ( 1)
 332 N   0.96760 0.00000 0.03240 0.00000 ( 1)
 333 P   0.96278 0.00000 0.03722 0.00000 ( 1)
 334 I   0.96631 0.00000 0.03369 0.00000 ( 1)
 335 V   0.95703 0.00000 0.04297 0.00000 ( 1)
 336 Y   0.95689 0.00000 0.04311 0.00000 ( 1)
 337 G   0.96080 0.00000 0.03920 0.00000 ( 1)
 338 I   0.97292 0.00000 0.02708 0.00000 ( 1)
 339 S   0.96878 0.00000 0.03122 0.00000 ( 1)
 340 H   0.95837 0.00000 0.04163 0.00000 ( 1)
 341 P   0.95861 0.00000 0.04139 0.00000 ( 1)
 342 K   0.95843 0.00000 0.04157 0.00000 ( 1)
 343 Y   0.96454 0.00000 0.03546 0.00000 ( 1)
 344 R   0.94186 0.00000 0.05814 0.00000 ( 1)
 345 A   0.96375 0.00000 0.03625 0.00000 ( 1)
 346 A   0.96626 0.00000 0.03374 0.00000 ( 1)
 347 L   0.95545 0.00000 0.04455 0.00000 ( 1)
 348 Y   0.96454 0.00000 0.03546 0.00000 ( 1)
 349 Q   0.95335 0.00000 0.04665 0.00000 ( 1)
 350 R   0.96270 0.00000 0.03730 0.00000 ( 1)
 351 F   0.97244 0.00000 0.02756 0.00000 ( 1)
 352 P   0.95803 0.00000 0.04197 0.00000 ( 1)
 353 S   0.95919 0.00000 0.04081 0.00000 ( 1)
 354 L   0.95463 0.00000 0.04537 0.00000 ( 1)
 355 A   0.95913 0.00000 0.04087 0.00000 ( 1)
 356 C   0.96511 0.00000 0.03489 0.00000 ( 1)
 357 Q   0.95369 0.00000 0.04631 0.00000 ( 1)
 358 P   0.50305 0.05176 0.44149 0.00370 ( 1)
 359 S   0.02880 0.00000 0.97120 0.00000 ( 3)
 360 P   0.96585 0.00000 0.03415 0.00000 ( 1)
 361 E   0.96436 0.00000 0.03564 0.00000 ( 1)
 362 E   0.51754 0.00000 0.48246 0.00000 ( 1)
 363 T   0.00000 0.93326 0.00000 0.06674 ( 2)
 364 G   0.96655 0.00000 0.03345 0.00000 ( 1)
 365 S   0.96663 0.00000 0.03337 0.00000 ( 1)
 366 V   0.96400 0.00000 0.03600 0.00000 ( 1)
 367 A   0.96796 0.00000 0.03204 0.00000 ( 1)
 368 S   0.96656 0.00000 0.03344 0.00000 ( 1)
 369 A   0.92511 0.00000 0.07489 0.00000 ( 1)
 370 A   0.67394 0.00000 0.32606 0.00000 ( 1)
 371 T   0.96849 0.00000 0.03151 0.00000 ( 1)
 372 A   0.57179 0.00000 0.42821 0.00000 ( 1)
 373 C   0.56911 0.00000 0.43089 0.00000 ( 1)
 374 T   0.51456 0.00000 0.48544 0.00000 ( 1)
 375 E   0.96464 0.00000 0.03536 0.00000 ( 1)
 376 E   0.96483 0.00000 0.03517 0.00000 ( 1)
 377 K   0.96388 0.00000 0.03612 0.00000 ( 1)
 378 P   0.96126 0.00000 0.03874 0.00000 ( 1)
 379 S   0.49055 0.00000 0.50945 0.00000 ( 3)
 380 A   0.96384 0.00000 0.03616 0.00000 ( 1)


lnL = -69098.567383

