Supplemental results for CODEML (seqf: align.fa  treef: tree.nwk)


MLEs of dN/dS (w) for site classes (K=11)

p:   0.10000  0.10000  0.10000  0.10000  0.10000  0.10000  0.10000  0.10000  0.10000  0.10000  0.00001
w:   0.00000  0.00014  0.00101  0.00374  0.01003  0.02235  0.04458  0.08370  0.15586  0.32533  1.00000

Naive Empirical Bayes (NEB) probabilities for 11 classes & postmean_w
(amino acids refer to 1st sequence: ColCroc|Blue5)

   1 N   0.00000 0.00000 0.00001 0.00935 0.37548 0.59944 0.01572 0.00000 0.00000 0.00000 0.00000 ( 6)  0.018
   2 V   0.00000 0.00000 0.00000 0.00000 0.00000 0.00006 0.06213 0.91523 0.02258 0.00000 0.00000 ( 8)  0.083
   3 N   0.00000 0.00000 0.00000 0.00000 0.00000 0.00000 0.00000 0.00000 0.00000 1.00000 0.00000 (10)  0.325
   4 N   0.00000 0.00000 0.00025 0.02601 0.33817 0.56438 0.07100 0.00019 0.00000 0.00000 0.00000 ( 6)  0.019
   5 F   0.00000 0.00000 0.00000 0.00000 0.00000 0.00000 0.00000 0.00031 0.99883 0.00086 0.00000 ( 9)  0.156
   6 S   0.00000 0.00000 0.00000 0.00000 0.00000 0.00000 0.00773 0.76927 0.22301 0.00000 0.00000 ( 8)  0.099
   7 A   0.00000 0.00000 0.00000 0.00000 0.00000 0.00000 0.00000 0.00000 0.04798 0.95202 0.00000 (10)  0.317
   8 E   0.00000 0.00000 0.00000 0.00000 0.00000 0.00000 0.00000 0.00000 0.00000 1.00000 0.00000 (10)  0.325
   9 A   0.00000 0.00000 0.00000 0.00000 0.00000 0.00105 0.42359 0.57522 0.00015 0.00000 0.00000 ( 8)  0.067
  10 R   0.00000 0.00000 0.00000 0.00000 0.00000 0.00076 0.18528 0.80715 0.00681 0.00000 0.00000 ( 8)  0.077
  11 P   0.00000 0.00000 0.00000 0.00000 0.00000 0.00002 0.02434 0.79483 0.18081 0.00000 0.00000 ( 8)  0.096
  12 V   0.00000 0.00000 0.00000 0.00000 0.00000 0.00000 0.00030 0.87506 0.12464 0.00000 0.00000 ( 8)  0.093
  13 A   0.00000 0.00000 0.00000 0.00045 0.04789 0.51888 0.42310 0.00968 0.00000 0.00000 0.00000 ( 6)  0.032
  14 Y   0.00000 0.00000 0.00000 0.00000 0.00000 0.00000 0.00000 0.00002 0.46373 0.53624 0.00000 (10)  0.247
  15 P   0.00000 0.00000 0.00000 0.00000 0.00000 0.00006 0.02859 0.71147 0.25987 0.00000 0.00000 ( 8)  0.101
  16 F   0.00000 0.00000 0.00000 0.00000 0.00000 0.00000 0.00014 0.11765 0.88204 0.00018 0.00000 ( 9)  0.147
  17 K   0.00000 0.00000 0.00000 0.00000 0.00000 0.00000 0.00244 0.47297 0.52459 0.00000 0.00000 ( 9)  0.121
  18 M   0.00000 0.00000 0.00000 0.00000 0.00057 0.24085 0.75531 0.00327 0.00000 0.00000 0.00000 ( 7)  0.039
  19 V   0.00000 0.00000 0.00016 0.01748 0.26373 0.59049 0.12723 0.00091 0.00000 0.00000 0.00000 ( 6)  0.022
  20 S   0.00000 0.00000 0.00000 0.00000 0.00000 0.00000 0.00010 0.12053 0.87931 0.00007 0.00000 ( 9)  0.147
  21 D   0.00000 0.00000 0.00000 0.00000 0.00000 0.00000 0.00000 0.00000 0.00037 0.99963 0.00000 (10)  0.325
  22 E   0.00000 0.00000 0.00000 0.00000 0.00011 0.04938 0.77778 0.17269 0.00004 0.00000 0.00000 ( 7)  0.050
  23 V   0.00000 0.00000 0.00000 0.00000 0.00001 0.01396 0.66067 0.32525 0.00012 0.00000 0.00000 ( 7)  0.057
  24 Q   0.00000 0.00000 0.00000 0.00000 0.00000 0.00000 0.00052 0.33251 0.66697 0.00000 0.00000 ( 9)  0.132
  25 Q   0.00000 0.00000 0.00000 0.00000 0.00000 0.00000 0.00019 0.39599 0.60382 0.00000 0.00000 ( 9)  0.127
  26 N   0.00000 0.00000 0.00002 0.00778 0.23469 0.65821 0.09910 0.00020 0.00000 0.00000 0.00000 ( 6)  0.022
  27 M   0.00103 0.06905 0.35728 0.46090 0.10958 0.00215 0.00000 0.00000 0.00000 0.00000 0.00000 ( 4)  0.003
  28 L   0.00000 0.00050 0.02255 0.19307 0.47145 0.28578 0.02652 0.00014 0.00000 0.00000 0.00000 ( 5)  0.013
  29 G   0.30035 0.29140 0.24060 0.13207 0.03329 0.00226 0.00002 0.00000 0.00000 0.00000 0.00000 ( 1)  0.001
  30 W   0.00000 0.00000 0.00000 0.00012 0.01697 0.30644 0.61312 0.06330 0.00004 0.00000 0.00000 ( 7)  0.040
  31 N   0.00000 0.00189 0.07545 0.43818 0.43811 0.04619 0.00018 0.00000 0.00000 0.00000 0.00000 ( 4)  0.007
  32 V   0.00000 0.00000 0.00000 0.00032 0.06033 0.66615 0.27207 0.00112 0.00000 0.00000 0.00000 ( 6)  0.028
  33 P   0.27358 0.26791 0.23463 0.15484 0.05954 0.00918 0.00032 0.00000 0.00000 0.00000 0.00000 ( 1)  0.002
  34 S   0.00000 0.00000 0.00000 0.00000 0.00000 0.00001 0.02088 0.87418 0.10493 0.00000 0.00000 ( 8)  0.090
  35 E   0.00000 0.00077 0.03369 0.26062 0.50381 0.19323 0.00787 0.00001 0.00000 0.00000 0.00000 ( 5)  0.011
  36 Y   0.00000 0.00000 0.00001 0.00281 0.11617 0.60242 0.27464 0.00395 0.00000 0.00000 0.00000 ( 6)  0.027
  37 Q   0.00000 0.00000 0.00000 0.00001 0.00397 0.16383 0.68598 0.14599 0.00021 0.00000 0.00000 ( 7)  0.047
  38 D   0.00000 0.00000 0.00000 0.00000 0.00000 0.01455 0.81563 0.16981 0.00000 0.00000 0.00000 ( 7)  0.051
  39 L   0.00000 0.00000 0.00000 0.00000 0.00000 0.00000 0.00064 0.41624 0.58312 0.00000 0.00000 ( 9)  0.126
  40 V   0.00000 0.00136 0.05628 0.36825 0.48502 0.08815 0.00095 0.00000 0.00000 0.00000 0.00000 ( 5)  0.008
  41 H   0.00000 0.00000 0.00000 0.00019 0.04127 0.58948 0.36628 0.00278 0.00000 0.00000 0.00000 ( 6)  0.030
  42 D   0.00000 0.00000 0.00000 0.00000 0.00000 0.00000 0.00000 0.00037 0.99937 0.00026 0.00000 ( 9)  0.156
  43 H   0.31023 0.29976 0.24120 0.12210 0.02551 0.00119 0.00000 0.00000 0.00000 0.00000 0.00000 ( 1)  0.001
  44 W   0.27371 0.26803 0.23468 0.15477 0.05939 0.00910 0.00031 0.00000 0.00000 0.00000 0.00000 ( 1)  0.002
  45 R   0.00000 0.00001 0.00174 0.05520 0.36238 0.49031 0.08954 0.00083 0.00000 0.00000 0.00000 ( 6)  0.019
  46 N   0.00000 0.00000 0.00000 0.00000 0.00000 0.00000 0.00000 0.00575 0.99425 0.00000 0.00000 ( 9)  0.155
  47 F   0.00000 0.00000 0.00008 0.02302 0.44307 0.51750 0.01633 0.00000 0.00000 0.00000 0.00000 ( 6)  0.017
  48 A   0.00000 0.00000 0.00007 0.00838 0.15942 0.55899 0.26588 0.00726 0.00000 0.00000 0.00000 ( 6)  0.027
  49 A   0.00000 0.00000 0.00000 0.00000 0.00348 0.19916 0.72497 0.07236 0.00002 0.00000 0.00000 ( 7)  0.043
  50 I   0.00000 0.00000 0.00000 0.00353 0.20870 0.71311 0.07461 0.00005 0.00000 0.00000 0.00000 ( 6)  0.021
  51 D   0.00000 0.00000 0.00000 0.00000 0.00000 0.00000 0.00429 0.97305 0.02266 0.00000 0.00000 ( 8)  0.085
  52 K   0.30475 0.29515 0.24099 0.12772 0.02968 0.00171 0.00001 0.00000 0.00000 0.00000 0.00000 ( 1)  0.001
  53 F   0.00000 0.00000 0.00000 0.00104 0.09013 0.65183 0.25541 0.00159 0.00000 0.00000 0.00000 ( 6)  0.027
  54 W   0.00000 0.00000 0.00000 0.00001 0.00401 0.16526 0.68750 0.14303 0.00019 0.00000 0.00000 ( 7)  0.046
  55 H   0.30900 0.29873 0.24118 0.12338 0.02641 0.00129 0.00001 0.00000 0.00000 0.00000 0.00000 ( 1)  0.001
  56 Y   0.00000 0.00000 0.00000 0.00000 0.00059 0.11427 0.80726 0.07787 0.00001 0.00000 0.00000 ( 7)  0.045
  57 C   0.00000 0.00000 0.00000 0.00000 0.00000 0.00000 0.00000 0.00048 0.99903 0.00049 0.00000 ( 9)  0.156
  58 L   0.00000 0.00001 0.00209 0.06444 0.39518 0.46932 0.06851 0.00044 0.00000 0.00000 0.00000 ( 6)  0.018
  59 A   0.30211 0.29289 0.24072 0.13030 0.03190 0.00207 0.00002 0.00000 0.00000 0.00000 0.00000 ( 1)  0.001
  60 L   0.00000 0.00000 0.00000 0.00002 0.01385 0.43504 0.54253 0.00856 0.00000 0.00000 0.00000 ( 7)  0.035
  61 I   0.00000 0.00000 0.00001 0.00597 0.28910 0.66975 0.03516 0.00001 0.00000 0.00000 0.00000 ( 6)  0.019
  62 Y   0.30184 0.29268 0.24077 0.13063 0.03202 0.00205 0.00001 0.00000 0.00000 0.00000 0.00000 ( 1)  0.001
  63 M   0.00000 0.00000 0.00000 0.00000 0.00011 0.06624 0.85548 0.07817 0.00000 0.00000 0.00000 ( 7)  0.046
  64 I   0.00000 0.00000 0.00000 0.00000 0.00000 0.00000 0.01774 0.98069 0.00157 0.00000 0.00000 ( 8)  0.083
  65 L   0.28981 0.28229 0.23896 0.14186 0.04286 0.00416 0.00006 0.00000 0.00000 0.00000 0.00000 ( 1)  0.001
  66 W   0.00000 0.00000 0.00000 0.00010 0.06650 0.83816 0.09523 0.00001 0.00000 0.00000 0.00000 ( 6)  0.024
  67 I   0.00000 0.00000 0.00000 0.00000 0.00000 0.00000 0.00000 0.00000 0.24266 0.75734 0.00000 (10)  0.284
  68 S   0.00000 0.00000 0.00000 0.00000 0.00000 0.00001 0.03511 0.94122 0.02366 0.00000 0.00000 ( 8)  0.084
  69 S   0.27927 0.27299 0.23640 0.15063 0.05347 0.00707 0.00019 0.00000 0.00000 0.00000 0.00000 ( 1)  0.002
  70 V   0.00000 0.00000 0.00000 0.00000 0.00000 0.00000 0.00000 0.00002 0.91132 0.08867 0.00000 ( 9)  0.171
  71 C   0.00000 0.00000 0.00000 0.00000 0.00000 0.00000 0.00000 0.00059 0.95818 0.04123 0.00000 ( 9)  0.163
  72 G   0.30242 0.29317 0.24082 0.13005 0.03155 0.00198 0.00001 0.00000 0.00000 0.00000 0.00000 ( 1)  0.001
  73 N   0.31189 0.30114 0.24117 0.12033 0.02438 0.00108 0.00000 0.00000 0.00000 0.00000 0.00000 ( 1)  0.001
  74 G   0.00000 0.00050 0.02246 0.19264 0.47191 0.28627 0.02611 0.00013 0.00000 0.00000 0.00000 ( 5)  0.013
  75 I   0.00000 0.00000 0.00124 0.09455 0.62282 0.27800 0.00340 0.00000 0.00000 0.00000 0.00000 ( 5)  0.013
  76 V   0.31843 0.30654 0.24091 0.11335 0.02008 0.00069 0.00000 0.00000 0.00000 0.00000 0.00000 ( 1)  0.001
  77 V   0.00000 0.00000 0.00000 0.00026 0.05198 0.63567 0.31037 0.00173 0.00000 0.00000 0.00000 ( 6)  0.029
  78 W   0.00000 0.00039 0.01770 0.15988 0.44066 0.33545 0.04549 0.00043 0.00000 0.00000 0.00000 ( 5)  0.015
  79 I   0.30909 0.29880 0.24115 0.12326 0.02638 0.00130 0.00001 0.00000 0.00000 0.00000 0.00000 ( 1)  0.001
  80 F   0.29555 0.28728 0.24000 0.13668 0.03747 0.00299 0.00003 0.00000 0.00000 0.00000 0.00000 ( 1)  0.001
  81 S   0.00000 0.00000 0.00000 0.00000 0.00000 0.00001 0.04888 0.94767 0.00344 0.00000 0.00000 ( 8)  0.082
  82 T   0.28526 0.27830 0.23800 0.14582 0.04729 0.00523 0.00010 0.00000 0.00000 0.00000 0.00000 ( 1)  0.001
  83 S   0.00030 0.02056 0.13157 0.33038 0.36302 0.14167 0.01240 0.00010 0.00000 0.00000 0.00000 ( 5)  0.009
  84 K   0.00000 0.00052 0.02361 0.20025 0.47789 0.27496 0.02268 0.00009 0.00000 0.00000 0.00000 ( 5)  0.013
  85 S   0.00000 0.00000 0.00000 0.00000 0.00000 0.00002 0.03245 0.91028 0.05725 0.00000 0.00000 ( 8)  0.087
  86 L   0.29543 0.28717 0.23995 0.13675 0.03762 0.00304 0.00003 0.00000 0.00000 0.00000 0.00000 ( 1)  0.001
  87 R   0.00025 0.01722 0.11209 0.29664 0.36774 0.18151 0.02414 0.00040 0.00000 0.00000 0.00000 ( 5)  0.010
  88 S   0.00000 0.00000 0.00000 0.00049 0.05111 0.53378 0.40645 0.00817 0.00000 0.00000 0.00000 ( 6)  0.031
  89 A   0.00000 0.00000 0.00000 0.00000 0.00008 0.02909 0.59460 0.37529 0.00094 0.00000 0.00000 ( 7)  0.059
  90 S   0.00000 0.00152 0.06217 0.39184 0.47241 0.07153 0.00054 0.00000 0.00000 0.00000 0.00000 ( 5)  0.008
  91 N   0.32894 0.31504 0.23968 0.10181 0.01423 0.00030 0.00000 0.00000 0.00000 0.00000 0.00000 ( 1)  0.001
  92 M   0.00000 0.00000 0.00000 0.00063 0.14866 0.80794 0.04277 0.00000 0.00000 0.00000 0.00000 ( 6)  0.021
  93 F   0.33185 0.31735 0.23913 0.09857 0.01286 0.00024 0.00000 0.00000 0.00000 0.00000 0.00000 ( 1)  0.001
  94 I   0.00000 0.00002 0.00628 0.15536 0.57568 0.25617 0.00649 0.00000 0.00000 0.00000 0.00000 ( 5)  0.012
  95 V   0.00000 0.00165 0.06685 0.40860 0.46053 0.06197 0.00039 0.00000 0.00000 0.00000 0.00000 ( 5)  0.008
  96 N   0.33036 0.31617 0.23942 0.10024 0.01355 0.00027 0.00000 0.00000 0.00000 0.00000 0.00000 ( 1)  0.001
  97 L   0.27680 0.27079 0.23564 0.15248 0.05609 0.00796 0.00024 0.00000 0.00000 0.00000 0.00000 ( 1)  0.002
  98 A   0.29013 0.28257 0.23906 0.14161 0.04252 0.00406 0.00006 0.00000 0.00000 0.00000 0.00000 ( 1)  0.001
  99 L   0.00000 0.00000 0.00000 0.00000 0.00000 0.00000 0.00000 0.00056 0.99868 0.00076 0.00000 ( 9)  0.156
 100 F   0.33298 0.31824 0.23889 0.09731 0.01235 0.00022 0.00000 0.00000 0.00000 0.00000 0.00000 ( 1)  0.001
 101 D   0.32679 0.31332 0.24003 0.10419 0.01531 0.00036 0.00000 0.00000 0.00000 0.00000 0.00000 ( 1)  0.001
 102 M   0.00000 0.00000 0.00000 0.00000 0.00000 0.00265 0.25423 0.73361 0.00951 0.00000 0.00000 ( 8)  0.074
 103 V   0.00000 0.00000 0.00000 0.00000 0.00635 0.54822 0.44484 0.00059 0.00000 0.00000 0.00000 ( 6)  0.032
 104 M   0.34793 0.32972 0.23457 0.08076 0.00697 0.00006 0.00000 0.00000 0.00000 0.00000 0.00000 ( 1)  0.001
 105 M   0.34793 0.32972 0.23457 0.08076 0.00697 0.00006 0.00000 0.00000 0.00000 0.00000 0.00000 ( 1)  0.001
 106 I   0.00000 0.00000 0.00000 0.00000 0.00000 0.00000 0.00000 0.00001 0.22835 0.77164 0.00000 (10)  0.287
 107 E   0.30480 0.29519 0.24099 0.12767 0.02963 0.00170 0.00001 0.00000 0.00000 0.00000 0.00000 ( 1)  0.001
 108 M   0.34793 0.32972 0.23457 0.08076 0.00697 0.00006 0.00000 0.00000 0.00000 0.00000 0.00000 ( 1)  0.001
 109 P   0.28211 0.27552 0.23721 0.14842 0.05049 0.00613 0.00014 0.00000 0.00000 0.00000 0.00000 ( 1)  0.001
 110 H   0.00000 0.00000 0.00000 0.00000 0.00000 0.00452 0.33894 0.65221 0.00433 0.00000 0.00000 ( 8)  0.070
 111 L   0.00000 0.00002 0.00525 0.13557 0.55300 0.29585 0.01030 0.00001 0.00000 0.00000 0.00000 ( 5)  0.013
 112 I   0.00000 0.00000 0.00000 0.00156 0.18145 0.76191 0.05507 0.00001 0.00000 0.00000 0.00000 ( 6)  0.021
 113 I   0.00000 0.00000 0.00000 0.00000 0.00000 0.00000 0.00000 0.00000 0.00062 0.99938 0.00000 (10)  0.325
 114 N   0.33122 0.31685 0.23926 0.09928 0.01315 0.00025 0.00000 0.00000 0.00000 0.00000 0.00000 ( 1)  0.001
 115 S   0.29135 0.28363 0.23929 0.14053 0.04136 0.00379 0.00005 0.00000 0.00000 0.00000 0.00000 ( 1)  0.001
 116 F   0.00000 0.00207 0.08161 0.45733 0.42109 0.03779 0.00011 0.00000 0.00000 0.00000 0.00000 ( 4)  0.007
 117 Y   0.00000 0.00000 0.00000 0.00000 0.00000 0.00000 0.00000 0.01069 0.98930 0.00001 0.00000 ( 9)  0.155
 118 Q   0.00000 0.00000 0.00000 0.00130 0.06513 0.48821 0.42680 0.01856 0.00000 0.00000 0.00000 ( 6)  0.032
 119 K   0.00000 0.00000 0.00000 0.00000 0.00000 0.00263 0.20889 0.76362 0.02486 0.00000 0.00000 ( 8)  0.077
 120 M   0.00000 0.00000 0.00000 0.00000 0.00000 0.00000 0.00000 0.00019 0.99219 0.00762 0.00000 ( 9)  0.157
 121 I   0.00000 0.00000 0.00000 0.00000 0.00000 0.00000 0.00000 0.00073 0.99845 0.00082 0.00000 ( 9)  0.156
 122 G   0.30302 0.29369 0.24087 0.12945 0.03105 0.00190 0.00001 0.00000 0.00000 0.00000 0.00000 ( 1)  0.001
 123 Y   0.00000 0.00000 0.00028 0.02837 0.35607 0.55398 0.06117 0.00013 0.00000 0.00000 0.00000 ( 6)  0.019
 124 Q   0.00000 0.00000 0.00162 0.05197 0.35033 0.49728 0.09780 0.00099 0.00000 0.00000 0.00000 ( 6)  0.019
 125 V   0.00000 0.00000 0.00000 0.00000 0.00014 0.05905 0.79887 0.14192 0.00002 0.00000 0.00000 ( 7)  0.049
 126 G   0.00000 0.00000 0.00028 0.02856 0.35740 0.55303 0.06059 0.00013 0.00000 0.00000 0.00000 ( 6)  0.019
 127 C   0.28488 0.27796 0.23790 0.14613 0.04768 0.00534 0.00011 0.00000 0.00000 0.00000 0.00000 ( 1)  0.001
 128 D   0.00000 0.00003 0.00801 0.18647 0.59996 0.20241 0.00311 0.00000 0.00000 0.00000 0.00000 ( 5)  0.011
 129 I   0.00000 0.00000 0.00000 0.00000 0.00000 0.00000 0.00000 0.03527 0.96473 0.00000 0.00000 ( 9)  0.153
 130 Y   0.29740 0.28887 0.24027 0.13493 0.03582 0.00268 0.00003 0.00000 0.00000 0.00000 0.00000 ( 1)  0.001
 131 A   0.00000 0.00000 0.00000 0.00000 0.00028 0.06855 0.75540 0.17568 0.00009 0.00000 0.00000 ( 7)  0.050
 132 T   0.00000 0.00000 0.00000 0.00000 0.00000 0.00000 0.00000 0.00008 0.97775 0.02218 0.00000 ( 9)  0.160
 133 L   0.00000 0.00000 0.00000 0.00020 0.02566 0.38226 0.55610 0.03576 0.00001 0.00000 0.00000 ( 7)  0.037
 134 G   0.29594 0.28762 0.24006 0.13631 0.03711 0.00292 0.00003 0.00000 0.00000 0.00000 0.00000 ( 1)  0.001
 135 S   0.00000 0.00000 0.00000 0.00000 0.00348 0.19998 0.72642 0.07010 0.00002 0.00000 0.00000 ( 7)  0.043
 136 I   0.00000 0.00000 0.00000 0.00000 0.00257 0.16588 0.73355 0.09796 0.00004 0.00000 0.00000 ( 7)  0.045
 137 S   0.00000 0.00000 0.00006 0.00754 0.14736 0.54644 0.28896 0.00964 0.00000 0.00000 0.00000 ( 6)  0.027
 138 G   0.29949 0.29067 0.24053 0.13293 0.03400 0.00236 0.00002 0.00000 0.00000 0.00000 0.00000 ( 1)  0.001
 139 I   0.00000 0.00168 0.06787 0.41160 0.45751 0.06094 0.00040 0.00000 0.00000 0.00000 0.00000 ( 5)  0.008
 140 G   0.26777 0.26267 0.23251 0.15871 0.06595 0.01184 0.00054 0.00000 0.00000 0.00000 0.00000 ( 1)  0.002
 141 A   0.00000 0.00000 0.00142 0.04632 0.32623 0.50624 0.11812 0.00167 0.00000 0.00000 0.00000 ( 6)  0.020
 142 A   0.00042 0.02915 0.17904 0.39522 0.32308 0.07086 0.00222 0.00000 0.00000 0.00000 0.00000 ( 4)  0.007
 143 I   0.00000 0.00000 0.00095 0.07667 0.57747 0.33801 0.00690 0.00000 0.00000 0.00000 0.00000 ( 5)  0.014
 144 S   0.00000 0.00000 0.00000 0.00000 0.00005 0.02673 0.65134 0.32156 0.00033 0.00000 0.00000 ( 7)  0.057
 145 N   0.30352 0.29411 0.24089 0.12894 0.03067 0.00185 0.00001 0.00000 0.00000 0.00000 0.00000 ( 1)  0.001
 146 A   0.00000 0.00000 0.00009 0.01013 0.18232 0.57529 0.22760 0.00458 0.00000 0.00000 0.00000 ( 6)  0.025
 147 V   0.00000 0.00000 0.00000 0.00119 0.09905 0.66357 0.23484 0.00135 0.00000 0.00000 0.00000 ( 6)  0.026
 148 I   0.31125 0.30061 0.24115 0.12100 0.02485 0.00114 0.00000 0.00000 0.00000 0.00000 0.00000 ( 1)  0.001
 149 A   0.00042 0.02866 0.17642 0.39229 0.32601 0.07377 0.00243 0.00000 0.00000 0.00000 0.00000 ( 4)  0.007
 150 Y   0.00000 0.00000 0.00001 0.00320 0.12739 0.61704 0.24943 0.00294 0.00000 0.00000 0.00000 ( 6)  0.026
 151 D   0.29850 0.28982 0.24040 0.13387 0.03487 0.00252 0.00002 0.00000 0.00000 0.00000 0.00000 ( 1)  0.001
 152 R   0.26611 0.26116 0.23188 0.15976 0.06781 0.01266 0.00062 0.00000 0.00000 0.00000 0.00000 ( 1)  0.002
 153 Y   0.00046 0.03130 0.19034 0.40737 0.31006 0.05905 0.00143 0.00000 0.00000 0.00000 0.00000 ( 4)  0.006
 154 K   0.00048 0.03319 0.20011 0.41691 0.29815 0.05018 0.00097 0.00000 0.00000 0.00000 0.00000 ( 4)  0.006
 155 T   0.29937 0.29056 0.24050 0.13303 0.03413 0.00239 0.00002 0.00000 0.00000 0.00000 0.00000 ( 1)  0.001
 156 I   0.31639 0.30487 0.24106 0.11555 0.02134 0.00079 0.00000 0.00000 0.00000 0.00000 0.00000 ( 1)  0.001
 157 S   0.27279 0.26720 0.23434 0.15537 0.06042 0.00953 0.00035 0.00000 0.00000 0.00000 0.00000 ( 1)  0.002
 158 C   0.00000 0.00000 0.00000 0.00000 0.00004 0.02393 0.62148 0.35404 0.00050 0.00000 0.00000 ( 7)  0.058
 159 P   0.26915 0.26391 0.23304 0.15783 0.06443 0.01116 0.00048 0.00000 0.00000 0.00000 0.00000 ( 1)  0.002
 160 I   0.00035 0.02391 0.15053 0.35893 0.35059 0.10919 0.00647 0.00003 0.00000 0.00000 0.00000 ( 4)  0.008
 161 D   0.31645 0.30491 0.24101 0.11547 0.02135 0.00080 0.00000 0.00000 0.00000 0.00000 0.00000 ( 1)  0.001
 162 G   0.27565 0.26976 0.23530 0.15336 0.05731 0.00836 0.00026 0.00000 0.00000 0.00000 0.00000 ( 1)  0.002
 163 R   0.27444 0.26868 0.23489 0.15421 0.05863 0.00886 0.00030 0.00000 0.00000 0.00000 0.00000 ( 1)  0.002
 164 I   0.00000 0.00000 0.00048 0.04425 0.45259 0.47588 0.02677 0.00002 0.00000 0.00000 0.00000 ( 6)  0.017
 165 N   0.00000 0.00000 0.00000 0.00012 0.04830 0.71890 0.23234 0.00034 0.00000 0.00000 0.00000 ( 6)  0.027
 166 K   0.00000 0.00000 0.00000 0.00000 0.00000 0.00000 0.00109 0.41252 0.58638 0.00000 0.00000 ( 9)  0.126
 167 V   0.00000 0.00000 0.00000 0.00017 0.03721 0.56192 0.39662 0.00408 0.00000 0.00000 0.00000 ( 6)  0.031
 168 Q   0.26348 0.25877 0.23081 0.16131 0.07076 0.01410 0.00077 0.00000 0.00000 0.00000 0.00000 ( 1)  0.002
 169 A   0.29896 0.29021 0.24046 0.13343 0.03447 0.00245 0.00002 0.00000 0.00000 0.00000 0.00000 ( 1)  0.001
 170 S   0.00000 0.00000 0.00000 0.00000 0.00000 0.00000 0.00000 0.00000 0.00000 1.00000 0.00000 (10)  0.325
 171 I   0.00000 0.00000 0.00000 0.00000 0.00000 0.00029 0.09915 0.86696 0.03360 0.00000 0.00000 ( 8)  0.082
 172 L   0.00000 0.00059 0.02629 0.21718 0.48805 0.25072 0.01712 0.00005 0.00000 0.00000 0.00000 ( 5)  0.012
 173 I   0.00000 0.00003 0.00893 0.20155 0.60612 0.18104 0.00233 0.00000 0.00000 0.00000 0.00000 ( 5)  0.011
 174 A   0.00000 0.00000 0.00000 0.00000 0.00000 0.00000 0.00000 0.00000 0.01274 0.98726 0.00000 (10)  0.323
 175 F   0.00000 0.00205 0.08086 0.45505 0.42319 0.03874 0.00012 0.00000 0.00000 0.00000 0.00000 ( 4)  0.007
 176 T   0.00000 0.00001 0.00350 0.09835 0.48783 0.38340 0.02686 0.00005 0.00000 0.00000 0.00000 ( 5)  0.015
 177 W   0.27371 0.26803 0.23468 0.15477 0.05939 0.00910 0.00031 0.00000 0.00000 0.00000 0.00000 ( 1)  0.002
 178 F   0.00000 0.00000 0.00000 0.00000 0.00000 0.00000 0.00424 0.96716 0.02860 0.00000 0.00000 ( 8)  0.086
 179 W   0.27371 0.26803 0.23468 0.15477 0.05939 0.00910 0.00031 0.00000 0.00000 0.00000 0.00000 ( 1)  0.002
 180 T   0.00000 0.00000 0.00000 0.00000 0.00000 0.00000 0.00029 0.32021 0.67950 0.00000 0.00000 ( 9)  0.133
 181 L   0.00000 0.00000 0.00000 0.00000 0.00000 0.00000 0.00000 0.00000 0.02505 0.97495 0.00000 (10)  0.321
 182 P   0.28173 0.27518 0.23709 0.14871 0.05089 0.00626 0.00015 0.00000 0.00000 0.00000 0.00000 ( 1)  0.001
 183 F   0.33304 0.31829 0.23888 0.09725 0.01233 0.00022 0.00000 0.00000 0.00000 0.00000 0.00000 ( 1)  0.001
 184 T   0.00055 0.03722 0.22027 0.43296 0.27220 0.03631 0.00049 0.00000 0.00000 0.00000 0.00000 ( 4)  0.005
 185 I   0.00000 0.00000 0.00000 0.00000 0.00000 0.00000 0.00000 0.00008 0.99910 0.00082 0.00000 ( 9)  0.156
 186 L   0.00000 0.00000 0.00000 0.00000 0.00025 0.04499 0.61436 0.33927 0.00113 0.00000 0.00000 ( 7)  0.057
 187 P   0.26620 0.26124 0.23191 0.15969 0.06770 0.01263 0.00062 0.00000 0.00000 0.00000 0.00000 ( 1)  0.002
 188 L   0.00000 0.00000 0.00000 0.00000 0.00000 0.00000 0.00000 0.03565 0.96431 0.00004 0.00000 ( 9)  0.153
 189 L   0.00000 0.00000 0.00000 0.00000 0.00000 0.00000 0.00000 0.12720 0.87280 0.00000 0.00000 ( 9)  0.147
 190 K   0.00000 0.00000 0.00000 0.00000 0.00000 0.00000 0.00000 0.00229 0.99750 0.00020 0.00000 ( 9)  0.156
 191 V   0.00000 0.00000 0.00000 0.00000 0.00000 0.00000 0.00216 0.82745 0.17039 0.00000 0.00000 ( 8)  0.096
 192 W   0.27371 0.26803 0.23468 0.15477 0.05939 0.00910 0.00031 0.00000 0.00000 0.00000 0.00000 ( 1)  0.002
 193 G   0.26531 0.26043 0.23154 0.16022 0.06871 0.01311 0.00067 0.00000 0.00000 0.00000 0.00000 ( 1)  0.002
 194 K   0.00000 0.00000 0.00000 0.00000 0.00000 0.00000 0.00004 0.03364 0.94571 0.02060 0.00000 ( 9)  0.157
 195 F   0.00000 0.00000 0.00000 0.00000 0.00000 0.00000 0.00001 0.08014 0.91985 0.00000 0.00000 ( 9)  0.150
 196 V   0.00043 0.02944 0.18055 0.39687 0.32137 0.06924 0.00210 0.00000 0.00000 0.00000 0.00000 ( 4)  0.007
 197 P   0.00026 0.01812 0.11740 0.30638 0.36761 0.16996 0.02000 0.00026 0.00000 0.00000 0.00000 ( 5)  0.010
 198 E   0.30931 0.29899 0.24118 0.12305 0.02619 0.00127 0.00001 0.00000 0.00000 0.00000 0.00000 ( 1)  0.001
 199 G   0.28162 0.27508 0.23704 0.14876 0.05102 0.00632 0.00015 0.00000 0.00000 0.00000 0.00000 ( 1)  0.001
 200 F   0.00084 0.05678 0.30900 0.46710 0.15988 0.00639 0.00001 0.00000 0.00000 0.00000 0.00000 ( 4)  0.004
 201 L   0.26959 0.26430 0.23318 0.15750 0.06395 0.01100 0.00047 0.00000 0.00000 0.00000 0.00000 ( 1)  0.002
 202 T   0.29755 0.28899 0.24026 0.13477 0.03572 0.00268 0.00003 0.00000 0.00000 0.00000 0.00000 ( 1)  0.001
 203 T   0.30504 0.29539 0.24099 0.12742 0.02947 0.00169 0.00001 0.00000 0.00000 0.00000 0.00000 ( 1)  0.001
 204 C   0.28357 0.27680 0.23755 0.14719 0.04903 0.00574 0.00012 0.00000 0.00000 0.00000 0.00000 ( 1)  0.001
 205 S   0.00041 0.02836 0.17487 0.39059 0.32780 0.07542 0.00254 0.00000 0.00000 0.00000 0.00000 ( 4)  0.007
 206 F   0.33211 0.31755 0.23908 0.09828 0.01274 0.00024 0.00000 0.00000 0.00000 0.00000 0.00000 ( 1)  0.001
 207 D   0.32874 0.31488 0.23971 0.10203 0.01433 0.00031 0.00000 0.00000 0.00000 0.00000 0.00000 ( 1)  0.001
 208 Y   0.00000 0.00000 0.00000 0.00016 0.03647 0.56023 0.39923 0.00391 0.00000 0.00000 0.00000 ( 6)  0.031
 209 F   0.00000 0.00000 0.00000 0.00000 0.00000 0.00112 0.53223 0.46663 0.00002 0.00000 0.00000 ( 7)  0.063
 210 T   0.00000 0.00000 0.00002 0.00573 0.19155 0.65833 0.14380 0.00058 0.00000 0.00000 0.00000 ( 6)  0.023
 211 D   0.00000 0.00000 0.00000 0.00000 0.00000 0.00040 0.21422 0.78388 0.00150 0.00000 0.00000 ( 8)  0.075
 212 D   0.00079 0.05323 0.29407 0.46573 0.17742 0.00874 0.00002 0.00000 0.00000 0.00000 0.00000 ( 4)  0.004
 213 E   0.00000 0.00000 0.00000 0.00000 0.00001 0.00613 0.33842 0.64918 0.00626 0.00000 0.00000 ( 8)  0.071
 214 D   0.00078 0.05257 0.29122 0.46528 0.18087 0.00927 0.00002 0.00000 0.00000 0.00000 0.00000 ( 4)  0.004
 215 T   0.30539 0.29569 0.24102 0.12706 0.02918 0.00165 0.00001 0.00000 0.00000 0.00000 0.00000 ( 1)  0.001
 216 K   0.00000 0.00000 0.00000 0.00000 0.00319 0.24741 0.72284 0.02655 0.00000 0.00000 0.00000 ( 7)  0.040
 217 V   0.00000 0.00000 0.00000 0.00139 0.11129 0.68334 0.20315 0.00083 0.00000 0.00000 0.00000 ( 6)  0.026
 218 F   0.33196 0.31743 0.23911 0.09846 0.01281 0.00024 0.00000 0.00000 0.00000 0.00000 0.00000 ( 1)  0.001
 219 V   0.00065 0.04385 0.25214 0.45273 0.23042 0.02008 0.00012 0.00000 0.00000 0.00000 0.00000 ( 4)  0.005
 220 A   0.00000 0.00000 0.00000 0.00000 0.00000 0.00000 0.01645 0.96418 0.01937 0.00000 0.00000 ( 8)  0.084
 221 C   0.00000 0.00000 0.00000 0.00000 0.00000 0.00708 0.50719 0.48526 0.00047 0.00000 0.00000 ( 7)  0.063
 222 I   0.00000 0.00232 0.09023 0.48145 0.39698 0.02896 0.00006 0.00000 0.00000 0.00000 0.00000 ( 4)  0.007
 223 F   0.00083 0.05596 0.30559 0.46692 0.16382 0.00687 0.00001 0.00000 0.00000 0.00000 0.00000 ( 4)  0.004
 224 V   0.00000 0.00000 0.00000 0.00000 0.00000 0.00000 0.00004 0.22632 0.77364 0.00000 0.00000 ( 9)  0.140
 225 W   0.27371 0.26803 0.23468 0.15477 0.05939 0.00910 0.00031 0.00000 0.00000 0.00000 0.00000 ( 1)  0.002
 226 S   0.00000 0.00141 0.05839 0.37714 0.48097 0.08133 0.00075 0.00000 0.00000 0.00000 0.00000 ( 5)  0.008
 227 Y   0.30462 0.29504 0.24099 0.12786 0.02977 0.00172 0.00001 0.00000 0.00000 0.00000 0.00000 ( 1)  0.001
 228 C   0.00000 0.00000 0.00000 0.00000 0.00000 0.00000 0.00000 0.00083 0.99855 0.00062 0.00000 ( 9)  0.156
 229 F   0.00000 0.00004 0.01178 0.24561 0.61438 0.12735 0.00083 0.00000 0.00000 0.00000 0.00000 ( 5)  0.010
 230 P   0.29641 0.28802 0.24014 0.13588 0.03669 0.00283 0.00003 0.00000 0.00000 0.00000 0.00000 ( 1)  0.001
 231 M   0.34793 0.32972 0.23457 0.08076 0.00697 0.00006 0.00000 0.00000 0.00000 0.00000 0.00000 ( 1)  0.001
 232 A   0.00000 0.00000 0.00000 0.00000 0.00000 0.00000 0.00000 0.00000 0.00000 1.00000 0.00000 (10)  0.325
 233 L   0.00000 0.00000 0.00000 0.00000 0.00620 0.35832 0.62575 0.00972 0.00000 0.00000 0.00000 ( 7)  0.037
 234 I   0.00000 0.00004 0.01182 0.24617 0.61446 0.12669 0.00082 0.00000 0.00000 0.00000 0.00000 ( 5)  0.010
 235 C   0.00000 0.00001 0.00373 0.10351 0.49973 0.37018 0.02282 0.00003 0.00000 0.00000 0.00000 ( 5)  0.015
 236 I   0.00000 0.00000 0.00000 0.00000 0.00005 0.04036 0.80651 0.15306 0.00001 0.00000 0.00000 ( 7)  0.050
 237 F   0.33363 0.31875 0.23875 0.09659 0.01207 0.00021 0.00000 0.00000 0.00000 0.00000 0.00000 ( 1)  0.001
 238 Y   0.29893 0.29019 0.24046 0.13347 0.03448 0.00245 0.00002 0.00000 0.00000 0.00000 0.00000 ( 1)  0.001
 239 S   0.00000 0.00000 0.00007 0.00862 0.16270 0.56186 0.25998 0.00676 0.00000 0.00000 0.00000 ( 6)  0.026
 240 K   0.00000 0.00000 0.00000 0.00015 0.01988 0.33490 0.59446 0.05059 0.00002 0.00000 0.00000 ( 7)  0.038
 241 L   0.28737 0.28015 0.23847 0.14401 0.04521 0.00471 0.00008 0.00000 0.00000 0.00000 0.00000 ( 1)  0.001
 242 F   0.30731 0.29731 0.24111 0.12510 0.02770 0.00146 0.00001 0.00000 0.00000 0.00000 0.00000 ( 1)  0.001
 243 T   0.00000 0.00000 0.00000 0.00000 0.00000 0.00000 0.00000 0.00165 0.98687 0.01148 0.00000 ( 9)  0.158
 244 A   0.28623 0.27916 0.23822 0.14499 0.04632 0.00499 0.00009 0.00000 0.00000 0.00000 0.00000 ( 1)  0.001
 245 V   0.00058 0.03975 0.23263 0.44155 0.25606 0.02913 0.00030 0.00000 0.00000 0.00000 0.00000 ( 4)  0.005
 246 R   0.00021 0.01489 0.09806 0.26939 0.36413 0.21331 0.03886 0.00114 0.00000 0.00000 0.00000 ( 5)  0.011
 247 L   0.00000 0.00000 0.00000 0.00000 0.00000 0.00438 0.46421 0.53090 0.00052 0.00000 0.00000 ( 8)  0.065
 248 H   0.30863 0.29842 0.24117 0.12376 0.02668 0.00133 0.00001 0.00000 0.00000 0.00000 0.00000 ( 1)  0.001
 249 E   0.00053 0.03636 0.21614 0.43053 0.27771 0.03821 0.00051 0.00000 0.00000 0.00000 0.00000 ( 4)  0.005
 250 K   0.00000 0.00000 0.00000 0.00000 0.00000 0.00001 0.01524 0.69666 0.28809 0.00000 0.00000 ( 8)  0.104
 251 M   0.34793 0.32972 0.23457 0.08076 0.00697 0.00006 0.00000 0.00000 0.00000 0.00000 0.00000 ( 1)  0.001
 252 L   0.28139 0.27488 0.23699 0.14896 0.05125 0.00638 0.00015 0.00000 0.00000 0.00000 0.00000 ( 1)  0.001
 253 K   0.00000 0.00000 0.00000 0.00000 0.00000 0.00000 0.00000 0.00000 0.00100 0.99900 0.00000 (10)  0.325
 254 E   0.00000 0.00000 0.00000 0.00000 0.00000 0.00000 0.00153 0.69477 0.30369 0.00000 0.00000 ( 8)  0.106
 255 Q   0.25787 0.25363 0.22834 0.16433 0.07709 0.01751 0.00121 0.00001 0.00000 0.00000 0.00000 ( 1)  0.002
 256 A   0.31355 0.30252 0.24115 0.11858 0.02322 0.00096 0.00000 0.00000 0.00000 0.00000 0.00000 ( 1)  0.001
 257 K   0.00000 0.00002 0.00469 0.12418 0.53638 0.32103 0.01368 0.00001 0.00000 0.00000 0.00000 ( 5)  0.014
 258 K   0.30792 0.29782 0.24114 0.12449 0.02722 0.00139 0.00001 0.00000 0.00000 0.00000 0.00000 ( 1)  0.001
 259 M   0.34793 0.32972 0.23457 0.08076 0.00697 0.00006 0.00000 0.00000 0.00000 0.00000 0.00000 ( 1)  0.001
 260 N   0.32908 0.31516 0.23965 0.10165 0.01416 0.00030 0.00000 0.00000 0.00000 0.00000 0.00000 ( 1)  0.001
 261 V   0.31729 0.30561 0.24100 0.11458 0.02078 0.00074 0.00000 0.00000 0.00000 0.00000 0.00000 ( 1)  0.001
 262 K   0.30138 0.29228 0.24072 0.13108 0.03241 0.00211 0.00002 0.00000 0.00000 0.00000 0.00000 ( 1)  0.001
 263 S   0.00000 0.00059 0.02617 0.21585 0.48511 0.25337 0.01884 0.00008 0.00000 0.00000 0.00000 ( 5)  0.012
 264 L   0.28212 0.27552 0.23718 0.14837 0.05050 0.00616 0.00014 0.00000 0.00000 0.00000 0.00000 ( 1)  0.001
 265 A   0.00000 0.00000 0.00000 0.00000 0.00000 0.00000 0.00020 0.25417 0.74563 0.00000 0.00000 ( 9)  0.137
 266 S   0.00000 0.00000 0.00000 0.00000 0.00000 0.00000 0.01078 0.89679 0.09243 0.00000 0.00000 ( 8)  0.090
 267 N   0.00000 0.00000 0.00000 0.00013 0.05189 0.73269 0.21502 0.00026 0.00000 0.00000 0.00000 ( 6)  0.027
 268 K   0.29704 0.28856 0.24022 0.13528 0.03614 0.00274 0.00003 0.00000 0.00000 0.00000 0.00000 ( 1)  0.001
 269 E   0.00000 0.00000 0.00000 0.00000 0.00000 0.00000 0.00000 0.05128 0.94872 0.00000 0.00000 ( 9)  0.152
 270 D   0.00000 0.00000 0.00036 0.03515 0.40084 0.52096 0.04262 0.00006 0.00000 0.00000 0.00000 ( 6)  0.018
 271 A   0.00000 0.00000 0.00000 0.00000 0.00000 0.00005 0.07382 0.91758 0.00855 0.00000 0.00000 ( 8)  0.081
 272 G   0.00000 0.00000 0.00000 0.00000 0.00000 0.00000 0.00000 0.07073 0.92926 0.00000 0.00000 ( 9)  0.151
 273 K   0.00000 0.00000 0.00000 0.00000 0.00016 0.04599 0.69359 0.26000 0.00026 0.00000 0.00000 ( 7)  0.054
 274 S   0.00000 0.00123 0.05168 0.34917 0.49408 0.10247 0.00136 0.00000 0.00000 0.00000 0.00000 ( 5)  0.009
 275 V   0.00000 0.00000 0.00000 0.00000 0.00000 0.00133 0.29091 0.70581 0.00195 0.00000 0.00000 ( 8)  0.072
 276 E   0.30452 0.29496 0.24098 0.12795 0.02985 0.00173 0.00001 0.00000 0.00000 0.00000 0.00000 ( 1)  0.001
 277 I   0.33509 0.31989 0.23839 0.09496 0.01148 0.00019 0.00000 0.00000 0.00000 0.00000 0.00000 ( 1)  0.001
 278 R   0.28611 0.27905 0.23819 0.14509 0.04645 0.00503 0.00009 0.00000 0.00000 0.00000 0.00000 ( 1)  0.001
 279 I   0.32812 0.31438 0.23979 0.10271 0.01467 0.00033 0.00000 0.00000 0.00000 0.00000 0.00000 ( 1)  0.001
 280 A   0.29123 0.28353 0.23927 0.14063 0.04146 0.00381 0.00005 0.00000 0.00000 0.00000 0.00000 ( 1)  0.001
 281 K   0.29312 0.28518 0.23963 0.13893 0.03968 0.00342 0.00004 0.00000 0.00000 0.00000 0.00000 ( 1)  0.001
 282 V   0.31251 0.30165 0.24116 0.11968 0.02396 0.00104 0.00000 0.00000 0.00000 0.00000 0.00000 ( 1)  0.001
 283 A   0.30841 0.29823 0.24113 0.12397 0.02689 0.00136 0.00001 0.00000 0.00000 0.00000 0.00000 ( 1)  0.001
 284 F   0.33252 0.31788 0.23899 0.09783 0.01256 0.00023 0.00000 0.00000 0.00000 0.00000 0.00000 ( 1)  0.001
 285 T   0.29992 0.29103 0.24053 0.13247 0.03369 0.00234 0.00002 0.00000 0.00000 0.00000 0.00000 ( 1)  0.001
 286 I   0.32353 0.31069 0.24044 0.10778 0.01708 0.00047 0.00000 0.00000 0.00000 0.00000 0.00000 ( 1)  0.001
 287 F   0.33368 0.31879 0.23874 0.09654 0.01205 0.00021 0.00000 0.00000 0.00000 0.00000 0.00000 ( 1)  0.001
 288 F   0.33217 0.31760 0.23906 0.09822 0.01272 0.00023 0.00000 0.00000 0.00000 0.00000 0.00000 ( 1)  0.001
 289 L   0.00041 0.02789 0.17230 0.38738 0.33038 0.07877 0.00287 0.00001 0.00000 0.00000 0.00000 ( 4)  0.007
 290 F   0.32710 0.31357 0.23997 0.10385 0.01516 0.00035 0.00000 0.00000 0.00000 0.00000 0.00000 ( 1)  0.001
 291 V   0.00000 0.00000 0.00000 0.00000 0.00000 0.00000 0.00940 0.95006 0.04054 0.00000 0.00000 ( 8)  0.086
 292 C   0.28063 0.27420 0.23680 0.14959 0.05202 0.00659 0.00016 0.00000 0.00000 0.00000 0.00000 ( 1)  0.002
 293 A   0.00000 0.00000 0.00000 0.00000 0.00000 0.00000 0.00767 0.85682 0.13550 0.00000 0.00000 ( 8)  0.093
 294 W   0.27371 0.26803 0.23468 0.15477 0.05939 0.00910 0.00031 0.00000 0.00000 0.00000 0.00000 ( 1)  0.002
 295 T   0.29778 0.28920 0.24031 0.13457 0.03549 0.00262 0.00002 0.00000 0.00000 0.00000 0.00000 ( 1)  0.001
 296 P   0.27778 0.27167 0.23597 0.15178 0.05502 0.00755 0.00021 0.00000 0.00000 0.00000 0.00000 ( 1)  0.002
 297 Y   0.29648 0.28808 0.24015 0.13581 0.03663 0.00282 0.00003 0.00000 0.00000 0.00000 0.00000 ( 1)  0.001
 298 A   0.29374 0.28571 0.23970 0.13834 0.03915 0.00333 0.00004 0.00000 0.00000 0.00000 0.00000 ( 1)  0.001
 299 V   0.00000 0.00000 0.00000 0.00000 0.00000 0.00295 0.60349 0.39353 0.00003 0.00000 0.00000 ( 7)  0.060
 300 V   0.00000 0.00103 0.04374 0.31228 0.50335 0.13654 0.00307 0.00000 0.00000 0.00000 0.00000 ( 5)  0.009
 301 T   0.00000 0.00000 0.00000 0.00000 0.00000 0.00000 0.00000 0.00002 0.82528 0.17471 0.00000 ( 9)  0.185
 302 M   0.00000 0.00000 0.00002 0.01376 0.46144 0.51757 0.00721 0.00000 0.00000 0.00000 0.00000 ( 6)  0.017
 303 I   0.00000 0.00000 0.00000 0.00000 0.00000 0.00441 0.33341 0.65741 0.00476 0.00000 0.00000 ( 8)  0.071
 304 G   0.00000 0.00048 0.02168 0.18740 0.46728 0.29413 0.02886 0.00016 0.00000 0.00000 0.00000 ( 5)  0.013
 305 A   0.00000 0.00001 0.00173 0.05496 0.36129 0.49065 0.09051 0.00086 0.00000 0.00000 0.00000 ( 6)  0.019
 306 F   0.00000 0.00000 0.00000 0.00006 0.01686 0.38737 0.57482 0.02088 0.00000 0.00000 0.00000 ( 7)  0.036
 307 G   0.00000 0.00025 0.01186 0.11518 0.37525 0.39695 0.09785 0.00266 0.00000 0.00000 0.00000 ( 6)  0.018
 308 D   0.00000 0.00003 0.00927 0.20741 0.60971 0.17170 0.00188 0.00000 0.00000 0.00000 0.00000 ( 5)  0.011
 309 R   0.00000 0.00083 0.03616 0.27435 0.50643 0.17632 0.00590 0.00000 0.00000 0.00000 0.00000 ( 5)  0.010
 310 S   0.00000 0.00000 0.00000 0.00000 0.00000 0.00000 0.00000 0.00000 0.00000 1.00000 0.00000 (10)  0.325
 311 L   0.00000 0.00000 0.00000 0.00000 0.00000 0.00000 0.00045 0.30325 0.69629 0.00001 0.00000 ( 9)  0.134
 312 L   0.27515 0.26931 0.23512 0.15369 0.05786 0.00859 0.00028 0.00000 0.00000 0.00000 0.00000 ( 1)  0.002
 313 T   0.28787 0.28059 0.23859 0.14359 0.04471 0.00458 0.00008 0.00000 0.00000 0.00000 0.00000 ( 1)  0.001
 314 P   0.27490 0.26909 0.23506 0.15391 0.05812 0.00865 0.00028 0.00000 0.00000 0.00000 0.00000 ( 1)  0.002
 315 H   0.00000 0.00000 0.00000 0.00000 0.00000 0.00000 0.00000 0.02646 0.97352 0.00002 0.00000 ( 9)  0.154
 316 V   0.00000 0.00000 0.00000 0.00077 0.07267 0.61009 0.31330 0.00316 0.00000 0.00000 0.00000 ( 6)  0.029
 317 T   0.00000 0.00092 0.03950 0.29168 0.50645 0.15711 0.00434 0.00000 0.00000 0.00000 0.00000 ( 5)  0.010
 318 M   0.34793 0.32972 0.23457 0.08076 0.00697 0.00006 0.00000 0.00000 0.00000 0.00000 0.00000 ( 1)  0.001
 319 I   0.00000 0.00000 0.00000 0.00000 0.00000 0.00000 0.00013 0.35649 0.64338 0.00000 0.00000 ( 9)  0.130
 320 P   0.26751 0.26243 0.23242 0.15888 0.06625 0.01197 0.00055 0.00000 0.00000 0.00000 0.00000 ( 1)  0.002
 321 A   0.29394 0.28588 0.23975 0.13817 0.03894 0.00328 0.00004 0.00000 0.00000 0.00000 0.00000 ( 1)  0.001
 322 V   0.00000 0.00123 0.05143 0.34783 0.49409 0.10396 0.00145 0.00000 0.00000 0.00000 0.00000 ( 5)  0.009
 323 F   0.00000 0.00000 0.00022 0.02316 0.31562 0.57613 0.08458 0.00029 0.00000 0.00000 0.00000 ( 6)  0.020
 324 A   0.00000 0.00000 0.00000 0.00000 0.00000 0.00000 0.00217 0.50392 0.49391 0.00000 0.00000 ( 8)  0.119
 325 K   0.30178 0.29262 0.24075 0.13067 0.03209 0.00207 0.00002 0.00000 0.00000 0.00000 0.00000 ( 1)  0.001
 326 S   0.00000 0.00000 0.00000 0.00000 0.00000 0.00000 0.00000 0.10298 0.89701 0.00000 0.00000 ( 9)  0.148
 327 V   0.31654 0.30499 0.24103 0.11538 0.02126 0.00079 0.00000 0.00000 0.00000 0.00000 0.00000 ( 1)  0.001
 328 S   0.30388 0.29441 0.24093 0.12859 0.03036 0.00181 0.00001 0.00000 0.00000 0.00000 0.00000 ( 1)  0.001
 329 C   0.29890 0.29017 0.24047 0.13351 0.03449 0.00244 0.00002 0.00000 0.00000 0.00000 0.00000 ( 1)  0.001
 330 I   0.00000 0.00000 0.00000 0.00000 0.00000 0.00170 0.34164 0.65572 0.00094 0.00000 0.00000 ( 8)  0.070
 331 D   0.31907 0.30707 0.24090 0.11266 0.01965 0.00065 0.00000 0.00000 0.00000 0.00000 0.00000 ( 1)  0.001
 332 P   0.27091 0.26551 0.23369 0.15667 0.06247 0.01034 0.00041 0.00000 0.00000 0.00000 0.00000 ( 1)  0.002
 333 W   0.27371 0.26803 0.23468 0.15477 0.05939 0.00910 0.00031 0.00000 0.00000 0.00000 0.00000 ( 1)  0.002
 334 V   0.00000 0.00116 0.04874 0.33593 0.49831 0.11402 0.00184 0.00000 0.00000 0.00000 0.00000 ( 5)  0.009
 335 Y   0.28606 0.27899 0.23814 0.14510 0.04654 0.00507 0.00010 0.00000 0.00000 0.00000 0.00000 ( 1)  0.001
 336 A   0.31467 0.30345 0.24113 0.11740 0.02246 0.00089 0.00000 0.00000 0.00000 0.00000 0.00000 ( 1)  0.001
 337 I   0.32546 0.31225 0.24017 0.10565 0.01606 0.00041 0.00000 0.00000 0.00000 0.00000 0.00000 ( 1)  0.001
 338 N   0.31193 0.30118 0.24116 0.12028 0.02436 0.00108 0.00000 0.00000 0.00000 0.00000 0.00000 ( 1)  0.001
 339 H   0.28365 0.27688 0.23761 0.14716 0.04890 0.00567 0.00012 0.00000 0.00000 0.00000 0.00000 ( 1)  0.001
 340 P   0.28442 0.27756 0.23779 0.14652 0.04814 0.00546 0.00011 0.00000 0.00000 0.00000 0.00000 ( 1)  0.001
 341 R   0.26825 0.26311 0.23272 0.15843 0.06541 0.01157 0.00051 0.00000 0.00000 0.00000 0.00000 ( 1)  0.002
 342 Y   0.30572 0.29597 0.24105 0.12674 0.02890 0.00160 0.00001 0.00000 0.00000 0.00000 0.00000 ( 1)  0.001
 343 R   0.29995 0.29106 0.24059 0.13249 0.03360 0.00229 0.00002 0.00000 0.00000 0.00000 0.00000 ( 1)  0.001
 344 A   0.00000 0.00000 0.00000 0.00000 0.00042 0.09126 0.79542 0.11288 0.00002 0.00000 0.00000 ( 7)  0.047
 345 E   0.00051 0.03471 0.20786 0.42371 0.28834 0.04414 0.00072 0.00000 0.00000 0.00000 0.00000 ( 4)  0.006
 346 L   0.29045 0.28285 0.23912 0.14132 0.04222 0.00399 0.00006 0.00000 0.00000 0.00000 0.00000 ( 1)  0.001
 347 Q   0.00000 0.00000 0.00000 0.00000 0.00000 0.00000 0.00001 0.04992 0.95001 0.00006 0.00000 ( 9)  0.152
 348 K   0.00057 0.03912 0.22968 0.44026 0.25998 0.03010 0.00030 0.00000 0.00000 0.00000 0.00000 ( 4)  0.005
 349 R   0.26024 0.25580 0.22939 0.16306 0.07442 0.01606 0.00103 0.00001 0.00000 0.00000 0.00000 ( 1)  0.002
 350 L   0.00000 0.00000 0.00000 0.00000 0.00000 0.00000 0.00001 0.07442 0.92556 0.00002 0.00000 ( 9)  0.150
 351 P   0.00035 0.02430 0.15272 0.36233 0.34924 0.10528 0.00576 0.00002 0.00000 0.00000 0.00000 ( 4)  0.008
 352 W   0.27371 0.26803 0.23468 0.15477 0.05939 0.00910 0.00031 0.00000 0.00000 0.00000 0.00000 ( 1)  0.002
 353 M   0.00000 0.00000 0.00000 0.00000 0.00000 0.00381 0.62294 0.37322 0.00003 0.00000 0.00000 ( 7)  0.059
 354 G   0.27016 0.26483 0.23341 0.15717 0.06331 0.01069 0.00044 0.00000 0.00000 0.00000 0.00000 ( 1)  0.002
 355 V   0.00070 0.04749 0.26877 0.45939 0.20893 0.01466 0.00006 0.00000 0.00000 0.00000 0.00000 ( 4)  0.004
 356 R   0.00000 0.00000 0.00127 0.04223 0.30809 0.51162 0.13446 0.00232 0.00000 0.00000 0.00000 ( 6)  0.021
 357 E   0.29346 0.28547 0.23967 0.13862 0.03938 0.00337 0.00004 0.00000 0.00000 0.00000 0.00000 ( 1)  0.001
 358 P   0.00000 0.00000 0.00000 0.00000 0.00000 0.00000 0.00000 0.00000 0.00000 1.00000 0.00000 (10)  0.325
 359 D   0.00000 0.00000 0.00000 0.00000 0.00002 0.03533 0.88474 0.07991 0.00000 0.00000 0.00000 ( 7)  0.047
 360 P   0.00000 0.00000 0.00000 0.00067 0.03829 0.37450 0.53146 0.05501 0.00006 0.00000 0.00000 ( 7)  0.037
 361 E   0.00000 0.00000 0.00000 0.00435 0.23885 0.70190 0.05487 0.00002 0.00000 0.00000 0.00000 ( 6)  0.021
 362 T   0.00000 0.00000 0.00000 0.00000 0.00000 0.00000 0.00000 0.00000 0.00405 0.99595 0.00000 (10)  0.325
 363 Q   0.00000 0.00000 0.00000 0.00000 0.00000 0.00086 0.27995 0.71807 0.00112 0.00000 0.00000 ( 8)  0.073
 364 S   0.30220 0.29298 0.24079 0.13027 0.03173 0.00201 0.00001 0.00000 0.00000 0.00000 0.00000 ( 1)  0.001
 365 S   0.00000 0.00000 0.00000 0.00000 0.00000 0.00000 0.00001 0.14177 0.85822 0.00000 0.00000 ( 9)  0.146
 366 N   0.00000 0.00000 0.00000 0.00000 0.00000 0.00000 0.00000 0.00830 0.99170 0.00000 0.00000 ( 9)  0.155
 367 A   0.00000 0.00000 0.00000 0.00001 0.01011 0.46103 0.52500 0.00385 0.00000 0.00000 0.00000 ( 7)  0.034
 368 S   0.00000 0.00000 0.00000 0.00000 0.00646 0.36751 0.61737 0.00865 0.00000 0.00000 0.00000 ( 7)  0.037
 369 T   0.00000 0.00000 0.00000 0.00000 0.00000 0.00000 0.00005 0.31899 0.68096 0.00000 0.00000 ( 9)  0.133
 370 T   0.00000 0.00000 0.00000 0.00195 0.14081 0.71010 0.14684 0.00031 0.00000 0.00000 0.00000 ( 6)  0.024
 371 Q   0.00000 0.00000 0.00000 0.00000 0.00000 0.00000 0.00002 0.11026 0.88972 0.00000 0.00000 ( 9)  0.148
 372 S   0.00000 0.00000 0.00000 0.00000 0.00000 0.00000 0.00000 0.00000 0.03032 0.96968 0.00000 (10)  0.320
 373 Q   0.00000 0.00000 0.00000 0.00000 0.00000 0.00000 0.00000 0.00020 0.83955 0.16025 0.00000 ( 9)  0.183
 374 S   0.00000 0.00000 0.00000 0.00000 0.00000 0.00000 0.00000 0.00000 0.00000 1.00000 0.00000 (10)  0.325
 375 A   0.00000 0.00000 0.00000 0.00000 0.00000 0.00000 0.00000 0.00000 0.00000 1.00000 0.00000 (10)  0.325
 376 D   0.00000 0.00000 0.00000 0.00000 0.00000 0.00000 0.00005 0.11649 0.88344 0.00002 0.00000 ( 9)  0.147
 377 A   0.00039 0.02653 0.16498 0.37846 0.33791 0.08798 0.00374 0.00001 0.00000 0.00000 0.00000 ( 4)  0.007

Positively selected sites

	Prob(w>1)  mean w



lnL = -71523.950673

