Supplemental results for CODEML (seqf: align.fa  treef: tree.nwk)


MLEs of dN/dS (w) for site classes (K=4)

site class             0        1       2a       2b
proportion       0.92425  0.02778  0.04657  0.00140
background w     0.04055  1.00000  0.04055  1.00000
foreground w     0.04055  1.00000  1.00000  1.00000

Naive Empirical Bayes (NEB) probabilities for 4 classes
(amino acids refer to 1st sequence: ColCroc|LWS3)

   1 M   0.99084 0.00000 0.00916 0.00000 ( 1)
   2 A   0.96919 0.00020 0.03060 0.00001 ( 1)
   3 T   0.00000 0.95203 0.00000 0.04797 ( 2)
   4 S   0.10391 0.00000 0.89609 0.00000 ( 3)
   5 M   0.71774 0.00000 0.28226 0.00000 ( 1)
   6 D   0.75159 0.00000 0.24841 0.00000 ( 1)
   7 P   0.98110 0.00000 0.01890 0.00000 ( 1)
   8 A   0.97388 0.00000 0.02612 0.00000 ( 1)
   9 P   0.97975 0.00000 0.02025 0.00000 ( 1)
  10 G   0.98030 0.00000 0.01970 0.00000 ( 1)
  11 V   0.00000 0.95203 0.00000 0.04797 ( 2)
  12 A   0.97839 0.00000 0.02161 0.00000 ( 1)
  13 A   0.98317 0.00000 0.01683 0.00000 ( 1)
  14 M   0.97611 0.00000 0.02389 0.00000 ( 1)
  15 Q   0.97775 0.00000 0.02225 0.00000 ( 1)
  16 T   0.98399 0.00000 0.01601 0.00000 ( 1)
  17 W   0.97824 0.00000 0.02176 0.00000 ( 1)
  18 G   0.98619 0.00000 0.01381 0.00000 ( 1)
  19 G   0.98143 0.00000 0.01857 0.00000 ( 1)
  20 H   0.97770 0.00000 0.02230 0.00000 ( 1)
  21 A   0.98514 0.00000 0.01486 0.00000 ( 1)
  22 E   0.98513 0.00000 0.01487 0.00000 ( 1)
  23 A   0.98421 0.00000 0.01579 0.00000 ( 1)
  24 Y   0.98441 0.00000 0.01559 0.00000 ( 1)
  25 S   0.98602 0.00000 0.01398 0.00000 ( 1)
  26 A   0.98516 0.00000 0.01484 0.00000 ( 1)
  27 N   0.98819 0.00000 0.01181 0.00000 ( 1)
  28 Q   0.97770 0.00000 0.02230 0.00000 ( 1)
  29 T   0.98399 0.00000 0.01601 0.00000 ( 1)
  30 V   0.98375 0.00000 0.01625 0.00000 ( 1)
  31 V   0.98640 0.00000 0.01360 0.00000 ( 1)
  32 D   0.98848 0.00000 0.01152 0.00000 ( 1)
  33 K   0.97983 0.00000 0.02017 0.00000 ( 1)
  34 V   0.98297 0.00000 0.01703 0.00000 ( 1)
  35 L   0.08354 0.82521 0.04967 0.04158 ( 2)
  36 P   0.97540 0.00000 0.02460 0.00000 ( 1)
  37 E   0.98757 0.00000 0.01243 0.00000 ( 1)
  38 M   0.99084 0.00000 0.00916 0.00000 ( 1)
  39 L   0.69689 0.00000 0.30311 0.00000 ( 1)
  40 H   0.98518 0.00000 0.01482 0.00000 ( 1)
  41 L   0.73168 0.00000 0.26832 0.00000 ( 1)
  42 I   0.98239 0.00000 0.01761 0.00000 ( 1)
  43 D   0.98847 0.00000 0.01153 0.00000 ( 1)
  44 A   0.97531 0.00000 0.02469 0.00000 ( 1)
  45 H   0.98554 0.00000 0.01446 0.00000 ( 1)
  46 W   0.97824 0.00000 0.02176 0.00000 ( 1)
  47 Y   0.98247 0.00000 0.01753 0.00000 ( 1)
  48 Q   0.97326 0.00000 0.02674 0.00000 ( 1)
  49 F   0.98670 0.00000 0.01330 0.00000 ( 1)
  50 P   0.97532 0.00000 0.02468 0.00000 ( 1)
  51 P   0.98000 0.00000 0.02000 0.00000 ( 1)
  52 M   0.99084 0.00000 0.00916 0.00000 ( 1)
  53 N   0.98496 0.00000 0.01504 0.00000 ( 1)
  54 P   0.97994 0.00000 0.02006 0.00000 ( 1)
  55 L   0.97083 0.00000 0.02917 0.00000 ( 1)
  56 W   0.97824 0.00000 0.02176 0.00000 ( 1)
  57 Y   0.98551 0.00000 0.01449 0.00000 ( 1)
  58 G   0.97398 0.00000 0.02602 0.00000 ( 1)
  59 L   0.97647 0.00000 0.02353 0.00000 ( 1)
  60 L   0.97772 0.00000 0.02228 0.00000 ( 1)
  61 G   0.97737 0.00000 0.02263 0.00000 ( 1)
  62 F   0.98902 0.00000 0.01098 0.00000 ( 1)
  63 T   0.11044 0.00000 0.88956 0.00000 ( 3)
  64 I   0.98506 0.00000 0.01494 0.00000 ( 1)
  65 C   0.98600 0.00000 0.01400 0.00000 ( 1)
  66 I   0.00000 0.95203 0.00000 0.04797 ( 2)
  67 L   0.98563 0.00000 0.01437 0.00000 ( 1)
  68 A   0.98035 0.00000 0.01965 0.00000 ( 1)
  69 F   0.98884 0.00000 0.01116 0.00000 ( 1)
  70 I   0.98597 0.00000 0.01403 0.00000 ( 1)
  71 S   0.97323 0.00000 0.02677 0.00000 ( 1)
  72 V   0.98864 0.00000 0.01136 0.00000 ( 1)
  73 T   0.68998 0.00000 0.31002 0.00000 ( 1)
  74 G   0.98280 0.00000 0.01720 0.00000 ( 1)
  75 N   0.98822 0.00000 0.01178 0.00000 ( 1)
  76 G   0.97377 0.00000 0.02623 0.00000 ( 1)
  77 M   0.99084 0.00000 0.00916 0.00000 ( 1)
  78 V   0.98533 0.00000 0.01467 0.00000 ( 1)
  79 I   0.98882 0.00000 0.01118 0.00000 ( 1)
  80 Y   0.98405 0.00000 0.01595 0.00000 ( 1)
  81 I   0.98715 0.00000 0.01285 0.00000 ( 1)
  82 F   0.98583 0.00000 0.01417 0.00000 ( 1)
  83 S   0.98063 0.00000 0.01937 0.00000 ( 1)
  84 T   0.97066 0.00085 0.02845 0.00004 ( 1)
  85 T   0.98509 0.00000 0.01491 0.00000 ( 1)
  86 K   0.98410 0.00000 0.01590 0.00000 ( 1)
  87 S   0.00000 0.95203 0.00000 0.04797 ( 2)
  88 L   0.98604 0.00000 0.01396 0.00000 ( 1)
  89 K   0.97981 0.00000 0.02019 0.00000 ( 1)
  90 T   0.97769 0.00000 0.02231 0.00000 ( 1)
  91 P   0.97544 0.00000 0.02456 0.00000 ( 1)
  92 S   0.97305 0.00000 0.02695 0.00000 ( 1)
  93 N   0.98821 0.00000 0.01179 0.00000 ( 1)
  94 L   0.97822 0.00000 0.02178 0.00000 ( 1)
  95 L   0.97588 0.00000 0.02412 0.00000 ( 1)
  96 V   0.98161 0.00000 0.01839 0.00000 ( 1)
  97 V   0.97802 0.00000 0.02198 0.00000 ( 1)
  98 N   0.98329 0.00000 0.01671 0.00000 ( 1)
  99 L   0.97069 0.00000 0.02931 0.00000 ( 1)
 100 A   0.97993 0.00000 0.02007 0.00000 ( 1)
 101 F   0.98550 0.00000 0.01450 0.00000 ( 1)
 102 S   0.97670 0.00000 0.02330 0.00000 ( 1)
 103 D   0.98488 0.00000 0.01512 0.00000 ( 1)
 104 F   0.98888 0.00000 0.01112 0.00000 ( 1)
 105 L   0.97363 0.00000 0.02637 0.00000 ( 1)
 106 M   0.99084 0.00000 0.00916 0.00000 ( 1)
 107 M   0.99084 0.00000 0.00916 0.00000 ( 1)
 108 A   0.98501 0.00001 0.01498 0.00000 ( 1)
 109 M   0.00000 0.95203 0.00000 0.04797 ( 2)
 110 M   0.99084 0.00000 0.00916 0.00000 ( 1)
 111 A   0.98036 0.00000 0.01964 0.00000 ( 1)
 112 P   0.98395 0.00000 0.01605 0.00000 ( 1)
 113 P   0.84459 0.13591 0.01265 0.00685 ( 1)
 114 L   0.99084 0.00000 0.00916 0.00000 ( 1)
 115 C   0.98218 0.00000 0.01782 0.00000 ( 1)
 116 I   0.68036 0.00000 0.31964 0.00000 ( 1)
 117 N   0.68826 0.00000 0.31174 0.00000 ( 1)
 118 S   0.98185 0.00000 0.01815 0.00000 ( 1)
 119 Y   0.98423 0.00000 0.01577 0.00000 ( 1)
 120 Y   0.69931 0.00000 0.30069 0.00000 ( 1)
 121 Q   0.98061 0.00000 0.01939 0.00000 ( 1)
 122 T   0.97797 0.00000 0.02203 0.00000 ( 1)
 123 W   0.97824 0.00000 0.02176 0.00000 ( 1)
 124 V   0.97799 0.00000 0.02201 0.00000 ( 1)
 125 F   0.98507 0.00000 0.01493 0.00000 ( 1)
 126 G   0.97960 0.00000 0.02040 0.00000 ( 1)
 127 P   0.97847 0.00000 0.02153 0.00000 ( 1)
 128 V   0.97990 0.00000 0.02010 0.00000 ( 1)
 129 A   0.97911 0.00000 0.02089 0.00000 ( 1)
 130 C   0.98194 0.00000 0.01806 0.00000 ( 1)
 131 Q   0.98064 0.00000 0.01936 0.00000 ( 1)
 132 F   0.97894 0.00000 0.02106 0.00000 ( 1)
 133 Y   0.98438 0.00000 0.01562 0.00000 ( 1)
 134 A   0.98084 0.00000 0.01916 0.00000 ( 1)
 135 C   0.97887 0.00000 0.02113 0.00000 ( 1)
 136 F   0.97978 0.00072 0.01946 0.00004 ( 1)
 137 G   0.98544 0.00000 0.01456 0.00000 ( 1)
 138 S   0.97799 0.00000 0.02201 0.00000 ( 1)
 139 L   0.55644 0.00000 0.44356 0.00000 ( 1)
 140 F   0.98604 0.00000 0.01396 0.00000 ( 1)
 141 G   0.98587 0.00000 0.01413 0.00000 ( 1)
 142 C   0.98396 0.00000 0.01604 0.00000 ( 1)
 143 V   0.67651 0.00000 0.32349 0.00000 ( 1)
 144 S   0.98442 0.00000 0.01558 0.00000 ( 1)
 145 I   0.98750 0.00000 0.01250 0.00000 ( 1)
 146 W   0.97824 0.00000 0.02176 0.00000 ( 1)
 147 T   0.97821 0.00000 0.02179 0.00000 ( 1)
 148 M   0.99084 0.00000 0.00916 0.00000 ( 1)
 149 T   0.97886 0.00000 0.02114 0.00000 ( 1)
 150 A   0.99084 0.00000 0.00916 0.00000 ( 1)
 151 I   0.98823 0.00000 0.01177 0.00000 ( 1)
 152 A   0.98243 0.00000 0.01757 0.00000 ( 1)
 153 F   0.98899 0.00000 0.01101 0.00000 ( 1)
 154 D   0.98843 0.00000 0.01157 0.00000 ( 1)
 155 R   0.96546 0.00000 0.03454 0.00000 ( 1)
 156 Y   0.98441 0.00000 0.01559 0.00000 ( 1)
 157 N   0.98654 0.00000 0.01346 0.00000 ( 1)
 158 V   0.98643 0.00000 0.01357 0.00000 ( 1)
 159 I   0.98859 0.00000 0.01141 0.00000 ( 1)
 160 V   0.98407 0.00000 0.01593 0.00000 ( 1)
 161 K   0.98010 0.00000 0.01990 0.00000 ( 1)
 162 G   0.97736 0.00000 0.02264 0.00000 ( 1)
 163 I   0.98434 0.00000 0.01566 0.00000 ( 1)
 164 A   0.98703 0.00000 0.01297 0.00000 ( 1)
 165 A   0.98689 0.00000 0.01311 0.00000 ( 1)
 166 K   0.98409 0.00000 0.01591 0.00000 ( 1)
 167 P   0.98615 0.00000 0.01385 0.00000 ( 1)
 168 L   0.99084 0.00000 0.00916 0.00000 ( 1)
 169 T   0.98725 0.00000 0.01275 0.00000 ( 1)
 170 V   0.72189 0.00000 0.27811 0.00000 ( 1)
 171 N   0.98495 0.00000 0.01505 0.00000 ( 1)
 172 G   0.97377 0.00000 0.02623 0.00000 ( 1)
 173 A   0.98213 0.00000 0.01787 0.00000 ( 1)
 174 L   0.97297 0.00000 0.02703 0.00000 ( 1)
 175 L   0.97994 0.00000 0.02006 0.00000 ( 1)
 176 Q   0.97069 0.00000 0.02931 0.00000 ( 1)
 177 I   0.98369 0.00000 0.01631 0.00000 ( 1)
 178 F   0.98477 0.00000 0.01523 0.00000 ( 1)
 179 G   0.98095 0.00000 0.01905 0.00000 ( 1)
 180 V   0.98872 0.00000 0.01128 0.00000 ( 1)
 181 W   0.97824 0.00000 0.02176 0.00000 ( 1)
 182 A   0.00000 0.95203 0.00000 0.04797 ( 2)
 183 F   0.98902 0.00000 0.01098 0.00000 ( 1)
 184 S   0.97317 0.00000 0.02683 0.00000 ( 1)
 185 L   0.98076 0.00000 0.01924 0.00000 ( 1)
 186 A   0.97808 0.00001 0.02191 0.00000 ( 1)
 187 W   0.97824 0.00000 0.02176 0.00000 ( 1)
 188 T   0.98082 0.00000 0.01918 0.00000 ( 1)
 189 L   0.98085 0.00000 0.01915 0.00000 ( 1)
 190 A   0.98444 0.00000 0.01556 0.00000 ( 1)
 191 P   0.97540 0.00000 0.02460 0.00000 ( 1)
 192 I   0.11599 0.00000 0.88401 0.00000 ( 3)
 193 F   0.98902 0.00000 0.01098 0.00000 ( 1)
 194 G   0.98472 0.00000 0.01528 0.00000 ( 1)
 195 W   0.97824 0.00000 0.02176 0.00000 ( 1)
 196 S   0.98808 0.00000 0.01192 0.00000 ( 1)
 197 R   0.97914 0.00000 0.02086 0.00000 ( 1)
 198 Y   0.98413 0.00000 0.01587 0.00000 ( 1)
 199 V   0.98292 0.00000 0.01708 0.00000 ( 1)
 200 P   0.97796 0.00000 0.02204 0.00000 ( 1)
 201 E   0.98061 0.00000 0.01939 0.00000 ( 1)
 202 G   0.98556 0.00000 0.01444 0.00000 ( 1)
 203 N   0.98821 0.00000 0.01179 0.00000 ( 1)
 204 M   0.99084 0.00000 0.00916 0.00000 ( 1)
 205 T   0.98388 0.00000 0.01612 0.00000 ( 1)
 206 A   0.98445 0.00000 0.01555 0.00000 ( 1)
 207 C   0.98494 0.00000 0.01506 0.00000 ( 1)
 208 G   0.98083 0.00000 0.01917 0.00000 ( 1)
 209 T   0.98526 0.00000 0.01474 0.00000 ( 1)
 210 D   0.98834 0.00000 0.01166 0.00000 ( 1)
 211 Y   0.98425 0.00000 0.01575 0.00000 ( 1)
 212 L   0.98247 0.00000 0.01753 0.00000 ( 1)
 213 S   0.00000 0.95203 0.00000 0.04797 ( 2)
 214 K   0.98409 0.00000 0.01591 0.00000 ( 1)
 215 D   0.98829 0.00000 0.01171 0.00000 ( 1)
 216 L   0.97824 0.00000 0.02176 0.00000 ( 1)
 217 L   0.00000 0.95203 0.00000 0.04797 ( 2)
 218 S   0.98760 0.00000 0.01240 0.00000 ( 1)
 219 Q   0.98228 0.00000 0.01772 0.00000 ( 1)
 220 I   0.98421 0.00000 0.01579 0.00000 ( 1)
 221 Y   0.98441 0.00000 0.01559 0.00000 ( 1)
 222 I   0.98871 0.00000 0.01129 0.00000 ( 1)
 223 I   0.97644 0.00000 0.02356 0.00000 ( 1)
 224 T   0.97841 0.00000 0.02159 0.00000 ( 1)
 225 Y   0.98440 0.00000 0.01560 0.00000 ( 1)
 226 S   0.98100 0.00000 0.01900 0.00000 ( 1)
 227 I   0.65346 0.00000 0.34654 0.00000 ( 1)
 228 A   0.98902 0.00000 0.01098 0.00000 ( 1)
 229 C   0.05875 0.00000 0.94125 0.00000 ( 3)
 230 Y   0.98112 0.00000 0.01888 0.00000 ( 1)
 231 F   0.98902 0.00000 0.01098 0.00000 ( 1)
 232 L   0.00000 0.95203 0.00000 0.04797 ( 2)
 233 P   0.98079 0.00000 0.01921 0.00000 ( 1)
 234 L   0.98317 0.00000 0.01683 0.00000 ( 1)
 235 A   0.76485 0.00000 0.23515 0.00000 ( 1)
 236 L   0.98660 0.00000 0.01340 0.00000 ( 1)
 237 I   0.98867 0.00000 0.01133 0.00000 ( 1)
 238 V   0.98867 0.00000 0.01133 0.00000 ( 1)
 239 Y   0.98000 0.00000 0.02000 0.00000 ( 1)
 240 S   0.98036 0.00000 0.01964 0.00000 ( 1)
 241 Y   0.98441 0.00000 0.01559 0.00000 ( 1)
 242 F   0.98889 0.00000 0.01111 0.00000 ( 1)
 243 F   0.98597 0.00000 0.01403 0.00000 ( 1)
 244 I   0.98499 0.00000 0.01501 0.00000 ( 1)
 245 V   0.70666 0.00000 0.29334 0.00000 ( 1)
 246 Q   0.97777 0.00000 0.02223 0.00000 ( 1)
 247 A   0.98334 0.00000 0.01666 0.00000 ( 1)
 248 V   0.97799 0.00000 0.02201 0.00000 ( 1)
 249 A   0.98421 0.00000 0.01579 0.00000 ( 1)
 250 A   0.98214 0.00000 0.01786 0.00000 ( 1)
 251 H   0.98545 0.00000 0.01455 0.00000 ( 1)
 252 E   0.98066 0.00000 0.01934 0.00000 ( 1)
 253 K   0.97981 0.00000 0.02019 0.00000 ( 1)
 254 A   0.98260 0.00000 0.01740 0.00000 ( 1)
 255 M   0.99084 0.00000 0.00916 0.00000 ( 1)
 256 R   0.97824 0.00000 0.02176 0.00000 ( 1)
 257 E   0.98061 0.00000 0.01939 0.00000 ( 1)
 258 Q   0.97355 0.00000 0.02645 0.00000 ( 1)
 259 A   0.98563 0.00000 0.01437 0.00000 ( 1)
 260 K   0.98036 0.00000 0.01964 0.00000 ( 1)
 261 K   0.98276 0.00000 0.01724 0.00000 ( 1)
 262 M   0.99084 0.00000 0.00916 0.00000 ( 1)
 263 N   0.98807 0.00000 0.01193 0.00000 ( 1)
 264 V   0.98015 0.00000 0.01985 0.00000 ( 1)
 265 A   0.98295 0.00000 0.01705 0.00000 ( 1)
 266 S   0.97769 0.00000 0.02231 0.00000 ( 1)
 267 L   0.98018 0.00000 0.01982 0.00000 ( 1)
 268 R   0.97723 0.00000 0.02277 0.00000 ( 1)
 269 S   0.97784 0.00000 0.02216 0.00000 ( 1)
 270 S   0.98365 0.00000 0.01635 0.00000 ( 1)
 271 E   0.70637 0.00000 0.29363 0.00000 ( 1)
 272 Q   0.98519 0.00000 0.01481 0.00000 ( 1)
 273 A   0.98514 0.00000 0.01486 0.00000 ( 1)
 274 N   0.98821 0.00000 0.01179 0.00000 ( 1)
 275 T   0.98251 0.00000 0.01749 0.00000 ( 1)
 276 S   0.98729 0.00000 0.01271 0.00000 ( 1)
 277 A   0.98216 0.00000 0.01784 0.00000 ( 1)
 278 E   0.98061 0.00000 0.01939 0.00000 ( 1)
 279 C   0.98513 0.00000 0.01487 0.00000 ( 1)
 280 K   0.98106 0.00000 0.01894 0.00000 ( 1)
 281 L   0.97768 0.00000 0.02232 0.00000 ( 1)
 282 A   0.98545 0.00000 0.01455 0.00000 ( 1)
 283 K   0.98039 0.00000 0.01961 0.00000 ( 1)
 284 V   0.98270 0.00000 0.01730 0.00000 ( 1)
 285 A   0.98183 0.00000 0.01817 0.00000 ( 1)
 286 L   0.97290 0.00000 0.02710 0.00000 ( 1)
 287 M   0.99084 0.00000 0.00916 0.00000 ( 1)
 288 T   0.98728 0.00000 0.01272 0.00000 ( 1)
 289 I   0.98769 0.00000 0.01231 0.00000 ( 1)
 290 S   0.98076 0.00000 0.01924 0.00000 ( 1)
 291 L   0.97208 0.00000 0.02792 0.00000 ( 1)
 292 W   0.97824 0.00000 0.02176 0.00000 ( 1)
 293 F   0.98635 0.00000 0.01365 0.00000 ( 1)
 294 M   0.99084 0.00000 0.00916 0.00000 ( 1)
 295 A   0.97928 0.00000 0.02072 0.00000 ( 1)
 296 W   0.97824 0.00000 0.02176 0.00000 ( 1)
 297 T   0.98213 0.00000 0.01787 0.00000 ( 1)
 298 P   0.97542 0.00000 0.02458 0.00000 ( 1)
 299 Y   0.98114 0.00000 0.01886 0.00000 ( 1)
 300 L   0.97620 0.00000 0.02380 0.00000 ( 1)
 301 V   0.98512 0.00000 0.01488 0.00000 ( 1)
 302 I   0.98876 0.00000 0.01124 0.00000 ( 1)
 303 N   0.98821 0.00000 0.01179 0.00000 ( 1)
 304 F   0.98441 0.00000 0.01559 0.00000 ( 1)
 305 A   0.98543 0.00000 0.01457 0.00000 ( 1)
 306 G   0.97395 0.00000 0.02605 0.00000 ( 1)
 307 V   0.98500 0.00000 0.01500 0.00000 ( 1)
 308 F   0.98902 0.00000 0.01098 0.00000 ( 1)
 309 E   0.98156 0.00000 0.01844 0.00000 ( 1)
 310 T   0.98760 0.00000 0.01240 0.00000 ( 1)
 311 A   0.97937 0.00000 0.02063 0.00000 ( 1)
 312 P   0.98107 0.00000 0.01893 0.00000 ( 1)
 313 I   0.98651 0.00000 0.01349 0.00000 ( 1)
 314 S   0.98320 0.00000 0.01680 0.00000 ( 1)
 315 P   0.98105 0.00000 0.01895 0.00000 ( 1)
 316 L   0.97636 0.00000 0.02364 0.00000 ( 1)
 317 S   0.98461 0.00000 0.01539 0.00000 ( 1)
 318 T   0.98194 0.00000 0.01806 0.00000 ( 1)
 319 I   0.98887 0.00000 0.01113 0.00000 ( 1)
 320 W   0.97824 0.00000 0.02176 0.00000 ( 1)
 321 G   0.97924 0.00000 0.02076 0.00000 ( 1)
 322 S   0.97927 0.00000 0.02073 0.00000 ( 1)
 323 V   0.63729 0.00000 0.36271 0.00000 ( 1)
 324 F   0.98882 0.00000 0.01118 0.00000 ( 1)
 325 A   0.98300 0.00000 0.01700 0.00000 ( 1)
 326 K   0.98085 0.00000 0.01915 0.00000 ( 1)
 327 A   0.98522 0.00000 0.01478 0.00000 ( 1)
 328 N   0.98546 0.00000 0.01454 0.00000 ( 1)
 329 A   0.98296 0.00000 0.01704 0.00000 ( 1)
 330 V   0.98261 0.00000 0.01739 0.00000 ( 1)
 331 Y   0.98121 0.00000 0.01879 0.00000 ( 1)
 332 N   0.98372 0.00000 0.01628 0.00000 ( 1)
 333 P   0.98013 0.00000 0.01987 0.00000 ( 1)
 334 I   0.98489 0.00000 0.01511 0.00000 ( 1)
 335 V   0.97797 0.00000 0.02203 0.00000 ( 1)
 336 Y   0.97786 0.00000 0.02214 0.00000 ( 1)
 337 G   0.98347 0.00000 0.01653 0.00000 ( 1)
 338 I   0.98888 0.00000 0.01112 0.00000 ( 1)
 339 S   0.98420 0.00000 0.01580 0.00000 ( 1)
 340 H   0.97963 0.00000 0.02037 0.00000 ( 1)
 341 P   0.97997 0.00000 0.02003 0.00000 ( 1)
 342 K   0.97981 0.00000 0.02019 0.00000 ( 1)
 343 Y   0.98441 0.00000 0.01559 0.00000 ( 1)
 344 R   0.97513 0.00000 0.02487 0.00000 ( 1)
 345 A   0.98319 0.00000 0.01681 0.00000 ( 1)
 346 A   0.98274 0.00000 0.01726 0.00000 ( 1)
 347 L   0.97604 0.00000 0.02396 0.00000 ( 1)
 348 Y   0.98441 0.00000 0.01559 0.00000 ( 1)
 349 Q   0.97777 0.00000 0.02223 0.00000 ( 1)
 350 R   0.98338 0.00000 0.01662 0.00000 ( 1)
 351 F   0.98903 0.00000 0.01097 0.00000 ( 1)
 352 P   0.97651 0.00000 0.02349 0.00000 ( 1)
 353 S   0.63490 0.00000 0.36510 0.00000 ( 1)
 354 L   0.98172 0.00000 0.01828 0.00000 ( 1)
 355 A   0.63362 0.00000 0.36638 0.00000 ( 1)
 356 C   0.98513 0.00000 0.01487 0.00000 ( 1)
 357 Q   0.97767 0.00000 0.02233 0.00000 ( 1)
 358 P   0.63372 0.07431 0.28822 0.00374 ( 1)
 359 S   0.97972 0.00000 0.02028 0.00000 ( 1)
 360 P   0.97952 0.00000 0.02048 0.00000 ( 1)
 361 E   0.98782 0.00000 0.01218 0.00000 ( 1)
 362 E   0.98117 0.00000 0.01883 0.00000 ( 1)
 363 T   0.00000 0.95203 0.00000 0.04797 ( 2)
 364 G   0.62700 0.00000 0.37300 0.00000 ( 1)
 365 S   0.98610 0.00000 0.01390 0.00000 ( 1)
 366 V   0.98087 0.00000 0.01913 0.00000 ( 1)
 367 A   0.71641 0.00000 0.28359 0.00000 ( 1)
 368 S   0.98498 0.00000 0.01502 0.00000 ( 1)
 369 A   0.74679 0.00000 0.25321 0.00000 ( 1)
 370 A   0.97536 0.00000 0.02464 0.00000 ( 1)
 371 T   0.98707 0.00000 0.01293 0.00000 ( 1)
 372 A   0.98676 0.00000 0.01324 0.00000 ( 1)
 373 C   0.06762 0.00000 0.93238 0.00000 ( 3)
 374 T   0.69683 0.00000 0.30317 0.00000 ( 1)
 375 E   0.98152 0.00000 0.01848 0.00000 ( 1)
 376 E   0.98459 0.00000 0.01541 0.00000 ( 1)
 377 K   0.98398 0.00000 0.01602 0.00000 ( 1)
 378 P   0.98149 0.00000 0.01851 0.00000 ( 1)
 379 S   0.98676 0.00000 0.01324 0.00000 ( 1)
 380 A   0.98319 0.00000 0.01681 0.00000 ( 1)


lnL = -69098.355667

