Supplemental results for CODEML (seqf: align.fa  treef: tree.nwk)


MLEs of dN/dS (w) for site classes (K=4)

site class             0        1       2a       2b
proportion       0.00057  0.00002  0.96132  0.03809
background w     0.03998  1.00000  0.03998  1.00000
foreground w     0.03998  1.00000  1.00000  1.00000

Naive Empirical Bayes (NEB) probabilities for 4 classes
(amino acids refer to 1st sequence: ColCroc)

   1 M   0.00061 0.00000 0.99939 0.00000 ( 3)
   2 D   0.00061 0.00000 0.99939 0.00000 ( 3)
   3 R   0.00000 0.00060 0.00000 0.99940 ( 4)
   4 T   0.00060 0.00000 0.99940 0.00000 ( 3)
   5 E   0.00060 0.00000 0.99940 0.00000 ( 3)
   6 Y   0.00000 0.00060 0.00000 0.99940 ( 4)
   7 Y   0.00052 0.00009 0.85594 0.14346 ( 3)
   8 I   0.00000 0.00060 0.00000 0.99940 ( 4)
   9 Y   0.00000 0.00060 0.00018 0.99923 ( 4)
  10 G   0.00060 0.00000 0.99940 0.00000 ( 3)
  11 A   0.00060 0.00000 0.99940 0.00000 ( 3)
  12 Y   0.00060 0.00000 0.99940 0.00000 ( 3)
  13 F   0.00060 0.00000 0.99940 0.00000 ( 3)
  14 A   0.00060 0.00000 0.99940 0.00000 ( 3)
  15 P   0.00060 0.00000 0.99940 0.00000 ( 3)
  16 L   0.00059 0.00000 0.99941 0.00000 ( 3)
  17 R   0.00060 0.00000 0.99940 0.00000 ( 3)
  18 S   0.00060 0.00000 0.99940 0.00000 ( 3)
  19 G   0.00000 0.00060 0.00000 0.99940 ( 4)
  20 G   0.00000 0.00060 0.00000 0.99940 ( 4)
  21 E   0.00060 0.00000 0.99940 0.00000 ( 3)
  22 R   0.00060 0.00000 0.99940 0.00000 ( 3)
  23 M   0.00061 0.00000 0.99939 0.00000 ( 3)
  24 L   0.00060 0.00000 0.99940 0.00000 ( 3)
  25 G   0.00060 0.00000 0.99940 0.00000 ( 3)
  26 E   0.00060 0.00000 0.99940 0.00000 ( 3)
  27 G   0.00060 0.00000 0.99940 0.00000 ( 3)
  28 L   0.00060 0.00000 0.99940 0.00000 ( 3)
  29 T   0.00060 0.00000 0.99940 0.00000 ( 3)
  30 G   0.00060 0.00000 0.99940 0.00000 ( 3)
  31 E   0.00060 0.00000 0.99940 0.00000 ( 3)
  32 D   0.00061 0.00000 0.99939 0.00000 ( 3)
  33 L   0.00060 0.00000 0.99940 0.00000 ( 3)
  34 A   0.00061 0.00000 0.99939 0.00000 ( 3)
  35 M   0.00060 0.00000 0.99940 0.00000 ( 3)
  36 I   0.00059 0.00000 0.99941 0.00000 ( 3)
  37 P   0.00060 0.00000 0.99940 0.00000 ( 3)
  38 E   0.00060 0.00000 0.99940 0.00000 ( 3)
  39 H   0.00060 0.00000 0.99940 0.00000 ( 3)
  40 W   0.00060 0.00000 0.99940 0.00000 ( 3)
  41 F   0.00060 0.00000 0.99940 0.00000 ( 3)
  42 K   0.00000 0.00060 0.00004 0.99937 ( 4)
  43 Y   0.00040 0.00000 0.99960 0.00000 ( 3)
  44 P   0.00060 0.00000 0.99940 0.00000 ( 3)
  45 E   0.00060 0.00000 0.99940 0.00000 ( 3)
  46 P   0.00060 0.00000 0.99940 0.00000 ( 3)
  47 P   0.00060 0.00000 0.99940 0.00000 ( 3)
  48 A   0.00061 0.00000 0.99939 0.00000 ( 3)
  49 S   0.00060 0.00000 0.99940 0.00000 ( 3)
  50 A   0.00060 0.00000 0.99940 0.00000 ( 3)
  51 H   0.00060 0.00000 0.99940 0.00000 ( 3)
  52 T   0.00061 0.00000 0.99939 0.00000 ( 3)
  53 A   0.00060 0.00000 0.99940 0.00000 ( 3)
  54 L   0.00060 0.00000 0.99940 0.00000 ( 3)
  55 C   0.00061 0.00000 0.99939 0.00000 ( 3)
  56 L   0.00060 0.00000 0.99940 0.00000 ( 3)
  57 L   0.00060 0.00000 0.99940 0.00000 ( 3)
  58 Y   0.00060 0.00000 0.99940 0.00000 ( 3)
  59 C   0.00060 0.00000 0.99801 0.00138 ( 3)
  60 F   0.00061 0.00000 0.99939 0.00000 ( 3)
  61 F   0.00061 0.00000 0.99939 0.00000 ( 3)
  62 T   0.00060 0.00000 0.99940 0.00000 ( 3)
  63 A   0.00061 0.00000 0.99939 0.00000 ( 3)
  64 A   0.00060 0.00000 0.99940 0.00000 ( 3)
  65 A   0.00060 0.00000 0.99940 0.00000 ( 3)
  66 L   0.00060 0.00000 0.99940 0.00000 ( 3)
  67 I   0.00061 0.00000 0.99939 0.00000 ( 3)
  68 G   0.00060 0.00000 0.99940 0.00000 ( 3)
  69 N   0.00060 0.00000 0.99940 0.00000 ( 3)
  70 G   0.00060 0.00000 0.99940 0.00000 ( 3)
  71 M   0.00060 0.00000 0.99940 0.00000 ( 3)
  72 V   0.00061 0.00000 0.99939 0.00000 ( 3)
  73 I   0.00061 0.00000 0.99939 0.00000 ( 3)
  74 F   0.00060 0.00000 0.99940 0.00000 ( 3)
  75 I   0.00061 0.00000 0.99939 0.00000 ( 3)
  76 F   0.00060 0.00000 0.99940 0.00000 ( 3)
  77 A   0.00060 0.00000 0.99940 0.00000 ( 3)
  78 S   0.00060 0.00000 0.99940 0.00000 ( 3)
  79 T   0.00060 0.00000 0.99940 0.00000 ( 3)
  80 K   0.00060 0.00000 0.99940 0.00000 ( 3)
  81 S   0.00060 0.00000 0.99940 0.00000 ( 3)
  82 L   0.00060 0.00000 0.99940 0.00000 ( 3)
  83 R   0.00060 0.00000 0.99940 0.00000 ( 3)
  84 T   0.00060 0.00000 0.99940 0.00000 ( 3)
  85 A   0.00060 0.00000 0.99940 0.00000 ( 3)
  86 S   0.00061 0.00000 0.99939 0.00000 ( 3)
  87 N   0.00060 0.00000 0.99940 0.00000 ( 3)
  88 L   0.00060 0.00000 0.99940 0.00000 ( 3)
  89 L   0.00060 0.00000 0.99940 0.00000 ( 3)
  90 I   0.00061 0.00000 0.99939 0.00000 ( 3)
  91 L   0.00060 0.00000 0.99940 0.00000 ( 3)
  92 N   0.00060 0.00000 0.99940 0.00000 ( 3)
  93 L   0.00060 0.00000 0.99940 0.00000 ( 3)
  94 A   0.00060 0.00000 0.99940 0.00000 ( 3)
  95 I   0.00061 0.00000 0.99939 0.00000 ( 3)
  96 F   0.00060 0.00000 0.99940 0.00000 ( 3)
  97 D   0.00061 0.00000 0.99939 0.00000 ( 3)
  98 F   0.00060 0.00000 0.99940 0.00000 ( 3)
  99 I   0.00061 0.00000 0.99939 0.00000 ( 3)
 100 M   0.00061 0.00000 0.99939 0.00000 ( 3)
 101 M   0.00061 0.00000 0.99939 0.00000 ( 3)
 102 L   0.00060 0.00000 0.99940 0.00000 ( 3)
 103 K   0.00060 0.00000 0.99940 0.00000 ( 3)
 104 A   0.00060 0.00000 0.99940 0.00000 ( 3)
 105 P   0.00060 0.00000 0.99940 0.00000 ( 3)
 106 I   0.00061 0.00000 0.99939 0.00000 ( 3)
 107 F   0.00061 0.00000 0.99939 0.00000 ( 3)
 108 I   0.00061 0.00000 0.99939 0.00000 ( 3)
 109 Y   0.00060 0.00000 0.99940 0.00000 ( 3)
 110 N   0.00061 0.00000 0.99939 0.00000 ( 3)
 111 S   0.00061 0.00000 0.99939 0.00000 ( 3)
 112 A   0.00058 0.00000 0.99942 0.00000 ( 3)
 113 M   0.00061 0.00000 0.99939 0.00000 ( 3)
 114 R   0.00060 0.00000 0.99940 0.00000 ( 3)
 115 G   0.00060 0.00000 0.99940 0.00000 ( 3)
 116 F   0.00061 0.00000 0.99939 0.00000 ( 3)
 117 A   0.00060 0.00000 0.99940 0.00000 ( 3)
 118 A   0.00000 0.00060 0.00000 0.99940 ( 4)
 119 G   0.00060 0.00000 0.99940 0.00000 ( 3)
 120 A   0.00060 0.00000 0.99940 0.00000 ( 3)
 121 L   0.00000 0.00060 0.00000 0.99940 ( 4)
 122 W   0.00060 0.00000 0.99940 0.00000 ( 3)
 123 C   0.00060 0.00000 0.99940 0.00000 ( 3)
 124 K   0.00060 0.00000 0.99940 0.00000 ( 3)
 125 I   0.00061 0.00000 0.99939 0.00000 ( 3)
 126 F   0.00060 0.00000 0.99940 0.00000 ( 3)
 127 A   0.00061 0.00000 0.99939 0.00000 ( 3)
 128 V   0.00060 0.00000 0.99940 0.00000 ( 3)
 129 M   0.00061 0.00000 0.99939 0.00000 ( 3)
 130 G   0.00060 0.00000 0.99940 0.00000 ( 3)
 131 S   0.00024 0.00000 0.99976 0.00000 ( 3)
 132 Y   0.00060 0.00000 0.99940 0.00000 ( 3)
 133 S   0.00061 0.00000 0.99939 0.00000 ( 3)
 134 G   0.00060 0.00000 0.99940 0.00000 ( 3)
 135 I   0.00061 0.00000 0.99939 0.00000 ( 3)
 136 G   0.00060 0.00000 0.99940 0.00000 ( 3)
 137 A   0.00060 0.00000 0.99940 0.00000 ( 3)
 138 A   0.00060 0.00000 0.99940 0.00000 ( 3)
 139 M   0.00061 0.00000 0.99939 0.00000 ( 3)
 140 T   0.00061 0.00000 0.99939 0.00000 ( 3)
 141 N   0.00061 0.00000 0.99939 0.00000 ( 3)
 142 A   0.00060 0.00000 0.99940 0.00000 ( 3)
 143 C   0.00060 0.00000 0.99940 0.00000 ( 3)
 144 I   0.00061 0.00000 0.99939 0.00000 ( 3)
 145 A   0.00060 0.00000 0.99940 0.00000 ( 3)
 146 Y   0.00060 0.00000 0.99940 0.00000 ( 3)
 147 D   0.00061 0.00000 0.99939 0.00000 ( 3)
 148 R   0.00060 0.00000 0.99940 0.00000 ( 3)
 149 H   0.00060 0.00000 0.99940 0.00000 ( 3)
 150 S   0.00060 0.00000 0.99940 0.00000 ( 3)
 151 T   0.00060 0.00000 0.99940 0.00000 ( 3)
 152 I   0.00061 0.00000 0.99939 0.00000 ( 3)
 153 T   0.00060 0.00000 0.99940 0.00000 ( 3)
 154 R   0.00060 0.00000 0.99940 0.00000 ( 3)
 155 P   0.00060 0.00000 0.99940 0.00000 ( 3)
 156 L   0.00060 0.00000 0.99940 0.00000 ( 3)
 157 D   0.00060 0.00000 0.99940 0.00000 ( 3)
 158 G   0.00060 0.00000 0.99940 0.00000 ( 3)
 159 R   0.00060 0.00000 0.99940 0.00000 ( 3)
 160 L   0.00060 0.00000 0.99940 0.00000 ( 3)
 161 S   0.00060 0.00000 0.99940 0.00000 ( 3)
 162 R   0.00060 0.00000 0.99940 0.00000 ( 3)
 163 G   0.00060 0.00000 0.99940 0.00000 ( 3)
 164 K   0.00060 0.00000 0.99940 0.00000 ( 3)
 165 V   0.00060 0.00000 0.99940 0.00000 ( 3)
 166 L   0.00060 0.00000 0.99940 0.00000 ( 3)
 167 L   0.00060 0.00000 0.99940 0.00000 ( 3)
 168 M   0.00061 0.00000 0.99939 0.00000 ( 3)
 169 I   0.00061 0.00000 0.99939 0.00000 ( 3)
 170 I   0.00060 0.00000 0.99940 0.00000 ( 3)
 171 C   0.00058 0.00000 0.99942 0.00000 ( 3)
 172 I   0.00058 0.00000 0.99942 0.00000 ( 3)
 173 W   0.00060 0.00000 0.99940 0.00000 ( 3)
 174 I   0.00061 0.00000 0.99939 0.00000 ( 3)
 175 Y   0.00060 0.00000 0.99940 0.00000 ( 3)
 176 T   0.00058 0.00000 0.99942 0.00000 ( 3)
 177 T   0.00060 0.00000 0.99940 0.00000 ( 3)
 178 P   0.00060 0.00000 0.99940 0.00000 ( 3)
 179 W   0.00060 0.00000 0.99940 0.00000 ( 3)
 180 S   0.00060 0.00000 0.99940 0.00000 ( 3)
 181 L   0.00060 0.00000 0.99940 0.00000 ( 3)
 182 M   0.00060 0.00000 0.99940 0.00000 ( 3)
 183 P   0.00060 0.00000 0.99940 0.00000 ( 3)
 184 L   0.00060 0.00000 0.99940 0.00000 ( 3)
 185 F   0.00061 0.00000 0.99939 0.00000 ( 3)
 186 R   0.00060 0.00000 0.99940 0.00000 ( 3)
 187 V   0.00059 0.00000 0.99941 0.00000 ( 3)
 188 W   0.00060 0.00000 0.99940 0.00000 ( 3)
 189 G   0.00060 0.00000 0.99940 0.00000 ( 3)
 190 R   0.00060 0.00000 0.99940 0.00000 ( 3)
 191 F   0.00060 0.00000 0.99940 0.00000 ( 3)
 192 V   0.00060 0.00000 0.99940 0.00000 ( 3)
 193 P   0.00060 0.00000 0.99940 0.00000 ( 3)
 194 E   0.00060 0.00000 0.99940 0.00000 ( 3)
 195 G   0.00060 0.00000 0.99940 0.00000 ( 3)
 196 Y   0.00060 0.00000 0.99940 0.00000 ( 3)
 197 L   0.00060 0.00000 0.99940 0.00000 ( 3)
 198 T   0.00060 0.00000 0.99940 0.00000 ( 3)
 199 S   0.00060 0.00000 0.99940 0.00000 ( 3)
 200 C   0.00060 0.00000 0.99940 0.00000 ( 3)
 201 T   0.00060 0.00000 0.99940 0.00000 ( 3)
 202 F   0.00061 0.00000 0.99939 0.00000 ( 3)
 203 D   0.00061 0.00000 0.99939 0.00000 ( 3)
 204 Y   0.00060 0.00000 0.99940 0.00000 ( 3)
 205 L   0.00060 0.00000 0.99940 0.00000 ( 3)
 206 T   0.00060 0.00000 0.99940 0.00000 ( 3)
 207 N   0.00061 0.00000 0.99939 0.00000 ( 3)
 208 S   0.00060 0.00000 0.99940 0.00000 ( 3)
 209 F   0.00061 0.00000 0.99939 0.00000 ( 3)
 210 D   0.00061 0.00000 0.99939 0.00000 ( 3)
 211 N   0.00060 0.00000 0.99940 0.00000 ( 3)
 212 K   0.00060 0.00000 0.99940 0.00000 ( 3)
 213 L   0.00060 0.00000 0.99940 0.00000 ( 3)
 214 F   0.00061 0.00000 0.99939 0.00000 ( 3)
 215 V   0.00060 0.00000 0.99940 0.00000 ( 3)
 216 G   0.00059 0.00000 0.99941 0.00000 ( 3)
 217 C   0.00060 0.00000 0.99940 0.00000 ( 3)
 218 I   0.00061 0.00000 0.99939 0.00000 ( 3)
 219 F   0.00061 0.00000 0.99939 0.00000 ( 3)
 220 T   0.00000 0.00060 0.00000 0.99940 ( 4)
 221 C   0.00060 0.00000 0.99940 0.00000 ( 3)
 222 S   0.00060 0.00000 0.99940 0.00000 ( 3)
 223 Y   0.00060 0.00000 0.99940 0.00000 ( 3)
 224 V   0.00060 0.00000 0.99940 0.00000 ( 3)
 225 F   0.00061 0.00000 0.99939 0.00000 ( 3)
 226 P   0.00060 0.00000 0.99940 0.00000 ( 3)
 227 M   0.00061 0.00000 0.99939 0.00000 ( 3)
 228 L   0.00047 0.00000 0.99952 0.00000 ( 3)
 229 C   0.00061 0.00000 0.99939 0.00000 ( 3)
 230 I   0.00061 0.00000 0.99939 0.00000 ( 3)
 231 I   0.00061 0.00000 0.99939 0.00000 ( 3)
 232 Y   0.00060 0.00000 0.99940 0.00000 ( 3)
 233 F   0.00061 0.00000 0.99939 0.00000 ( 3)
 234 Y   0.00060 0.00000 0.99940 0.00000 ( 3)
 235 S   0.00061 0.00000 0.99939 0.00000 ( 3)
 236 G   0.00060 0.00000 0.99940 0.00000 ( 3)
 237 I   0.00061 0.00000 0.99939 0.00000 ( 3)
 238 V   0.00061 0.00000 0.99939 0.00000 ( 3)
 239 K   0.00060 0.00000 0.99940 0.00000 ( 3)
 240 Q   0.00060 0.00000 0.99940 0.00000 ( 3)
 241 V   0.00060 0.00000 0.99940 0.00000 ( 3)
 242 F   0.00060 0.00000 0.99940 0.00000 ( 3)
 243 A   0.00060 0.00000 0.99940 0.00000 ( 3)
 244 H   0.00060 0.00000 0.99940 0.00000 ( 3)
 245 E   0.00060 0.00000 0.99940 0.00000 ( 3)
 246 A   0.00060 0.00000 0.99940 0.00000 ( 3)
 247 A   0.00060 0.00000 0.99940 0.00000 ( 3)
 248 L   0.00060 0.00000 0.99940 0.00000 ( 3)
 249 R   0.00060 0.00000 0.99940 0.00000 ( 3)
 250 E   0.00060 0.00000 0.99940 0.00000 ( 3)
 251 Q   0.00060 0.00000 0.99940 0.00000 ( 3)
 252 A   0.00060 0.00000 0.99940 0.00000 ( 3)
 253 K   0.00060 0.00000 0.99940 0.00000 ( 3)
 254 K   0.00060 0.00000 0.99940 0.00000 ( 3)
 255 M   0.00061 0.00000 0.99939 0.00000 ( 3)
 256 N   0.00061 0.00000 0.99939 0.00000 ( 3)
 257 V   0.00060 0.00000 0.99940 0.00000 ( 3)
 258 E   0.00060 0.00000 0.99940 0.00000 ( 3)
 259 S   0.00060 0.00000 0.99940 0.00000 ( 3)
 260 L   0.00060 0.00000 0.99940 0.00000 ( 3)
 261 R   0.00060 0.00000 0.99940 0.00000 ( 3)
 262 S   0.00056 0.00000 0.99944 0.00000 ( 3)
 263 N   0.00061 0.00000 0.99939 0.00000 ( 3)
 264 Q   0.00060 0.00000 0.99940 0.00000 ( 3)
 265 N   0.00061 0.00000 0.99939 0.00000 ( 3)
 266 A   0.00060 0.00000 0.99940 0.00000 ( 3)
 267 G   0.00000 0.00059 0.00628 0.99313 ( 4)
 268 A   0.00060 0.00000 0.99940 0.00000 ( 3)
 269 E   0.00005 0.00000 0.99995 0.00000 ( 3)
 270 S   0.00060 0.00000 0.99940 0.00000 ( 3)
 271 A   0.00060 0.00000 0.99940 0.00000 ( 3)
 272 E   0.00060 0.00000 0.99940 0.00000 ( 3)
 273 I   0.00061 0.00000 0.99939 0.00000 ( 3)
 274 R   0.00060 0.00000 0.99940 0.00000 ( 3)
 275 I   0.00061 0.00000 0.99939 0.00000 ( 3)
 276 A   0.00060 0.00000 0.99940 0.00000 ( 3)
 277 K   0.00060 0.00000 0.99940 0.00000 ( 3)
 278 A   0.00060 0.00000 0.99940 0.00000 ( 3)
 279 A   0.00060 0.00000 0.99940 0.00000 ( 3)
 280 L   0.00060 0.00000 0.99940 0.00000 ( 3)
 281 T   0.00061 0.00000 0.99939 0.00000 ( 3)
 282 V   0.00060 0.00000 0.99940 0.00000 ( 3)
 283 C   0.00060 0.00000 0.99940 0.00000 ( 3)
 284 F   0.00061 0.00000 0.99939 0.00000 ( 3)
 285 L   0.00060 0.00000 0.99940 0.00000 ( 3)
 286 F   0.00061 0.00000 0.99939 0.00000 ( 3)
 287 V   0.00060 0.00000 0.99940 0.00000 ( 3)
 288 A   0.00061 0.00000 0.99939 0.00000 ( 3)
 289 S   0.00060 0.00000 0.99940 0.00000 ( 3)
 290 W   0.00060 0.00000 0.99940 0.00000 ( 3)
 291 T   0.00060 0.00000 0.99940 0.00000 ( 3)
 292 P   0.00060 0.00000 0.99940 0.00000 ( 3)
 293 Y   0.00060 0.00000 0.99940 0.00000 ( 3)
 294 G   0.00060 0.00000 0.99940 0.00000 ( 3)
 295 V   0.00061 0.00000 0.99939 0.00000 ( 3)
 296 M   0.00061 0.00000 0.99939 0.00000 ( 3)
 297 S   0.00060 0.00000 0.99940 0.00000 ( 3)
 298 L   0.00060 0.00000 0.99940 0.00000 ( 3)
 299 I   0.00061 0.00000 0.99939 0.00000 ( 3)
 300 G   0.00060 0.00000 0.99940 0.00000 ( 3)
 301 A   0.00061 0.00000 0.99939 0.00000 ( 3)
 302 F   0.00061 0.00000 0.99939 0.00000 ( 3)
 303 G   0.00060 0.00000 0.99940 0.00000 ( 3)
 304 D   0.00057 0.00000 0.99943 0.00000 ( 3)
 305 Q   0.00060 0.00000 0.99940 0.00000 ( 3)
 306 E   0.00053 0.00000 0.99942 0.00005 ( 3)
 307 L   0.00060 0.00000 0.99940 0.00000 ( 3)
 308 L   0.00060 0.00000 0.99940 0.00000 ( 3)
 309 T   0.00060 0.00000 0.99940 0.00000 ( 3)
 310 P   0.00060 0.00000 0.99940 0.00000 ( 3)
 311 G   0.00060 0.00000 0.99940 0.00000 ( 3)
 312 V   0.00060 0.00000 0.99940 0.00000 ( 3)
 313 T   0.00060 0.00000 0.99940 0.00000 ( 3)
 314 M   0.00061 0.00000 0.99939 0.00000 ( 3)
 315 I   0.00061 0.00000 0.99939 0.00000 ( 3)
 316 P   0.00060 0.00000 0.99940 0.00000 ( 3)
 317 A   0.00060 0.00000 0.99940 0.00000 ( 3)
 318 I   0.00060 0.00000 0.99940 0.00000 ( 3)
 319 T   0.00060 0.00000 0.99940 0.00000 ( 3)
 320 C   0.00060 0.00000 0.99940 0.00000 ( 3)
 321 K   0.00060 0.00000 0.99940 0.00000 ( 3)
 322 A   0.00060 0.00000 0.99940 0.00000 ( 3)
 323 V   0.00060 0.00000 0.99940 0.00000 ( 3)
 324 A   0.00060 0.00000 0.99940 0.00000 ( 3)
 325 C   0.00060 0.00000 0.99940 0.00000 ( 3)
 326 I   0.00061 0.00000 0.99939 0.00000 ( 3)
 327 D   0.00060 0.00000 0.99940 0.00000 ( 3)
 328 P   0.00060 0.00000 0.99940 0.00000 ( 3)
 329 W   0.00060 0.00000 0.99940 0.00000 ( 3)
 330 V   0.00060 0.00000 0.99940 0.00000 ( 3)
 331 Y   0.00060 0.00000 0.99940 0.00000 ( 3)
 332 A   0.00060 0.00000 0.99940 0.00000 ( 3)
 333 I   0.00061 0.00000 0.99939 0.00000 ( 3)
 334 S   0.00060 0.00000 0.99940 0.00000 ( 3)
 335 H   0.00060 0.00000 0.99940 0.00000 ( 3)
 336 P   0.00060 0.00000 0.99940 0.00000 ( 3)
 337 K   0.00060 0.00000 0.99940 0.00000 ( 3)
 338 Y   0.00060 0.00000 0.99940 0.00000 ( 3)
 339 R   0.00060 0.00000 0.99940 0.00000 ( 3)
 340 Q   0.00060 0.00000 0.99940 0.00000 ( 3)
 341 E   0.00060 0.00000 0.99940 0.00000 ( 3)
 342 L   0.00060 0.00000 0.99940 0.00000 ( 3)
 343 Q   0.00060 0.00000 0.99940 0.00000 ( 3)
 344 R   0.00060 0.00000 0.99940 0.00000 ( 3)
 345 R   0.00060 0.00000 0.99940 0.00000 ( 3)
 346 M   0.00061 0.00000 0.99939 0.00000 ( 3)
 347 P   0.00060 0.00000 0.99940 0.00000 ( 3)
 348 W   0.00060 0.00000 0.99940 0.00000 ( 3)
 349 L   0.00060 0.00000 0.99940 0.00000 ( 3)
 350 Q   0.00060 0.00000 0.99940 0.00000 ( 3)
 351 I   0.00061 0.00000 0.99939 0.00000 ( 3)
 352 S   0.00004 0.00000 0.99996 0.00000 ( 3)
 353 E   0.00060 0.00000 0.99940 0.00000 ( 3)
 354 P   0.00060 0.00000 0.99940 0.00000 ( 3)
 355 D   0.00060 0.00000 0.99940 0.00000 ( 3)
 356 D   0.00061 0.00000 0.99939 0.00000 ( 3)
 357 N   0.00003 0.00000 0.99997 0.00000 ( 3)
 358 T   0.00000 0.00060 0.00000 0.99940 ( 4)
 359 S   0.00060 0.00000 0.99940 0.00000 ( 3)
 360 N   0.00060 0.00000 0.99940 0.00000 ( 3)
 361 T   0.00060 0.00000 0.99940 0.00000 ( 3)
 362 S   0.00061 0.00000 0.99939 0.00000 ( 3)
 363 N   0.00023 0.00000 0.99977 0.00000 ( 3)
 364 T   0.00061 0.00000 0.99939 0.00000 ( 3)
 365 T   0.00061 0.00000 0.99939 0.00000 ( 3)
 366 T   0.00057 0.00000 0.99943 0.00000 ( 3)
 367 N   0.00060 0.00000 0.99940 0.00000 ( 3)
 368 S   0.00000 0.00060 0.00000 0.99940 ( 4)
 369 A   0.00000 0.00060 0.00000 0.99940 ( 4)
 370 A   0.00060 0.00000 0.99940 0.00000 ( 3)
 371 P   0.00060 0.00000 0.99940 0.00000 ( 3)


lnL = -75815.325579

