Supplemental results for CODEML (seqf: align.fa  treef: tree.nwk)


MLEs of dN/dS (w) for site classes (K=2)

p:   0.69565  0.30435
w:   0.00855  0.13907

Naive Empirical Bayes (NEB) probabilities for 2 classes & postmean_w
(amino acids refer to 1st sequence: ColCroc|Blue5)

   1 N   1.00000 0.00000 ( 1)  0.009
   2 V   0.00000 1.00000 ( 2)  0.139
   3 N   0.00000 1.00000 ( 2)  0.139
   4 N   1.00000 0.00000 ( 1)  0.009
   5 F   0.00000 1.00000 ( 2)  0.139
   6 S   0.00000 1.00000 ( 2)  0.139
   7 A   0.00000 1.00000 ( 2)  0.139
   8 E   0.00000 1.00000 ( 2)  0.139
   9 A   0.00000 1.00000 ( 2)  0.139
  10 R   0.00000 1.00000 ( 2)  0.139
  11 P   0.00000 1.00000 ( 2)  0.139
  12 V   0.00000 1.00000 ( 2)  0.139
  13 A   0.99989 0.00011 ( 1)  0.009
  14 Y   0.00000 1.00000 ( 2)  0.139
  15 P   0.00000 1.00000 ( 2)  0.139
  16 F   0.00000 1.00000 ( 2)  0.139
  17 K   0.00000 1.00000 ( 2)  0.139
  18 M   0.99994 0.00006 ( 1)  0.009
  19 V   1.00000 0.00000 ( 1)  0.009
  20 S   0.00000 1.00000 ( 2)  0.139
  21 D   0.00000 1.00000 ( 2)  0.139
  22 E   0.13000 0.87000 ( 2)  0.122
  23 V   0.00243 0.99757 ( 2)  0.139
  24 Q   0.00000 1.00000 ( 2)  0.139
  25 Q   0.00000 1.00000 ( 2)  0.139
  26 N   1.00000 0.00000 ( 1)  0.009
  27 M   1.00000 0.00000 ( 1)  0.009
  28 L   1.00000 0.00000 ( 1)  0.009
  29 G   1.00000 0.00000 ( 1)  0.009
  30 W   0.98538 0.01462 ( 1)  0.010
  31 N   1.00000 0.00000 ( 1)  0.009
  32 V   1.00000 0.00000 ( 1)  0.009
  33 P   1.00000 0.00000 ( 1)  0.009
  34 S   0.00000 1.00000 ( 2)  0.139
  35 E   1.00000 0.00000 ( 1)  0.009
  36 Y   0.99999 0.00001 ( 1)  0.009
  37 Q   0.75111 0.24889 ( 1)  0.041
  38 D   0.01097 0.98903 ( 2)  0.138
  39 L   0.00000 1.00000 ( 2)  0.139
  40 V   1.00000 0.00000 ( 1)  0.009
  41 H   0.99999 0.00001 ( 1)  0.009
  42 D   0.00000 1.00000 ( 2)  0.139
  43 H   1.00000 0.00000 ( 1)  0.009
  44 W   1.00000 0.00000 ( 1)  0.009
  45 R   1.00000 0.00000 ( 1)  0.009
  46 N   0.00000 1.00000 ( 2)  0.139
  47 F   1.00000 0.00000 ( 1)  0.009
  48 A   0.99995 0.00005 ( 1)  0.009
  49 A   0.94202 0.05798 ( 1)  0.016
  50 I   1.00000 0.00000 ( 1)  0.009
  51 D   0.00000 1.00000 ( 2)  0.139
  52 K   1.00000 0.00000 ( 1)  0.009
  53 F   1.00000 0.00000 ( 1)  0.009
  54 W   0.76617 0.23383 ( 1)  0.039
  55 H   1.00000 0.00000 ( 1)  0.009
  56 Y   0.83464 0.16536 ( 1)  0.030
  57 C   0.00000 1.00000 ( 2)  0.139
  58 L   1.00000 0.00000 ( 1)  0.009
  59 A   1.00000 0.00000 ( 1)  0.009
  60 L   0.99986 0.00014 ( 1)  0.009
  61 I   1.00000 0.00000 ( 1)  0.009
  62 Y   1.00000 0.00000 ( 1)  0.009
  63 M   0.57122 0.42878 ( 1)  0.065
  64 I   0.00000 1.00000 ( 2)  0.139
  65 L   1.00000 0.00000 ( 1)  0.009
  66 W   1.00000 0.00000 ( 1)  0.009
  67 I   0.00000 1.00000 ( 2)  0.139
  68 S   0.00000 1.00000 ( 2)  0.139
  69 S   1.00000 0.00000 ( 1)  0.009
  70 V   0.00000 1.00000 ( 2)  0.139
  71 C   0.00000 1.00000 ( 2)  0.139
  72 G   1.00000 0.00000 ( 1)  0.009
  73 N   1.00000 0.00000 ( 1)  0.009
  74 G   1.00000 0.00000 ( 1)  0.009
  75 I   1.00000 0.00000 ( 1)  0.009
  76 V   1.00000 0.00000 ( 1)  0.009
  77 V   1.00000 0.00000 ( 1)  0.009
  78 W   1.00000 0.00000 ( 1)  0.009
  79 I   1.00000 0.00000 ( 1)  0.009
  80 F   1.00000 0.00000 ( 1)  0.009
  81 S   0.00000 1.00000 ( 2)  0.139
  82 T   1.00000 0.00000 ( 1)  0.009
  83 S   1.00000 0.00000 ( 1)  0.009
  84 K   1.00000 0.00000 ( 1)  0.009
  85 S   0.00000 1.00000 ( 2)  0.139
  86 L   1.00000 0.00000 ( 1)  0.009
  87 R   1.00000 0.00000 ( 1)  0.009
  88 S   0.99993 0.00007 ( 1)  0.009
  89 A   0.00902 0.99098 ( 2)  0.138
  90 S   1.00000 0.00000 ( 1)  0.009
  91 N   1.00000 0.00000 ( 1)  0.009
  92 M   1.00000 0.00000 ( 1)  0.009
  93 F   1.00000 0.00000 ( 1)  0.009
  94 I   1.00000 0.00000 ( 1)  0.009
  95 V   1.00000 0.00000 ( 1)  0.009
  96 N   1.00000 0.00000 ( 1)  0.009
  97 L   1.00000 0.00000 ( 1)  0.009
  98 A   1.00000 0.00000 ( 1)  0.009
  99 L   0.00000 1.00000 ( 2)  0.139
 100 F   1.00000 0.00000 ( 1)  0.009
 101 D   1.00000 0.00000 ( 1)  0.009
 102 M   0.00002 0.99998 ( 2)  0.139
 103 V   1.00000 0.00000 ( 1)  0.009
 104 M   1.00000 0.00000 ( 1)  0.009
 105 M   1.00000 0.00000 ( 1)  0.009
 106 I   0.00000 1.00000 ( 2)  0.139
 107 E   1.00000 0.00000 ( 1)  0.009
 108 M   1.00000 0.00000 ( 1)  0.009
 109 P   1.00000 0.00000 ( 1)  0.009
 110 H   0.00006 0.99994 ( 2)  0.139
 111 L   1.00000 0.00000 ( 1)  0.009
 112 I   1.00000 0.00000 ( 1)  0.009
 113 I   0.00000 1.00000 ( 2)  0.139
 114 N   1.00000 0.00000 ( 1)  0.009
 115 S   1.00000 0.00000 ( 1)  0.009
 116 F   1.00000 0.00000 ( 1)  0.009
 117 Y   0.00000 1.00000 ( 2)  0.139
 118 Q   0.99958 0.00042 ( 1)  0.009
 119 K   0.00001 0.99999 ( 2)  0.139
 120 M   0.00000 1.00000 ( 2)  0.139
 121 I   0.00000 1.00000 ( 2)  0.139
 122 G   1.00000 0.00000 ( 1)  0.009
 123 Y   1.00000 0.00000 ( 1)  0.009
 124 Q   1.00000 0.00000 ( 1)  0.009
 125 V   0.23303 0.76697 ( 2)  0.109
 126 G   1.00000 0.00000 ( 1)  0.009
 127 C   1.00000 0.00000 ( 1)  0.009
 128 D   1.00000 0.00000 ( 1)  0.009
 129 I   0.00000 1.00000 ( 2)  0.139
 130 Y   1.00000 0.00000 ( 1)  0.009
 131 A   0.19123 0.80877 ( 2)  0.114
 132 T   0.00000 1.00000 ( 2)  0.139
 133 L   0.99661 0.00339 ( 1)  0.009
 134 G   1.00000 0.00000 ( 1)  0.009
 135 S   0.95082 0.04918 ( 1)  0.015
 136 I   0.86694 0.13306 ( 1)  0.026
 137 S   0.99990 0.00010 ( 1)  0.009
 138 G   1.00000 0.00000 ( 1)  0.009
 139 I   1.00000 0.00000 ( 1)  0.009
 140 G   1.00000 0.00000 ( 1)  0.009
 141 A   1.00000 0.00000 ( 1)  0.009
 142 A   1.00000 0.00000 ( 1)  0.009
 143 I   1.00000 0.00000 ( 1)  0.009
 144 S   0.00991 0.99009 ( 2)  0.138
 145 N   1.00000 0.00000 ( 1)  0.009
 146 A   0.99998 0.00002 ( 1)  0.009
 147 V   1.00000 0.00000 ( 1)  0.009
 148 I   1.00000 0.00000 ( 1)  0.009
 149 A   1.00000 0.00000 ( 1)  0.009
 150 Y   0.99999 0.00001 ( 1)  0.009
 151 D   1.00000 0.00000 ( 1)  0.009
 152 R   1.00000 0.00000 ( 1)  0.009
 153 Y   1.00000 0.00000 ( 1)  0.009
 154 K   1.00000 0.00000 ( 1)  0.009
 155 T   1.00000 0.00000 ( 1)  0.009
 156 I   1.00000 0.00000 ( 1)  0.009
 157 S   1.00000 0.00000 ( 1)  0.009
 158 C   0.00604 0.99396 ( 2)  0.138
 159 P   1.00000 0.00000 ( 1)  0.009
 160 I   1.00000 0.00000 ( 1)  0.009
 161 D   1.00000 0.00000 ( 1)  0.009
 162 G   1.00000 0.00000 ( 1)  0.009
 163 R   1.00000 0.00000 ( 1)  0.009
 164 I   1.00000 0.00000 ( 1)  0.009
 165 N   1.00000 0.00000 ( 1)  0.009
 166 K   0.00000 1.00000 ( 2)  0.139
 167 V   0.99998 0.00002 ( 1)  0.009
 168 Q   1.00000 0.00000 ( 1)  0.009
 169 A   1.00000 0.00000 ( 1)  0.009
 170 S   0.00000 1.00000 ( 2)  0.139
 171 I   0.00000 1.00000 ( 2)  0.139
 172 L   1.00000 0.00000 ( 1)  0.009
 173 I   1.00000 0.00000 ( 1)  0.009
 174 A   0.00000 1.00000 ( 2)  0.139
 175 F   1.00000 0.00000 ( 1)  0.009
 176 T   1.00000 0.00000 ( 1)  0.009
 177 W   1.00000 0.00000 ( 1)  0.009
 178 F   0.00000 1.00000 ( 2)  0.139
 179 W   1.00000 0.00000 ( 1)  0.009
 180 T   0.00000 1.00000 ( 2)  0.139
 181 L   0.00000 1.00000 ( 2)  0.139
 182 P   1.00000 0.00000 ( 1)  0.009
 183 F   1.00000 0.00000 ( 1)  0.009
 184 T   1.00000 0.00000 ( 1)  0.009
 185 I   0.00000 1.00000 ( 2)  0.139
 186 L   0.02753 0.97247 ( 2)  0.135
 187 P   1.00000 0.00000 ( 1)  0.009
 188 L   0.00000 1.00000 ( 2)  0.139
 189 L   0.00000 1.00000 ( 2)  0.139
 190 K   0.00000 1.00000 ( 2)  0.139
 191 V   0.00000 1.00000 ( 2)  0.139
 192 W   1.00000 0.00000 ( 1)  0.009
 193 G   1.00000 0.00000 ( 1)  0.009
 194 K   0.00000 1.00000 ( 2)  0.139
 195 F   0.00000 1.00000 ( 2)  0.139
 196 V   1.00000 0.00000 ( 1)  0.009
 197 P   1.00000 0.00000 ( 1)  0.009
 198 E   1.00000 0.00000 ( 1)  0.009
 199 G   1.00000 0.00000 ( 1)  0.009
 200 F   1.00000 0.00000 ( 1)  0.009
 201 L   1.00000 0.00000 ( 1)  0.009
 202 T   1.00000 0.00000 ( 1)  0.009
 203 T   1.00000 0.00000 ( 1)  0.009
 204 C   1.00000 0.00000 ( 1)  0.009
 205 S   1.00000 0.00000 ( 1)  0.009
 206 F   1.00000 0.00000 ( 1)  0.009
 207 D   1.00000 0.00000 ( 1)  0.009
 208 Y   0.99999 0.00001 ( 1)  0.009
 209 F   0.00001 0.99999 ( 2)  0.139
 210 T   1.00000 0.00000 ( 1)  0.009
 211 D   0.00000 1.00000 ( 2)  0.139
 212 D   1.00000 0.00000 ( 1)  0.009
 213 E   0.00013 0.99987 ( 2)  0.139
 214 D   1.00000 0.00000 ( 1)  0.009
 215 T   1.00000 0.00000 ( 1)  0.009
 216 K   0.99586 0.00414 ( 1)  0.009
 217 V   1.00000 0.00000 ( 1)  0.009
 218 F   1.00000 0.00000 ( 1)  0.009
 219 V   1.00000 0.00000 ( 1)  0.009
 220 A   0.00000 1.00000 ( 2)  0.139
 221 C   0.00030 0.99970 ( 2)  0.139
 222 I   1.00000 0.00000 ( 1)  0.009
 223 F   1.00000 0.00000 ( 1)  0.009
 224 V   0.00000 1.00000 ( 2)  0.139
 225 W   1.00000 0.00000 ( 1)  0.009
 226 S   1.00000 0.00000 ( 1)  0.009
 227 Y   1.00000 0.00000 ( 1)  0.009
 228 C   0.00000 1.00000 ( 2)  0.139
 229 F   1.00000 0.00000 ( 1)  0.009
 230 P   1.00000 0.00000 ( 1)  0.009
 231 M   1.00000 0.00000 ( 1)  0.009
 232 A   0.00000 1.00000 ( 2)  0.139
 233 L   0.99975 0.00025 ( 1)  0.009
 234 I   1.00000 0.00000 ( 1)  0.009
 235 C   1.00000 0.00000 ( 1)  0.009
 236 I   0.11382 0.88618 ( 2)  0.124
 237 F   1.00000 0.00000 ( 1)  0.009
 238 Y   1.00000 0.00000 ( 1)  0.009
 239 S   0.99996 0.00004 ( 1)  0.009
 240 K   0.99214 0.00786 ( 1)  0.010
 241 L   1.00000 0.00000 ( 1)  0.009
 242 F   1.00000 0.00000 ( 1)  0.009
 243 T   0.00000 1.00000 ( 2)  0.139
 244 A   1.00000 0.00000 ( 1)  0.009
 245 V   1.00000 0.00000 ( 1)  0.009
 246 R   0.99999 0.00001 ( 1)  0.009
 247 L   0.00008 0.99992 ( 2)  0.139
 248 H   1.00000 0.00000 ( 1)  0.009
 249 E   1.00000 0.00000 ( 1)  0.009
 250 K   0.00000 1.00000 ( 2)  0.139
 251 M   1.00000 0.00000 ( 1)  0.009
 252 L   1.00000 0.00000 ( 1)  0.009
 253 K   0.00000 1.00000 ( 2)  0.139
 254 E   0.00000 1.00000 ( 2)  0.139
 255 Q   1.00000 0.00000 ( 1)  0.009
 256 A   1.00000 0.00000 ( 1)  0.009
 257 K   1.00000 0.00000 ( 1)  0.009
 258 K   1.00000 0.00000 ( 1)  0.009
 259 M   1.00000 0.00000 ( 1)  0.009
 260 N   1.00000 0.00000 ( 1)  0.009
 261 V   1.00000 0.00000 ( 1)  0.009
 262 K   1.00000 0.00000 ( 1)  0.009
 263 S   1.00000 0.00000 ( 1)  0.009
 264 L   1.00000 0.00000 ( 1)  0.009
 265 A   0.00000 1.00000 ( 2)  0.139
 266 S   0.00000 1.00000 ( 2)  0.139
 267 N   1.00000 0.00000 ( 1)  0.009
 268 K   1.00000 0.00000 ( 1)  0.009
 269 E   0.00000 1.00000 ( 2)  0.139
 270 D   1.00000 0.00000 ( 1)  0.009
 271 A   0.00000 1.00000 ( 2)  0.139
 272 G   0.00000 1.00000 ( 2)  0.139
 273 K   0.04783 0.95217 ( 2)  0.133
 274 S   1.00000 0.00000 ( 1)  0.009
 275 V   0.00000 1.00000 ( 2)  0.139
 276 E   1.00000 0.00000 ( 1)  0.009
 277 I   1.00000 0.00000 ( 1)  0.009
 278 R   1.00000 0.00000 ( 1)  0.009
 279 I   1.00000 0.00000 ( 1)  0.009
 280 A   1.00000 0.00000 ( 1)  0.009
 281 K   1.00000 0.00000 ( 1)  0.009
 282 V   1.00000 0.00000 ( 1)  0.009
 283 A   1.00000 0.00000 ( 1)  0.009
 284 F   1.00000 0.00000 ( 1)  0.009
 285 T   1.00000 0.00000 ( 1)  0.009
 286 I   1.00000 0.00000 ( 1)  0.009
 287 F   1.00000 0.00000 ( 1)  0.009
 288 F   1.00000 0.00000 ( 1)  0.009
 289 L   1.00000 0.00000 ( 1)  0.009
 290 F   1.00000 0.00000 ( 1)  0.009
 291 V   0.00000 1.00000 ( 2)  0.139
 292 C   1.00000 0.00000 ( 1)  0.009
 293 A   0.00000 1.00000 ( 2)  0.139
 294 W   1.00000 0.00000 ( 1)  0.009
 295 T   1.00000 0.00000 ( 1)  0.009
 296 P   1.00000 0.00000 ( 1)  0.009
 297 Y   1.00000 0.00000 ( 1)  0.009
 298 A   1.00000 0.00000 ( 1)  0.009
 299 V   0.00006 0.99994 ( 2)  0.139
 300 V   1.00000 0.00000 ( 1)  0.009
 301 T   0.00000 1.00000 ( 2)  0.139
 302 M   1.00000 0.00000 ( 1)  0.009
 303 I   0.00005 0.99995 ( 2)  0.139
 304 G   1.00000 0.00000 ( 1)  0.009
 305 A   1.00000 0.00000 ( 1)  0.009
 306 F   0.99902 0.00098 ( 1)  0.009
 307 G   0.99999 0.00001 ( 1)  0.009
 308 D   1.00000 0.00000 ( 1)  0.009
 309 R   1.00000 0.00000 ( 1)  0.009
 310 S   0.00000 1.00000 ( 2)  0.139
 311 L   0.00000 1.00000 ( 2)  0.139
 312 L   1.00000 0.00000 ( 1)  0.009
 313 T   1.00000 0.00000 ( 1)  0.009
 314 P   1.00000 0.00000 ( 1)  0.009
 315 H   0.00000 1.00000 ( 2)  0.139
 316 V   0.99999 0.00001 ( 1)  0.009
 317 T   1.00000 0.00000 ( 1)  0.009
 318 M   1.00000 0.00000 ( 1)  0.009
 319 I   0.00000 1.00000 ( 2)  0.139
 320 P   1.00000 0.00000 ( 1)  0.009
 321 A   1.00000 0.00000 ( 1)  0.009
 322 V   1.00000 0.00000 ( 1)  0.009
 323 F   1.00000 0.00000 ( 1)  0.009
 324 A   0.00000 1.00000 ( 2)  0.139
 325 K   1.00000 0.00000 ( 1)  0.009
 326 S   0.00000 1.00000 ( 2)  0.139
 327 V   1.00000 0.00000 ( 1)  0.009
 328 S   1.00000 0.00000 ( 1)  0.009
 329 C   1.00000 0.00000 ( 1)  0.009
 330 I   0.00001 0.99999 ( 2)  0.139
 331 D   1.00000 0.00000 ( 1)  0.009
 332 P   1.00000 0.00000 ( 1)  0.009
 333 W   1.00000 0.00000 ( 1)  0.009
 334 V   1.00000 0.00000 ( 1)  0.009
 335 Y   1.00000 0.00000 ( 1)  0.009
 336 A   1.00000 0.00000 ( 1)  0.009
 337 I   1.00000 0.00000 ( 1)  0.009
 338 N   1.00000 0.00000 ( 1)  0.009
 339 H   1.00000 0.00000 ( 1)  0.009
 340 P   1.00000 0.00000 ( 1)  0.009
 341 R   1.00000 0.00000 ( 1)  0.009
 342 Y   1.00000 0.00000 ( 1)  0.009
 343 R   1.00000 0.00000 ( 1)  0.009
 344 A   0.57707 0.42293 ( 1)  0.064
 345 E   1.00000 0.00000 ( 1)  0.009
 346 L   1.00000 0.00000 ( 1)  0.009
 347 Q   0.00000 1.00000 ( 2)  0.139
 348 K   1.00000 0.00000 ( 1)  0.009
 349 R   1.00000 0.00000 ( 1)  0.009
 350 L   0.00000 1.00000 ( 2)  0.139
 351 P   1.00000 0.00000 ( 1)  0.009
 352 W   1.00000 0.00000 ( 1)  0.009
 353 M   0.00014 0.99986 ( 2)  0.139
 354 G   1.00000 0.00000 ( 1)  0.009
 355 V   1.00000 0.00000 ( 1)  0.009
 356 R   0.99999 0.00001 ( 1)  0.009
 357 E   1.00000 0.00000 ( 1)  0.009
 358 P   0.00000 1.00000 ( 2)  0.139
 359 D   0.25764 0.74236 ( 2)  0.105
 360 P   0.99189 0.00811 ( 1)  0.010
 361 E   1.00000 0.00000 ( 1)  0.009
 362 T   0.00000 1.00000 ( 2)  0.139
 363 Q   0.00000 1.00000 ( 2)  0.139
 364 S   1.00000 0.00000 ( 1)  0.009
 365 S   0.00000 1.00000 ( 2)  0.139
 366 N   0.00000 1.00000 ( 2)  0.139
 367 A   0.99998 0.00002 ( 1)  0.009
 368 S   0.99984 0.00016 ( 1)  0.009
 369 T   0.00000 1.00000 ( 2)  0.139
 370 T   1.00000 0.00000 ( 1)  0.009
 371 Q   0.00000 1.00000 ( 2)  0.139
 372 S   0.00000 1.00000 ( 2)  0.139
 373 Q   0.00000 1.00000 ( 2)  0.139
 374 S   0.00000 1.00000 ( 2)  0.139
 375 A   0.00000 1.00000 ( 2)  0.139
 376 D   0.00000 1.00000 ( 2)  0.139
 377 A   1.00000 0.00000 ( 1)  0.009

Positively selected sites

	Prob(w>1)  mean w



lnL = -72081.192725

