Supplemental results for CODEML (seqf: align.fa  treef: tree.nwk)


MLEs of dN/dS (w) for site classes (K=2)

p:   0.95866  0.04134
w:   0.03912  1.00000

Naive Empirical Bayes (NEB) probabilities for 2 classes & postmean_w
(amino acids refer to 1st sequence: ColCroc|Blue5)

   1 N   1.00000 0.00000 ( 1)  0.039
   2 V   1.00000 0.00000 ( 1)  0.039
   3 N   0.00000 1.00000 ( 2)  1.000
   4 N   1.00000 0.00000 ( 1)  0.039
   5 F   1.00000 0.00000 ( 1)  0.039
   6 S   1.00000 0.00000 ( 1)  0.039
   7 A   0.45619 0.54381 ( 2)  0.562
   8 E   0.00000 1.00000 ( 2)  1.000
   9 A   1.00000 0.00000 ( 1)  0.039
  10 R   1.00000 0.00000 ( 1)  0.039
  11 P   1.00000 0.00000 ( 1)  0.039
  12 V   1.00000 0.00000 ( 1)  0.039
  13 A   1.00000 0.00000 ( 1)  0.039
  14 Y   0.99999 0.00001 ( 1)  0.039
  15 P   1.00000 0.00000 ( 1)  0.039
  16 F   1.00000 0.00000 ( 1)  0.039
  17 K   1.00000 0.00000 ( 1)  0.039
  18 M   1.00000 0.00000 ( 1)  0.039
  19 V   1.00000 0.00000 ( 1)  0.039
  20 S   1.00000 0.00000 ( 1)  0.039
  21 D   0.00000 1.00000 ( 2)  1.000
  22 E   1.00000 0.00000 ( 1)  0.039
  23 V   1.00000 0.00000 ( 1)  0.039
  24 Q   1.00000 0.00000 ( 1)  0.039
  25 Q   1.00000 0.00000 ( 1)  0.039
  26 N   1.00000 0.00000 ( 1)  0.039
  27 M   1.00000 0.00000 ( 1)  0.039
  28 L   1.00000 0.00000 ( 1)  0.039
  29 G   1.00000 0.00000 ( 1)  0.039
  30 W   1.00000 0.00000 ( 1)  0.039
  31 N   1.00000 0.00000 ( 1)  0.039
  32 V   1.00000 0.00000 ( 1)  0.039
  33 P   1.00000 0.00000 ( 1)  0.039
  34 S   1.00000 0.00000 ( 1)  0.039
  35 E   1.00000 0.00000 ( 1)  0.039
  36 Y   1.00000 0.00000 ( 1)  0.039
  37 Q   1.00000 0.00000 ( 1)  0.039
  38 D   1.00000 0.00000 ( 1)  0.039
  39 L   1.00000 0.00000 ( 1)  0.039
  40 V   1.00000 0.00000 ( 1)  0.039
  41 H   1.00000 0.00000 ( 1)  0.039
  42 D   1.00000 0.00000 ( 1)  0.039
  43 H   1.00000 0.00000 ( 1)  0.039
  44 W   1.00000 0.00000 ( 1)  0.039
  45 R   1.00000 0.00000 ( 1)  0.039
  46 N   1.00000 0.00000 ( 1)  0.039
  47 F   1.00000 0.00000 ( 1)  0.039
  48 A   1.00000 0.00000 ( 1)  0.039
  49 A   1.00000 0.00000 ( 1)  0.039
  50 I   1.00000 0.00000 ( 1)  0.039
  51 D   1.00000 0.00000 ( 1)  0.039
  52 K   1.00000 0.00000 ( 1)  0.039
  53 F   1.00000 0.00000 ( 1)  0.039
  54 W   1.00000 0.00000 ( 1)  0.039
  55 H   1.00000 0.00000 ( 1)  0.039
  56 Y   1.00000 0.00000 ( 1)  0.039
  57 C   1.00000 0.00000 ( 1)  0.039
  58 L   1.00000 0.00000 ( 1)  0.039
  59 A   1.00000 0.00000 ( 1)  0.039
  60 L   1.00000 0.00000 ( 1)  0.039
  61 I   1.00000 0.00000 ( 1)  0.039
  62 Y   1.00000 0.00000 ( 1)  0.039
  63 M   1.00000 0.00000 ( 1)  0.039
  64 I   1.00000 0.00000 ( 1)  0.039
  65 L   1.00000 0.00000 ( 1)  0.039
  66 W   1.00000 0.00000 ( 1)  0.039
  67 I   0.94827 0.05173 ( 1)  0.089
  68 S   1.00000 0.00000 ( 1)  0.039
  69 S   1.00000 0.00000 ( 1)  0.039
  70 V   1.00000 0.00000 ( 1)  0.039
  71 C   1.00000 0.00000 ( 1)  0.039
  72 G   1.00000 0.00000 ( 1)  0.039
  73 N   1.00000 0.00000 ( 1)  0.039
  74 G   1.00000 0.00000 ( 1)  0.039
  75 I   1.00000 0.00000 ( 1)  0.039
  76 V   1.00000 0.00000 ( 1)  0.039
  77 V   1.00000 0.00000 ( 1)  0.039
  78 W   1.00000 0.00000 ( 1)  0.039
  79 I   1.00000 0.00000 ( 1)  0.039
  80 F   1.00000 0.00000 ( 1)  0.039
  81 S   1.00000 0.00000 ( 1)  0.039
  82 T   1.00000 0.00000 ( 1)  0.039
  83 S   1.00000 0.00000 ( 1)  0.039
  84 K   1.00000 0.00000 ( 1)  0.039
  85 S   1.00000 0.00000 ( 1)  0.039
  86 L   1.00000 0.00000 ( 1)  0.039
  87 R   1.00000 0.00000 ( 1)  0.039
  88 S   1.00000 0.00000 ( 1)  0.039
  89 A   1.00000 0.00000 ( 1)  0.039
  90 S   1.00000 0.00000 ( 1)  0.039
  91 N   1.00000 0.00000 ( 1)  0.039
  92 M   1.00000 0.00000 ( 1)  0.039
  93 F   1.00000 0.00000 ( 1)  0.039
  94 I   1.00000 0.00000 ( 1)  0.039
  95 V   1.00000 0.00000 ( 1)  0.039
  96 N   1.00000 0.00000 ( 1)  0.039
  97 L   1.00000 0.00000 ( 1)  0.039
  98 A   1.00000 0.00000 ( 1)  0.039
  99 L   1.00000 0.00000 ( 1)  0.039
 100 F   1.00000 0.00000 ( 1)  0.039
 101 D   1.00000 0.00000 ( 1)  0.039
 102 M   1.00000 0.00000 ( 1)  0.039
 103 V   1.00000 0.00000 ( 1)  0.039
 104 M   1.00000 0.00000 ( 1)  0.039
 105 M   1.00000 0.00000 ( 1)  0.039
 106 I   0.98664 0.01336 ( 1)  0.052
 107 E   1.00000 0.00000 ( 1)  0.039
 108 M   1.00000 0.00000 ( 1)  0.039
 109 P   1.00000 0.00000 ( 1)  0.039
 110 H   1.00000 0.00000 ( 1)  0.039
 111 L   1.00000 0.00000 ( 1)  0.039
 112 I   1.00000 0.00000 ( 1)  0.039
 113 I   0.00000 1.00000 ( 2)  1.000
 114 N   1.00000 0.00000 ( 1)  0.039
 115 S   1.00000 0.00000 ( 1)  0.039
 116 F   1.00000 0.00000 ( 1)  0.039
 117 Y   1.00000 0.00000 ( 1)  0.039
 118 Q   1.00000 0.00000 ( 1)  0.039
 119 K   1.00000 0.00000 ( 1)  0.039
 120 M   1.00000 0.00000 ( 1)  0.039
 121 I   1.00000 0.00000 ( 1)  0.039
 122 G   1.00000 0.00000 ( 1)  0.039
 123 Y   1.00000 0.00000 ( 1)  0.039
 124 Q   1.00000 0.00000 ( 1)  0.039
 125 V   1.00000 0.00000 ( 1)  0.039
 126 G   1.00000 0.00000 ( 1)  0.039
 127 C   1.00000 0.00000 ( 1)  0.039
 128 D   1.00000 0.00000 ( 1)  0.039
 129 I   1.00000 0.00000 ( 1)  0.039
 130 Y   1.00000 0.00000 ( 1)  0.039
 131 A   1.00000 0.00000 ( 1)  0.039
 132 T   1.00000 0.00000 ( 1)  0.039
 133 L   1.00000 0.00000 ( 1)  0.039
 134 G   1.00000 0.00000 ( 1)  0.039
 135 S   1.00000 0.00000 ( 1)  0.039
 136 I   1.00000 0.00000 ( 1)  0.039
 137 S   1.00000 0.00000 ( 1)  0.039
 138 G   1.00000 0.00000 ( 1)  0.039
 139 I   1.00000 0.00000 ( 1)  0.039
 140 G   1.00000 0.00000 ( 1)  0.039
 141 A   1.00000 0.00000 ( 1)  0.039
 142 A   1.00000 0.00000 ( 1)  0.039
 143 I   1.00000 0.00000 ( 1)  0.039
 144 S   1.00000 0.00000 ( 1)  0.039
 145 N   1.00000 0.00000 ( 1)  0.039
 146 A   1.00000 0.00000 ( 1)  0.039
 147 V   1.00000 0.00000 ( 1)  0.039
 148 I   1.00000 0.00000 ( 1)  0.039
 149 A   1.00000 0.00000 ( 1)  0.039
 150 Y   1.00000 0.00000 ( 1)  0.039
 151 D   1.00000 0.00000 ( 1)  0.039
 152 R   1.00000 0.00000 ( 1)  0.039
 153 Y   1.00000 0.00000 ( 1)  0.039
 154 K   1.00000 0.00000 ( 1)  0.039
 155 T   1.00000 0.00000 ( 1)  0.039
 156 I   1.00000 0.00000 ( 1)  0.039
 157 S   1.00000 0.00000 ( 1)  0.039
 158 C   1.00000 0.00000 ( 1)  0.039
 159 P   1.00000 0.00000 ( 1)  0.039
 160 I   1.00000 0.00000 ( 1)  0.039
 161 D   1.00000 0.00000 ( 1)  0.039
 162 G   1.00000 0.00000 ( 1)  0.039
 163 R   1.00000 0.00000 ( 1)  0.039
 164 I   1.00000 0.00000 ( 1)  0.039
 165 N   1.00000 0.00000 ( 1)  0.039
 166 K   1.00000 0.00000 ( 1)  0.039
 167 V   1.00000 0.00000 ( 1)  0.039
 168 Q   1.00000 0.00000 ( 1)  0.039
 169 A   1.00000 0.00000 ( 1)  0.039
 170 S   0.00000 1.00000 ( 2)  1.000
 171 I   1.00000 0.00000 ( 1)  0.039
 172 L   1.00000 0.00000 ( 1)  0.039
 173 I   1.00000 0.00000 ( 1)  0.039
 174 A   0.00006 0.99994 ( 2)  1.000
 175 F   1.00000 0.00000 ( 1)  0.039
 176 T   1.00000 0.00000 ( 1)  0.039
 177 W   1.00000 0.00000 ( 1)  0.039
 178 F   1.00000 0.00000 ( 1)  0.039
 179 W   1.00000 0.00000 ( 1)  0.039
 180 T   1.00000 0.00000 ( 1)  0.039
 181 L   0.00050 0.99950 ( 2)  1.000
 182 P   1.00000 0.00000 ( 1)  0.039
 183 F   1.00000 0.00000 ( 1)  0.039
 184 T   1.00000 0.00000 ( 1)  0.039
 185 I   1.00000 0.00000 ( 1)  0.039
 186 L   1.00000 0.00000 ( 1)  0.039
 187 P   1.00000 0.00000 ( 1)  0.039
 188 L   1.00000 0.00000 ( 1)  0.039
 189 L   1.00000 0.00000 ( 1)  0.039
 190 K   1.00000 0.00000 ( 1)  0.039
 191 V   1.00000 0.00000 ( 1)  0.039
 192 W   1.00000 0.00000 ( 1)  0.039
 193 G   1.00000 0.00000 ( 1)  0.039
 194 K   1.00000 0.00000 ( 1)  0.039
 195 F   1.00000 0.00000 ( 1)  0.039
 196 V   1.00000 0.00000 ( 1)  0.039
 197 P   1.00000 0.00000 ( 1)  0.039
 198 E   1.00000 0.00000 ( 1)  0.039
 199 G   1.00000 0.00000 ( 1)  0.039
 200 F   1.00000 0.00000 ( 1)  0.039
 201 L   1.00000 0.00000 ( 1)  0.039
 202 T   1.00000 0.00000 ( 1)  0.039
 203 T   1.00000 0.00000 ( 1)  0.039
 204 C   1.00000 0.00000 ( 1)  0.039
 205 S   1.00000 0.00000 ( 1)  0.039
 206 F   1.00000 0.00000 ( 1)  0.039
 207 D   1.00000 0.00000 ( 1)  0.039
 208 Y   1.00000 0.00000 ( 1)  0.039
 209 F   1.00000 0.00000 ( 1)  0.039
 210 T   1.00000 0.00000 ( 1)  0.039
 211 D   1.00000 0.00000 ( 1)  0.039
 212 D   1.00000 0.00000 ( 1)  0.039
 213 E   1.00000 0.00000 ( 1)  0.039
 214 D   1.00000 0.00000 ( 1)  0.039
 215 T   1.00000 0.00000 ( 1)  0.039
 216 K   1.00000 0.00000 ( 1)  0.039
 217 V   1.00000 0.00000 ( 1)  0.039
 218 F   1.00000 0.00000 ( 1)  0.039
 219 V   1.00000 0.00000 ( 1)  0.039
 220 A   1.00000 0.00000 ( 1)  0.039
 221 C   1.00000 0.00000 ( 1)  0.039
 222 I   1.00000 0.00000 ( 1)  0.039
 223 F   1.00000 0.00000 ( 1)  0.039
 224 V   1.00000 0.00000 ( 1)  0.039
 225 W   1.00000 0.00000 ( 1)  0.039
 226 S   1.00000 0.00000 ( 1)  0.039
 227 Y   1.00000 0.00000 ( 1)  0.039
 228 C   1.00000 0.00000 ( 1)  0.039
 229 F   1.00000 0.00000 ( 1)  0.039
 230 P   1.00000 0.00000 ( 1)  0.039
 231 M   1.00000 0.00000 ( 1)  0.039
 232 A   0.00000 1.00000 ( 2)  1.000
 233 L   1.00000 0.00000 ( 1)  0.039
 234 I   1.00000 0.00000 ( 1)  0.039
 235 C   1.00000 0.00000 ( 1)  0.039
 236 I   1.00000 0.00000 ( 1)  0.039
 237 F   1.00000 0.00000 ( 1)  0.039
 238 Y   1.00000 0.00000 ( 1)  0.039
 239 S   1.00000 0.00000 ( 1)  0.039
 240 K   1.00000 0.00000 ( 1)  0.039
 241 L   1.00000 0.00000 ( 1)  0.039
 242 F   1.00000 0.00000 ( 1)  0.039
 243 T   1.00000 0.00000 ( 1)  0.039
 244 A   1.00000 0.00000 ( 1)  0.039
 245 V   1.00000 0.00000 ( 1)  0.039
 246 R   1.00000 0.00000 ( 1)  0.039
 247 L   1.00000 0.00000 ( 1)  0.039
 248 H   1.00000 0.00000 ( 1)  0.039
 249 E   1.00000 0.00000 ( 1)  0.039
 250 K   1.00000 0.00000 ( 1)  0.039
 251 M   1.00000 0.00000 ( 1)  0.039
 252 L   1.00000 0.00000 ( 1)  0.039
 253 K   0.00000 1.00000 ( 2)  1.000
 254 E   1.00000 0.00000 ( 1)  0.039
 255 Q   1.00000 0.00000 ( 1)  0.039
 256 A   1.00000 0.00000 ( 1)  0.039
 257 K   1.00000 0.00000 ( 1)  0.039
 258 K   1.00000 0.00000 ( 1)  0.039
 259 M   1.00000 0.00000 ( 1)  0.039
 260 N   1.00000 0.00000 ( 1)  0.039
 261 V   1.00000 0.00000 ( 1)  0.039
 262 K   1.00000 0.00000 ( 1)  0.039
 263 S   1.00000 0.00000 ( 1)  0.039
 264 L   1.00000 0.00000 ( 1)  0.039
 265 A   1.00000 0.00000 ( 1)  0.039
 266 S   1.00000 0.00000 ( 1)  0.039
 267 N   1.00000 0.00000 ( 1)  0.039
 268 K   1.00000 0.00000 ( 1)  0.039
 269 E   1.00000 0.00000 ( 1)  0.039
 270 D   1.00000 0.00000 ( 1)  0.039
 271 A   1.00000 0.00000 ( 1)  0.039
 272 G   1.00000 0.00000 ( 1)  0.039
 273 K   1.00000 0.00000 ( 1)  0.039
 274 S   1.00000 0.00000 ( 1)  0.039
 275 V   1.00000 0.00000 ( 1)  0.039
 276 E   1.00000 0.00000 ( 1)  0.039
 277 I   1.00000 0.00000 ( 1)  0.039
 278 R   1.00000 0.00000 ( 1)  0.039
 279 I   1.00000 0.00000 ( 1)  0.039
 280 A   1.00000 0.00000 ( 1)  0.039
 281 K   1.00000 0.00000 ( 1)  0.039
 282 V   1.00000 0.00000 ( 1)  0.039
 283 A   1.00000 0.00000 ( 1)  0.039
 284 F   1.00000 0.00000 ( 1)  0.039
 285 T   1.00000 0.00000 ( 1)  0.039
 286 I   1.00000 0.00000 ( 1)  0.039
 287 F   1.00000 0.00000 ( 1)  0.039
 288 F   1.00000 0.00000 ( 1)  0.039
 289 L   1.00000 0.00000 ( 1)  0.039
 290 F   1.00000 0.00000 ( 1)  0.039
 291 V   1.00000 0.00000 ( 1)  0.039
 292 C   1.00000 0.00000 ( 1)  0.039
 293 A   1.00000 0.00000 ( 1)  0.039
 294 W   1.00000 0.00000 ( 1)  0.039
 295 T   1.00000 0.00000 ( 1)  0.039
 296 P   1.00000 0.00000 ( 1)  0.039
 297 Y   1.00000 0.00000 ( 1)  0.039
 298 A   1.00000 0.00000 ( 1)  0.039
 299 V   1.00000 0.00000 ( 1)  0.039
 300 V   1.00000 0.00000 ( 1)  0.039
 301 T   1.00000 0.00000 ( 1)  0.039
 302 M   1.00000 0.00000 ( 1)  0.039
 303 I   1.00000 0.00000 ( 1)  0.039
 304 G   1.00000 0.00000 ( 1)  0.039
 305 A   1.00000 0.00000 ( 1)  0.039
 306 F   1.00000 0.00000 ( 1)  0.039
 307 G   1.00000 0.00000 ( 1)  0.039
 308 D   1.00000 0.00000 ( 1)  0.039
 309 R   1.00000 0.00000 ( 1)  0.039
 310 S   0.00000 1.00000 ( 2)  1.000
 311 L   1.00000 0.00000 ( 1)  0.039
 312 L   1.00000 0.00000 ( 1)  0.039
 313 T   1.00000 0.00000 ( 1)  0.039
 314 P   1.00000 0.00000 ( 1)  0.039
 315 H   1.00000 0.00000 ( 1)  0.039
 316 V   1.00000 0.00000 ( 1)  0.039
 317 T   1.00000 0.00000 ( 1)  0.039
 318 M   1.00000 0.00000 ( 1)  0.039
 319 I   1.00000 0.00000 ( 1)  0.039
 320 P   1.00000 0.00000 ( 1)  0.039
 321 A   1.00000 0.00000 ( 1)  0.039
 322 V   1.00000 0.00000 ( 1)  0.039
 323 F   1.00000 0.00000 ( 1)  0.039
 324 A   1.00000 0.00000 ( 1)  0.039
 325 K   1.00000 0.00000 ( 1)  0.039
 326 S   1.00000 0.00000 ( 1)  0.039
 327 V   1.00000 0.00000 ( 1)  0.039
 328 S   1.00000 0.00000 ( 1)  0.039
 329 C   1.00000 0.00000 ( 1)  0.039
 330 I   1.00000 0.00000 ( 1)  0.039
 331 D   1.00000 0.00000 ( 1)  0.039
 332 P   1.00000 0.00000 ( 1)  0.039
 333 W   1.00000 0.00000 ( 1)  0.039
 334 V   1.00000 0.00000 ( 1)  0.039
 335 Y   1.00000 0.00000 ( 1)  0.039
 336 A   1.00000 0.00000 ( 1)  0.039
 337 I   1.00000 0.00000 ( 1)  0.039
 338 N   1.00000 0.00000 ( 1)  0.039
 339 H   1.00000 0.00000 ( 1)  0.039
 340 P   1.00000 0.00000 ( 1)  0.039
 341 R   1.00000 0.00000 ( 1)  0.039
 342 Y   1.00000 0.00000 ( 1)  0.039
 343 R   1.00000 0.00000 ( 1)  0.039
 344 A   1.00000 0.00000 ( 1)  0.039
 345 E   1.00000 0.00000 ( 1)  0.039
 346 L   1.00000 0.00000 ( 1)  0.039
 347 Q   1.00000 0.00000 ( 1)  0.039
 348 K   1.00000 0.00000 ( 1)  0.039
 349 R   1.00000 0.00000 ( 1)  0.039
 350 L   1.00000 0.00000 ( 1)  0.039
 351 P   1.00000 0.00000 ( 1)  0.039
 352 W   1.00000 0.00000 ( 1)  0.039
 353 M   1.00000 0.00000 ( 1)  0.039
 354 G   1.00000 0.00000 ( 1)  0.039
 355 V   1.00000 0.00000 ( 1)  0.039
 356 R   1.00000 0.00000 ( 1)  0.039
 357 E   1.00000 0.00000 ( 1)  0.039
 358 P   0.00000 1.00000 ( 2)  1.000
 359 D   1.00000 0.00000 ( 1)  0.039
 360 P   1.00000 0.00000 ( 1)  0.039
 361 E   1.00000 0.00000 ( 1)  0.039
 362 T   0.00000 1.00000 ( 2)  1.000
 363 Q   1.00000 0.00000 ( 1)  0.039
 364 S   1.00000 0.00000 ( 1)  0.039
 365 S   1.00000 0.00000 ( 1)  0.039
 366 N   1.00000 0.00000 ( 1)  0.039
 367 A   1.00000 0.00000 ( 1)  0.039
 368 S   1.00000 0.00000 ( 1)  0.039
 369 T   1.00000 0.00000 ( 1)  0.039
 370 T   1.00000 0.00000 ( 1)  0.039
 371 Q   1.00000 0.00000 ( 1)  0.039
 372 S   0.02182 0.97818 ( 2)  0.979
 373 Q   1.00000 0.00000 ( 1)  0.039
 374 S   0.00000 1.00000 ( 2)  1.000
 375 A   0.00000 1.00000 ( 2)  1.000
 376 D   1.00000 0.00000 ( 1)  0.039
 377 A   1.00000 0.00000 ( 1)  0.039


lnL = -74022.753677

