Supplemental results for CODEML (seqf: align.fa  treef: tree.nwk)


MLEs of dN/dS (w) for site classes (K=4)

site class             0        1       2a       2b
proportion       0.86319  0.03415  0.09875  0.00391
background w     0.03971  1.00000  0.03971  1.00000
foreground w     0.03971  1.00000  2.83451  2.83451

Naive Empirical Bayes (NEB) probabilities for 4 classes
(amino acids refer to 1st sequence: ColCroc)

   1 M   0.89734 0.00000 0.10266 0.00000 ( 1)
   2 D   0.89734 0.00000 0.10266 0.00000 ( 1)
   3 R   0.00000 0.89734 0.00000 0.10266 ( 2)
   4 T   0.89734 0.00000 0.10266 0.00000 ( 1)
   5 E   0.89734 0.00000 0.10266 0.00000 ( 1)
   6 Y   0.00000 0.89734 0.00000 0.10266 ( 2)
   7 Y   0.77913 0.11821 0.08913 0.01352 ( 1)
   8 I   0.00000 0.89734 0.00000 0.10266 ( 2)
   9 Y   0.00008 0.76181 0.01063 0.22748 ( 2)
  10 G   0.12486 0.00000 0.87514 0.00000 ( 3)
  11 A   0.96042 0.00000 0.03958 0.00000 ( 1)
  12 Y   0.00349 0.00000 0.99651 0.00000 ( 3)
  13 F   0.20299 0.00000 0.79701 0.00000 ( 3)
  14 A   0.96017 0.00000 0.03983 0.00000 ( 1)
  15 P   0.20148 0.00000 0.79852 0.00000 ( 3)
  16 L   0.03510 0.00000 0.96490 0.00000 ( 3)
  17 R   0.95849 0.00000 0.04151 0.00000 ( 1)
  18 S   0.32309 0.00000 0.67691 0.00000 ( 3)
  19 G   0.00000 0.87486 0.00000 0.12514 ( 2)
  20 G   0.00000 0.91794 0.00000 0.08206 ( 2)
  21 E   0.93204 0.00000 0.06796 0.00000 ( 1)
  22 R   0.31336 0.00000 0.68664 0.00000 ( 3)
  23 M   0.59265 0.00000 0.40735 0.00000 ( 1)
  24 L   0.94501 0.00000 0.05499 0.00000 ( 1)
  25 G   0.96089 0.00000 0.03911 0.00000 ( 1)
  26 E   0.96061 0.00000 0.03939 0.00000 ( 1)
  27 G   0.95535 0.00000 0.04465 0.00000 ( 1)
  28 L   0.94518 0.00000 0.05482 0.00000 ( 1)
  29 T   0.94759 0.00000 0.05241 0.00000 ( 1)
  30 G   0.26992 0.00000 0.73008 0.00000 ( 3)
  31 E   0.93876 0.00000 0.06124 0.00000 ( 1)
  32 D   0.96130 0.00000 0.03870 0.00000 ( 1)
  33 L   0.92287 0.00000 0.07713 0.00000 ( 1)
  34 A   0.96531 0.00000 0.03469 0.00000 ( 1)
  35 M   0.95881 0.00000 0.04119 0.00000 ( 1)
  36 I   0.94219 0.00000 0.05781 0.00000 ( 1)
  37 P   0.96070 0.00000 0.03930 0.00000 ( 1)
  38 E   0.21355 0.00000 0.78645 0.00000 ( 3)
  39 H   0.95977 0.00000 0.04023 0.00000 ( 1)
  40 W   0.94506 0.00000 0.05494 0.00000 ( 1)
  41 F   0.95115 0.00000 0.04885 0.00000 ( 1)
  42 K   0.00003 0.92249 0.00000 0.07748 ( 2)
  43 Y   0.96888 0.00000 0.03112 0.00000 ( 1)
  44 P   0.94705 0.00000 0.05295 0.00000 ( 1)
  45 E   0.96063 0.00000 0.03937 0.00000 ( 1)
  46 P   0.95525 0.00000 0.04475 0.00000 ( 1)
  47 P   0.95440 0.00000 0.04560 0.00000 ( 1)
  48 A   0.35627 0.00000 0.64373 0.00000 ( 3)
  49 S   0.94790 0.00000 0.05210 0.00000 ( 1)
  50 A   0.96421 0.00000 0.03579 0.00000 ( 1)
  51 H   0.95978 0.00000 0.04022 0.00000 ( 1)
  52 T   0.96545 0.00000 0.03455 0.00000 ( 1)
  53 A   0.96063 0.00000 0.03937 0.00000 ( 1)
  54 L   0.96189 0.00000 0.03811 0.00000 ( 1)
  55 C   0.96517 0.00000 0.03483 0.00000 ( 1)
  56 L   0.94193 0.00000 0.05807 0.00000 ( 1)
  57 L   0.96191 0.00000 0.03809 0.00000 ( 1)
  58 Y   0.95497 0.00000 0.04503 0.00000 ( 1)
  59 C   0.96158 0.00233 0.03591 0.00018 ( 1)
  60 F   0.96196 0.00000 0.03804 0.00000 ( 1)
  61 F   0.96886 0.00000 0.03114 0.00000 ( 1)
  62 T   0.95979 0.00000 0.04021 0.00000 ( 1)
  63 A   0.96105 0.00000 0.03895 0.00000 ( 1)
  64 A   0.96460 0.00000 0.03540 0.00000 ( 1)
  65 A   0.96061 0.00000 0.03939 0.00000 ( 1)
  66 L   0.95356 0.00000 0.04644 0.00000 ( 1)
  67 I   0.96409 0.00000 0.03591 0.00000 ( 1)
  68 G   0.95184 0.00000 0.04816 0.00000 ( 1)
  69 N   0.96109 0.00000 0.03891 0.00000 ( 1)
  70 G   0.95137 0.00000 0.04863 0.00000 ( 1)
  71 M   0.95700 0.00000 0.04300 0.00000 ( 1)
  72 V   0.96501 0.00000 0.03499 0.00000 ( 1)
  73 I   0.96810 0.00000 0.03190 0.00000 ( 1)
  74 F   0.95961 0.00000 0.04039 0.00000 ( 1)
  75 I   0.91593 0.00000 0.08407 0.00000 ( 1)
  76 F   0.96240 0.00000 0.03760 0.00000 ( 1)
  77 A   0.95247 0.00000 0.04753 0.00000 ( 1)
  78 S   0.95994 0.00000 0.04006 0.00000 ( 1)
  79 T   0.94811 0.00000 0.05189 0.00000 ( 1)
  80 K   0.96079 0.00000 0.03921 0.00000 ( 1)
  81 S   0.95866 0.00000 0.04134 0.00000 ( 1)
  82 L   0.95280 0.00000 0.04720 0.00000 ( 1)
  83 R   0.93258 0.00000 0.06742 0.00000 ( 1)
  84 T   0.96057 0.00000 0.03943 0.00000 ( 1)
  85 A   0.95403 0.00000 0.04597 0.00000 ( 1)
  86 S   0.96598 0.00000 0.03402 0.00000 ( 1)
  87 N   0.96756 0.00000 0.03244 0.00000 ( 1)
  88 L   0.32233 0.00000 0.67767 0.00000 ( 3)
  89 L   0.95689 0.00000 0.04311 0.00000 ( 1)
  90 I   0.88035 0.00000 0.11965 0.00000 ( 1)
  91 L   0.94455 0.00000 0.05545 0.00000 ( 1)
  92 N   0.96445 0.00000 0.03555 0.00000 ( 1)
  93 L   0.95519 0.00000 0.04481 0.00000 ( 1)
  94 A   0.96451 0.00000 0.03549 0.00000 ( 1)
  95 I   0.94808 0.00000 0.05192 0.00000 ( 1)
  96 F   0.41248 0.00000 0.58752 0.00000 ( 3)
  97 D   0.96812 0.00000 0.03188 0.00000 ( 1)
  98 F   0.96231 0.00000 0.03769 0.00000 ( 1)
  99 I   0.96784 0.00000 0.03216 0.00000 ( 1)
 100 M   0.97813 0.00000 0.02187 0.00000 ( 1)
 101 M   0.97813 0.00000 0.02187 0.00000 ( 1)
 102 L   0.96066 0.00000 0.03934 0.00000 ( 1)
 103 K   0.95986 0.00000 0.04014 0.00000 ( 1)
 104 A   0.96066 0.00000 0.03934 0.00000 ( 1)
 105 P   0.96059 0.00000 0.03941 0.00000 ( 1)
 106 I   0.96887 0.00000 0.03113 0.00000 ( 1)
 107 F   0.96883 0.00000 0.03117 0.00000 ( 1)
 108 I   0.96957 0.00000 0.03043 0.00000 ( 1)
 109 Y   0.95497 0.00000 0.04503 0.00000 ( 1)
 110 N   0.96766 0.00000 0.03234 0.00000 ( 1)
 111 S   0.95862 0.00000 0.04138 0.00000 ( 1)
 112 A   0.96068 0.00000 0.03932 0.00000 ( 1)
 113 M   0.97813 0.00000 0.02187 0.00000 ( 1)
 114 R   0.93723 0.00000 0.06277 0.00000 ( 1)
 115 G   0.95236 0.00000 0.04764 0.00000 ( 1)
 116 F   0.96872 0.00000 0.03128 0.00000 ( 1)
 117 A   0.96092 0.00000 0.03908 0.00000 ( 1)
 118 A   0.00000 0.92727 0.00000 0.07273 ( 2)
 119 G   0.95385 0.00000 0.04615 0.00000 ( 1)
 120 A   0.93348 0.00000 0.06652 0.00000 ( 1)
 121 L   0.00000 0.92135 0.00000 0.07865 ( 2)
 122 W   0.96080 0.00000 0.03920 0.00000 ( 1)
 123 C   0.94899 0.00000 0.05101 0.00000 ( 1)
 124 K   0.94683 0.00000 0.05317 0.00000 ( 1)
 125 I   0.94303 0.00000 0.05697 0.00000 ( 1)
 126 F   0.96841 0.00000 0.03159 0.00000 ( 1)
 127 A   0.96029 0.00000 0.03971 0.00000 ( 1)
 128 V   0.96885 0.00000 0.03115 0.00000 ( 1)
 129 M   0.97812 0.00000 0.02188 0.00000 ( 1)
 130 G   0.96090 0.00000 0.03910 0.00000 ( 1)
 131 S   0.96528 0.00000 0.03472 0.00000 ( 1)
 132 Y   0.95496 0.00000 0.04504 0.00000 ( 1)
 133 S   0.96597 0.00000 0.03403 0.00000 ( 1)
 134 G   0.96047 0.00000 0.03953 0.00000 ( 1)
 135 I   0.96958 0.00000 0.03042 0.00000 ( 1)
 136 G   0.95243 0.00000 0.04757 0.00000 ( 1)
 137 A   0.96461 0.00000 0.03539 0.00000 ( 1)
 138 A   0.14026 0.00000 0.85974 0.00000 ( 3)
 139 M   0.97810 0.00000 0.02190 0.00000 ( 1)
 140 T   0.96549 0.00000 0.03451 0.00000 ( 1)
 141 N   0.96762 0.00000 0.03238 0.00000 ( 1)
 142 A   0.95866 0.00000 0.04134 0.00000 ( 1)
 143 C   0.95602 0.00000 0.04398 0.00000 ( 1)
 144 I   0.96642 0.00000 0.03358 0.00000 ( 1)
 145 A   0.95838 0.00000 0.04162 0.00000 ( 1)
 146 Y   0.95437 0.00000 0.04563 0.00000 ( 1)
 147 D   0.96808 0.00000 0.03192 0.00000 ( 1)
 148 R   0.95546 0.00000 0.04454 0.00000 ( 1)
 149 H   0.95942 0.00000 0.04058 0.00000 ( 1)
 150 S   0.95218 0.00000 0.04782 0.00000 ( 1)
 151 T   0.95980 0.00000 0.04020 0.00000 ( 1)
 152 I   0.96963 0.00000 0.03037 0.00000 ( 1)
 153 T   0.96080 0.00000 0.03920 0.00000 ( 1)
 154 R   0.94144 0.00000 0.05856 0.00000 ( 1)
 155 P   0.95525 0.00000 0.04475 0.00000 ( 1)
 156 L   0.94438 0.00000 0.05562 0.00000 ( 1)
 157 D   0.96790 0.00000 0.03210 0.00000 ( 1)
 158 G   0.95525 0.00000 0.04475 0.00000 ( 1)
 159 R   0.94137 0.00000 0.05863 0.00000 ( 1)
 160 L   0.94442 0.00000 0.05558 0.00000 ( 1)
 161 S   0.95246 0.00000 0.04754 0.00000 ( 1)
 162 R   0.94860 0.00000 0.05140 0.00000 ( 1)
 163 G   0.95528 0.00000 0.04472 0.00000 ( 1)
 164 K   0.96087 0.00000 0.03913 0.00000 ( 1)
 165 V   0.96054 0.00000 0.03946 0.00000 ( 1)
 166 L   0.96501 0.00000 0.03499 0.00000 ( 1)
 167 L   0.94443 0.00000 0.05557 0.00000 ( 1)
 168 M   0.28502 0.00000 0.71498 0.00000 ( 3)
 169 I   0.95935 0.00000 0.04065 0.00000 ( 1)
 170 I   0.94416 0.00000 0.05584 0.00000 ( 1)
 171 C   0.20915 0.00000 0.79085 0.00000 ( 3)
 172 I   0.96069 0.00000 0.03931 0.00000 ( 1)
 173 W   0.94506 0.00000 0.05494 0.00000 ( 1)
 174 I   0.50182 0.00000 0.49818 0.00000 ( 1)
 175 Y   0.95497 0.00000 0.04503 0.00000 ( 1)
 176 T   0.39435 0.00000 0.60565 0.00000 ( 3)
 177 T   0.96084 0.00000 0.03916 0.00000 ( 1)
 178 P   0.95950 0.00000 0.04050 0.00000 ( 1)
 179 W   0.94506 0.00000 0.05494 0.00000 ( 1)
 180 S   0.96454 0.00000 0.03546 0.00000 ( 1)
 181 L   0.96069 0.00000 0.03931 0.00000 ( 1)
 182 M   0.94440 0.00000 0.05560 0.00000 ( 1)
 183 P   0.95292 0.00000 0.04708 0.00000 ( 1)
 184 L   0.96167 0.00000 0.03833 0.00000 ( 1)
 185 F   0.11637 0.00000 0.88363 0.00000 ( 3)
 186 R   0.94977 0.00000 0.05023 0.00000 ( 1)
 187 V   0.96978 0.00000 0.03022 0.00000 ( 1)
 188 W   0.94506 0.00000 0.05494 0.00000 ( 1)
 189 G   0.96035 0.00000 0.03965 0.00000 ( 1)
 190 R   0.94024 0.00000 0.05976 0.00000 ( 1)
 191 F   0.20364 0.00000 0.79636 0.00000 ( 3)
 192 V   0.95889 0.00000 0.04111 0.00000 ( 1)
 193 P   0.95436 0.00000 0.04564 0.00000 ( 1)
 194 E   0.96179 0.00000 0.03821 0.00000 ( 1)
 195 G   0.96090 0.00000 0.03910 0.00000 ( 1)
 196 Y   0.95497 0.00000 0.04503 0.00000 ( 1)
 197 L   0.94440 0.00000 0.05560 0.00000 ( 1)
 198 T   0.96037 0.00000 0.03963 0.00000 ( 1)
 199 S   0.95222 0.00000 0.04778 0.00000 ( 1)
 200 C   0.95599 0.00000 0.04401 0.00000 ( 1)
 201 T   0.96084 0.00000 0.03916 0.00000 ( 1)
 202 F   0.96885 0.00000 0.03115 0.00000 ( 1)
 203 D   0.96807 0.00000 0.03193 0.00000 ( 1)
 204 Y   0.95496 0.00000 0.04504 0.00000 ( 1)
 205 L   0.94509 0.00000 0.05491 0.00000 ( 1)
 206 T   0.96066 0.00000 0.03934 0.00000 ( 1)
 207 N   0.96759 0.00000 0.03241 0.00000 ( 1)
 208 S   0.96083 0.00000 0.03917 0.00000 ( 1)
 209 F   0.96884 0.00000 0.03116 0.00000 ( 1)
 210 D   0.96812 0.00000 0.03188 0.00000 ( 1)
 211 N   0.96083 0.00000 0.03917 0.00000 ( 1)
 212 K   0.96112 0.00000 0.03888 0.00000 ( 1)
 213 L   0.94442 0.00000 0.05558 0.00000 ( 1)
 214 F   0.96885 0.00000 0.03115 0.00000 ( 1)
 215 V   0.96066 0.00000 0.03934 0.00000 ( 1)
 216 G   0.96525 0.00000 0.03475 0.00000 ( 1)
 217 C   0.95602 0.00000 0.04398 0.00000 ( 1)
 218 I   0.96957 0.00000 0.03043 0.00000 ( 1)
 219 F   0.96888 0.00000 0.03112 0.00000 ( 1)
 220 T   0.00000 0.93276 0.00000 0.06724 ( 2)
 221 C   0.95602 0.00000 0.04398 0.00000 ( 1)
 222 S   0.96598 0.00000 0.03402 0.00000 ( 1)
 223 Y   0.95497 0.00000 0.04503 0.00000 ( 1)
 224 V   0.96478 0.00000 0.03522 0.00000 ( 1)
 225 F   0.23921 0.00000 0.76079 0.00000 ( 3)
 226 P   0.96067 0.00000 0.03933 0.00000 ( 1)
 227 M   0.97812 0.00000 0.02188 0.00000 ( 1)
 228 L   0.96306 0.00000 0.03694 0.00000 ( 1)
 229 C   0.55971 0.00000 0.44029 0.00000 ( 1)
 230 I   0.96952 0.00000 0.03048 0.00000 ( 1)
 231 I   0.30766 0.00000 0.69234 0.00000 ( 3)
 232 Y   0.95494 0.00000 0.04506 0.00000 ( 1)
 233 F   0.96888 0.00000 0.03112 0.00000 ( 1)
 234 Y   0.94856 0.00000 0.05144 0.00000 ( 1)
 235 S   0.96594 0.00000 0.03406 0.00000 ( 1)
 236 G   0.96086 0.00000 0.03914 0.00000 ( 1)
 237 I   0.96941 0.00000 0.03059 0.00000 ( 1)
 238 V   0.96487 0.00000 0.03513 0.00000 ( 1)
 239 K   0.96100 0.00000 0.03900 0.00000 ( 1)
 240 Q   0.94662 0.00000 0.05338 0.00000 ( 1)
 241 V   0.96077 0.00000 0.03923 0.00000 ( 1)
 242 F   0.96843 0.00000 0.03157 0.00000 ( 1)
 243 A   0.95840 0.00000 0.04160 0.00000 ( 1)
 244 H   0.95977 0.00000 0.04023 0.00000 ( 1)
 245 E   0.96149 0.00000 0.03851 0.00000 ( 1)
 246 A   0.96506 0.00000 0.03494 0.00000 ( 1)
 247 A   0.95836 0.00000 0.04164 0.00000 ( 1)
 248 L   0.96081 0.00000 0.03919 0.00000 ( 1)
 249 R   0.95647 0.00000 0.04353 0.00000 ( 1)
 250 E   0.95627 0.00000 0.04373 0.00000 ( 1)
 251 Q   0.94613 0.00000 0.05387 0.00000 ( 1)
 252 A   0.96004 0.00000 0.03996 0.00000 ( 1)
 253 K   0.96113 0.00000 0.03887 0.00000 ( 1)
 254 K   0.95835 0.00000 0.04165 0.00000 ( 1)
 255 M   0.97813 0.00000 0.02187 0.00000 ( 1)
 256 N   0.96413 0.00000 0.03587 0.00000 ( 1)
 257 V   0.94081 0.00000 0.05919 0.00000 ( 1)
 258 E   0.26938 0.00000 0.73062 0.00000 ( 3)
 259 S   0.95224 0.00000 0.04776 0.00000 ( 1)
 260 L   0.94441 0.00000 0.05559 0.00000 ( 1)
 261 R   0.95140 0.00000 0.04860 0.00000 ( 1)
 262 S   0.96065 0.00000 0.03935 0.00000 ( 1)
 263 N   0.96762 0.00000 0.03238 0.00000 ( 1)
 264 Q   0.94683 0.00000 0.05317 0.00000 ( 1)
 265 N   0.95729 0.00000 0.04271 0.00000 ( 1)
 266 A   0.25465 0.00000 0.74535 0.00000 ( 3)
 267 G   0.00328 0.91851 0.00018 0.07803 ( 2)
 268 A   0.94417 0.00000 0.05583 0.00000 ( 1)
 269 E   0.94418 0.00000 0.05582 0.00000 ( 1)
 270 S   0.95822 0.00000 0.04178 0.00000 ( 1)
 271 A   0.96066 0.00000 0.03934 0.00000 ( 1)
 272 E   0.96172 0.00000 0.03828 0.00000 ( 1)
 273 I   0.96956 0.00000 0.03044 0.00000 ( 1)
 274 R   0.95171 0.00000 0.04829 0.00000 ( 1)
 275 I   0.96927 0.00000 0.03073 0.00000 ( 1)
 276 A   0.96523 0.00000 0.03477 0.00000 ( 1)
 277 K   0.96089 0.00000 0.03911 0.00000 ( 1)
 278 A   0.96066 0.00000 0.03934 0.00000 ( 1)
 279 A   0.96066 0.00000 0.03934 0.00000 ( 1)
 280 L   0.96180 0.00000 0.03820 0.00000 ( 1)
 281 T   0.96545 0.00000 0.03455 0.00000 ( 1)
 282 V   0.96482 0.00000 0.03518 0.00000 ( 1)
 283 C   0.95602 0.00000 0.04398 0.00000 ( 1)
 284 F   0.96887 0.00000 0.03113 0.00000 ( 1)
 285 L   0.94439 0.00000 0.05561 0.00000 ( 1)
 286 F   0.96888 0.00000 0.03112 0.00000 ( 1)
 287 V   0.95973 0.00000 0.04027 0.00000 ( 1)
 288 A   0.96491 0.00000 0.03509 0.00000 ( 1)
 289 S   0.95225 0.00000 0.04775 0.00000 ( 1)
 290 W   0.94506 0.00000 0.05494 0.00000 ( 1)
 291 T   0.95971 0.00000 0.04029 0.00000 ( 1)
 292 P   0.95984 0.00000 0.04016 0.00000 ( 1)
 293 Y   0.95497 0.00000 0.04503 0.00000 ( 1)
 294 G   0.96041 0.00000 0.03959 0.00000 ( 1)
 295 V   0.94322 0.00000 0.05678 0.00000 ( 1)
 296 M   0.97813 0.00000 0.02187 0.00000 ( 1)
 297 S   0.95225 0.00000 0.04775 0.00000 ( 1)
 298 L   0.96189 0.00000 0.03811 0.00000 ( 1)
 299 I   0.96955 0.00000 0.03045 0.00000 ( 1)
 300 G   0.95209 0.00000 0.04791 0.00000 ( 1)
 301 A   0.96525 0.00000 0.03475 0.00000 ( 1)
 302 F   0.96886 0.00000 0.03114 0.00000 ( 1)
 303 G   0.95196 0.00000 0.04804 0.00000 ( 1)
 304 D   0.96808 0.00000 0.03192 0.00000 ( 1)
 305 Q   0.94681 0.00000 0.05319 0.00000 ( 1)
 306 E   0.91359 0.00007 0.08633 0.00001 ( 1)
 307 L   0.94441 0.00000 0.05559 0.00000 ( 1)
 308 L   0.96159 0.00000 0.03841 0.00000 ( 1)
 309 T   0.95827 0.00000 0.04173 0.00000 ( 1)
 310 P   0.95524 0.00000 0.04476 0.00000 ( 1)
 311 G   0.95536 0.00000 0.04464 0.00000 ( 1)
 312 V   0.96073 0.00000 0.03927 0.00000 ( 1)
 313 T   0.96082 0.00000 0.03918 0.00000 ( 1)
 314 M   0.97813 0.00000 0.02187 0.00000 ( 1)
 315 I   0.96357 0.00000 0.03643 0.00000 ( 1)
 316 P   0.95436 0.00000 0.04564 0.00000 ( 1)
 317 A   0.95839 0.00000 0.04161 0.00000 ( 1)
 318 I   0.96361 0.00000 0.03639 0.00000 ( 1)
 319 T   0.96450 0.00000 0.03550 0.00000 ( 1)
 320 C   0.95545 0.00000 0.04455 0.00000 ( 1)
 321 K   0.95858 0.00000 0.04142 0.00000 ( 1)
 322 A   0.96452 0.00000 0.03548 0.00000 ( 1)
 323 V   0.96010 0.00000 0.03990 0.00000 ( 1)
 324 A   0.96082 0.00000 0.03918 0.00000 ( 1)
 325 C   0.94903 0.00000 0.05097 0.00000 ( 1)
 326 I   0.97031 0.00000 0.02969 0.00000 ( 1)
 327 D   0.96157 0.00000 0.03843 0.00000 ( 1)
 328 P   0.95524 0.00000 0.04476 0.00000 ( 1)
 329 W   0.94506 0.00000 0.05494 0.00000 ( 1)
 330 V   0.95837 0.00000 0.04163 0.00000 ( 1)
 331 Y   0.95430 0.00000 0.04570 0.00000 ( 1)
 332 A   0.96420 0.00000 0.03580 0.00000 ( 1)
 333 I   0.96951 0.00000 0.03049 0.00000 ( 1)
 334 S   0.95867 0.00000 0.04133 0.00000 ( 1)
 335 H   0.95238 0.00000 0.04762 0.00000 ( 1)
 336 P   0.95244 0.00000 0.04756 0.00000 ( 1)
 337 K   0.43829 0.00000 0.56171 0.00000 ( 3)
 338 Y   0.95461 0.00000 0.04539 0.00000 ( 1)
 339 R   0.95518 0.00000 0.04482 0.00000 ( 1)
 340 Q   0.94510 0.00000 0.05490 0.00000 ( 1)
 341 E   0.96105 0.00000 0.03895 0.00000 ( 1)
 342 L   0.94513 0.00000 0.05487 0.00000 ( 1)
 343 Q   0.94669 0.00000 0.05331 0.00000 ( 1)
 344 R   0.87495 0.00000 0.12505 0.00000 ( 1)
 345 R   0.94114 0.00000 0.05886 0.00000 ( 1)
 346 M   0.97710 0.00000 0.02290 0.00000 ( 1)
 347 P   0.95498 0.00000 0.04502 0.00000 ( 1)
 348 W   0.94500 0.00000 0.05500 0.00000 ( 1)
 349 L   0.94409 0.00000 0.05591 0.00000 ( 1)
 350 Q   0.94570 0.00000 0.05430 0.00000 ( 1)
 351 I   0.96694 0.00000 0.03306 0.00000 ( 1)
 352 S   0.94991 0.00000 0.05009 0.00000 ( 1)
 353 E   0.96131 0.00000 0.03869 0.00000 ( 1)
 354 P   0.95995 0.00000 0.04005 0.00000 ( 1)
 355 D   0.33872 0.00000 0.66128 0.00000 ( 3)
 356 D   0.96759 0.00000 0.03241 0.00000 ( 1)
 357 N   0.02867 0.00000 0.97133 0.00000 ( 3)
 358 T   0.00000 0.90453 0.00000 0.09547 ( 2)
 359 S   0.95982 0.00000 0.04018 0.00000 ( 1)
 360 N   0.96037 0.00000 0.03963 0.00000 ( 1)
 361 T   0.95883 0.00000 0.04117 0.00000 ( 1)
 362 S   0.96481 0.00000 0.03519 0.00000 ( 1)
 363 N   0.91064 0.00000 0.08936 0.00000 ( 1)
 364 T   0.89632 0.00000 0.10368 0.00000 ( 1)
 365 T   0.41366 0.00000 0.58634 0.00000 ( 3)
 366 T   0.95608 0.00000 0.04392 0.00000 ( 1)
 367 N   0.93446 0.00000 0.06554 0.00000 ( 1)
 368 S   0.00000 0.91664 0.00000 0.08336 ( 2)
 369 A   0.00000 0.90685 0.00000 0.09315 ( 2)
 370 A   0.24092 0.00000 0.75908 0.00000 ( 3)
 371 P   0.28247 0.00000 0.71753 0.00000 ( 3)


lnL = -75803.991476

Bayes Empirical Bayes (BEB) probabilities for 4 classes (class)
(amino acids refer to 1st sequence: ColCroc)

   1 M   0.91255 0.00000 0.08745 0.00000 ( 1)
   2 D   0.91255 0.00000 0.08745 0.00000 ( 1)
   3 R   0.00000 0.91255 0.00000 0.08745 ( 2)
   4 T   0.91255 0.00000 0.08745 0.00000 ( 1)
   5 E   0.91255 0.00000 0.08745 0.00000 ( 1)
   6 Y   0.00000 0.91255 0.00000 0.08745 ( 2)
   7 Y   0.91244 0.00011 0.08744 0.00001 ( 1)
   8 I   0.00034 0.91221 0.00003 0.08742 ( 2)
   9 Y   0.01205 0.09260 0.87275 0.02260 ( 3)
  10 G   0.17933 0.00000 0.82067 0.00000 ( 3)
  11 A   0.96475 0.00000 0.03525 0.00000 ( 1)
  12 Y   0.00587 0.00000 0.99413 0.00000 ( 3)
  13 F   0.34394 0.00000 0.65606 0.00000 ( 3)
  14 A   0.96476 0.00000 0.03524 0.00000 ( 1)
  15 P   0.33829 0.00000 0.66171 0.00000 ( 3)
  16 L   0.06056 0.00000 0.93944 0.00000 ( 3)
  17 R   0.96409 0.00000 0.03591 0.00000 ( 1)
  18 S   0.53022 0.00000 0.46978 0.00000 ( 1)
  19 G   0.00000 0.89675 0.00000 0.10325 ( 2)
  20 G   0.00000 0.93144 0.00000 0.06856 ( 2)
  21 E   0.93675 0.00000 0.06325 0.00000 ( 1)
  22 R   0.50724 0.00000 0.49276 0.00000 ( 1)
  23 M   0.69369 0.00000 0.30631 0.00000 ( 1)
  24 L   0.95410 0.00000 0.04590 0.00000 ( 1)
  25 G   0.96586 0.00000 0.03414 0.00000 ( 1)
  26 E   0.96522 0.00000 0.03478 0.00000 ( 1)
  27 G   0.96189 0.00000 0.03811 0.00000 ( 1)
  28 L   0.95421 0.00000 0.04579 0.00000 ( 1)
  29 T   0.95561 0.00000 0.04439 0.00000 ( 1)
  30 G   0.39743 0.00000 0.60257 0.00000 ( 3)
  31 E   0.94817 0.00000 0.05183 0.00000 ( 1)
  32 D   0.96604 0.00000 0.03396 0.00000 ( 1)
  33 L   0.93639 0.00000 0.06361 0.00000 ( 1)
  34 A   0.96866 0.00000 0.03134 0.00000 ( 1)
  35 M   0.96382 0.00000 0.03618 0.00000 ( 1)
  36 I   0.95127 0.00000 0.04873 0.00000 ( 1)
  37 P   0.96563 0.00000 0.03437 0.00000 ( 1)
  38 E   0.36478 0.00000 0.63522 0.00000 ( 3)
  39 H   0.96517 0.00000 0.03483 0.00000 ( 1)
  40 W   0.95462 0.00000 0.04538 0.00000 ( 1)
  41 F   0.95892 0.00000 0.04108 0.00000 ( 1)
  42 K   0.08757 0.84445 0.00708 0.06090 ( 2)
  43 Y   0.97152 0.00000 0.02848 0.00000 ( 1)
  44 P   0.95431 0.00000 0.04569 0.00000 ( 1)
  45 E   0.96520 0.00000 0.03480 0.00000 ( 1)
  46 P   0.96165 0.00000 0.03835 0.00000 ( 1)
  47 P   0.96099 0.00000 0.03901 0.00000 ( 1)
  48 A   0.51085 0.00000 0.48915 0.00000 ( 1)
  49 S   0.95457 0.00000 0.04543 0.00000 ( 1)
  50 A   0.96756 0.00000 0.03244 0.00000 ( 1)
  51 H   0.96517 0.00000 0.03483 0.00000 ( 1)
  52 T   0.96883 0.00000 0.03117 0.00000 ( 1)
  53 A   0.96514 0.00000 0.03486 0.00000 ( 1)
  54 L   0.96649 0.00000 0.03351 0.00000 ( 1)
  55 C   0.96853 0.00000 0.03147 0.00000 ( 1)
  56 L   0.95075 0.00000 0.04925 0.00000 ( 1)
  57 L   0.96650 0.00000 0.03350 0.00000 ( 1)
  58 Y   0.96167 0.00000 0.03833 0.00000 ( 1)
  59 C   0.96745 0.00000 0.03255 0.00000 ( 1)
  60 F   0.96633 0.00000 0.03367 0.00000 ( 1)
  61 F   0.97150 0.00000 0.02850 0.00000 ( 1)
  62 T   0.96455 0.00000 0.03545 0.00000 ( 1)
  63 A   0.96523 0.00000 0.03477 0.00000 ( 1)
  64 A   0.96812 0.00000 0.03188 0.00000 ( 1)
  65 A   0.96517 0.00000 0.03483 0.00000 ( 1)
  66 L   0.96048 0.00000 0.03952 0.00000 ( 1)
  67 I   0.96736 0.00000 0.03264 0.00000 ( 1)
  68 G   0.95933 0.00000 0.04067 0.00000 ( 1)
  69 N   0.96604 0.00000 0.03396 0.00000 ( 1)
  70 G   0.95790 0.00000 0.04210 0.00000 ( 1)
  71 M   0.96224 0.00000 0.03776 0.00000 ( 1)
  72 V   0.96840 0.00000 0.03160 0.00000 ( 1)
  73 I   0.97077 0.00000 0.02923 0.00000 ( 1)
  74 F   0.96460 0.00000 0.03540 0.00000 ( 1)
  75 I   0.93843 0.00000 0.06157 0.00000 ( 1)
  76 F   0.96678 0.00000 0.03322 0.00000 ( 1)
  77 A   0.95900 0.00000 0.04100 0.00000 ( 1)
  78 S   0.96481 0.00000 0.03519 0.00000 ( 1)
  79 T   0.95558 0.00000 0.04442 0.00000 ( 1)
  80 K   0.96579 0.00000 0.03421 0.00000 ( 1)
  81 S   0.96431 0.00000 0.03569 0.00000 ( 1)
  82 L   0.95972 0.00000 0.04028 0.00000 ( 1)
  83 R   0.94490 0.00000 0.05510 0.00000 ( 1)
  84 T   0.96503 0.00000 0.03497 0.00000 ( 1)
  85 A   0.95941 0.00000 0.04059 0.00000 ( 1)
  86 S   0.96960 0.00000 0.03040 0.00000 ( 1)
  87 N   0.97066 0.00000 0.02934 0.00000 ( 1)
  88 L   0.51631 0.00000 0.48369 0.00000 ( 1)
  89 L   0.96222 0.00000 0.03778 0.00000 ( 1)
  90 I   0.91480 0.00000 0.08520 0.00000 ( 1)
  91 L   0.95382 0.00000 0.04618 0.00000 ( 1)
  92 N   0.96791 0.00000 0.03209 0.00000 ( 1)
  93 L   0.96083 0.00000 0.03917 0.00000 ( 1)
  94 A   0.96790 0.00000 0.03210 0.00000 ( 1)
  95 I   0.95549 0.00000 0.04451 0.00000 ( 1)
  96 F   0.59107 0.00000 0.40893 0.00000 ( 1)
  97 D   0.97102 0.00000 0.02898 0.00000 ( 1)
  98 F   0.96669 0.00000 0.03331 0.00000 ( 1)
  99 I   0.97054 0.00000 0.02946 0.00000 ( 1)
 100 M   0.97857 0.00000 0.02143 0.00000 ( 1)
 101 M   0.97857 0.00000 0.02143 0.00000 ( 1)
 102 L   0.96527 0.00000 0.03473 0.00000 ( 1)
 103 K   0.96505 0.00000 0.03495 0.00000 ( 1)
 104 A   0.96527 0.00000 0.03473 0.00000 ( 1)
 105 P   0.96555 0.00000 0.03445 0.00000 ( 1)
 106 I   0.97135 0.00000 0.02865 0.00000 ( 1)
 107 F   0.97148 0.00000 0.02852 0.00000 ( 1)
 108 I   0.97191 0.00000 0.02809 0.00000 ( 1)
 109 Y   0.96167 0.00000 0.03833 0.00000 ( 1)
 110 N   0.97074 0.00000 0.02926 0.00000 ( 1)
 111 S   0.96420 0.00000 0.03580 0.00000 ( 1)
 112 A   0.96525 0.00000 0.03475 0.00000 ( 1)
 113 M   0.97857 0.00000 0.02143 0.00000 ( 1)
 114 R   0.94825 0.00000 0.05175 0.00000 ( 1)
 115 G   0.95926 0.00000 0.04074 0.00000 ( 1)
 116 F   0.97139 0.00000 0.02861 0.00000 ( 1)
 117 A   0.96524 0.00000 0.03476 0.00000 ( 1)
 118 A   0.00000 0.93919 0.00000 0.06081 ( 2)
 119 G   0.96070 0.00000 0.03930 0.00000 ( 1)
 120 A   0.94528 0.00000 0.05472 0.00000 ( 1)
 121 L   0.00000 0.93431 0.00000 0.06569 ( 2)
 122 W   0.96577 0.00000 0.03423 0.00000 ( 1)
 123 C   0.95717 0.00000 0.04283 0.00000 ( 1)
 124 K   0.95586 0.00000 0.04414 0.00000 ( 1)
 125 I   0.94991 0.00000 0.05009 0.00000 ( 1)
 126 F   0.97115 0.00000 0.02885 0.00000 ( 1)
 127 A   0.96482 0.00000 0.03518 0.00000 ( 1)
 128 V   0.97148 0.00000 0.02852 0.00000 ( 1)
 129 M   0.97856 0.00000 0.02144 0.00000 ( 1)
 130 G   0.96588 0.00000 0.03412 0.00000 ( 1)
 131 S   0.96863 0.00000 0.03137 0.00000 ( 1)
 132 Y   0.96166 0.00000 0.03834 0.00000 ( 1)
 133 S   0.96959 0.00000 0.03041 0.00000 ( 1)
 134 G   0.96544 0.00000 0.03456 0.00000 ( 1)
 135 I   0.97192 0.00000 0.02808 0.00000 ( 1)
 136 G   0.95962 0.00000 0.04038 0.00000 ( 1)
 137 A   0.96803 0.00000 0.03197 0.00000 ( 1)
 138 A   0.18425 0.00000 0.81575 0.00000 ( 3)
 139 M   0.97854 0.00000 0.02146 0.00000 ( 1)
 140 T   0.96887 0.00000 0.03113 0.00000 ( 1)
 141 N   0.97071 0.00000 0.02929 0.00000 ( 1)
 142 A   0.96379 0.00000 0.03621 0.00000 ( 1)
 143 C   0.96250 0.00000 0.03750 0.00000 ( 1)
 144 I   0.96940 0.00000 0.03060 0.00000 ( 1)
 145 A   0.96353 0.00000 0.03647 0.00000 ( 1)
 146 Y   0.96120 0.00000 0.03880 0.00000 ( 1)
 147 D   0.97099 0.00000 0.02901 0.00000 ( 1)
 148 R   0.96176 0.00000 0.03824 0.00000 ( 1)
 149 H   0.96487 0.00000 0.03513 0.00000 ( 1)
 150 S   0.95938 0.00000 0.04062 0.00000 ( 1)
 151 T   0.96456 0.00000 0.03544 0.00000 ( 1)
 152 I   0.97202 0.00000 0.02798 0.00000 ( 1)
 153 T   0.96549 0.00000 0.03451 0.00000 ( 1)
 154 R   0.95178 0.00000 0.04822 0.00000 ( 1)
 155 P   0.96164 0.00000 0.03836 0.00000 ( 1)
 156 L   0.95370 0.00000 0.04630 0.00000 ( 1)
 157 D   0.97085 0.00000 0.02915 0.00000 ( 1)
 158 G   0.96180 0.00000 0.03820 0.00000 ( 1)
 159 R   0.95172 0.00000 0.04828 0.00000 ( 1)
 160 L   0.95374 0.00000 0.04626 0.00000 ( 1)
 161 S   0.95943 0.00000 0.04057 0.00000 ( 1)
 162 R   0.95672 0.00000 0.04328 0.00000 ( 1)
 163 G   0.96157 0.00000 0.03843 0.00000 ( 1)
 164 K   0.96586 0.00000 0.03414 0.00000 ( 1)
 165 V   0.96511 0.00000 0.03489 0.00000 ( 1)
 166 L   0.96918 0.00000 0.03082 0.00000 ( 1)
 167 L   0.95375 0.00000 0.04625 0.00000 ( 1)
 168 M   0.45427 0.00000 0.54573 0.00000 ( 3)
 169 I   0.96381 0.00000 0.03619 0.00000 ( 1)
 170 I   0.95338 0.00000 0.04662 0.00000 ( 1)
 171 C   0.34654 0.00000 0.65346 0.00000 ( 3)
 172 I   0.96521 0.00000 0.03479 0.00000 ( 1)
 173 W   0.95462 0.00000 0.04538 0.00000 ( 1)
 174 I   0.61996 0.00000 0.38004 0.00000 ( 1)
 175 Y   0.96167 0.00000 0.03833 0.00000 ( 1)
 176 T   0.56608 0.00000 0.43392 0.00000 ( 1)
 177 T   0.96554 0.00000 0.03446 0.00000 ( 1)
 178 P   0.96457 0.00000 0.03543 0.00000 ( 1)
 179 W   0.95462 0.00000 0.04538 0.00000 ( 1)
 180 S   0.96797 0.00000 0.03203 0.00000 ( 1)
 181 L   0.96526 0.00000 0.03474 0.00000 ( 1)
 182 M   0.95372 0.00000 0.04628 0.00000 ( 1)
 183 P   0.95981 0.00000 0.04019 0.00000 ( 1)
 184 L   0.96630 0.00000 0.03370 0.00000 ( 1)
 185 F   0.19047 0.00000 0.80953 0.00000 ( 3)
 186 R   0.95734 0.00000 0.04266 0.00000 ( 1)
 187 V   0.97213 0.00000 0.02787 0.00000 ( 1)
 188 W   0.95462 0.00000 0.04538 0.00000 ( 1)
 189 G   0.96543 0.00000 0.03457 0.00000 ( 1)
 190 R   0.94444 0.00000 0.05556 0.00000 ( 1)
 191 F   0.34343 0.00000 0.65657 0.00000 ( 3)
 192 V   0.96380 0.00000 0.03620 0.00000 ( 1)
 193 P   0.96096 0.00000 0.03904 0.00000 ( 1)
 194 E   0.96649 0.00000 0.03351 0.00000 ( 1)
 195 G   0.96588 0.00000 0.03412 0.00000 ( 1)
 196 Y   0.96167 0.00000 0.03833 0.00000 ( 1)
 197 L   0.95369 0.00000 0.04631 0.00000 ( 1)
 198 T   0.96496 0.00000 0.03504 0.00000 ( 1)
 199 S   0.95943 0.00000 0.04057 0.00000 ( 1)
 200 C   0.96248 0.00000 0.03752 0.00000 ( 1)
 201 T   0.96553 0.00000 0.03447 0.00000 ( 1)
 202 F   0.97150 0.00000 0.02850 0.00000 ( 1)
 203 D   0.97098 0.00000 0.02902 0.00000 ( 1)
 204 Y   0.96166 0.00000 0.03834 0.00000 ( 1)
 205 L   0.95414 0.00000 0.04586 0.00000 ( 1)
 206 T   0.96516 0.00000 0.03484 0.00000 ( 1)
 207 N   0.97068 0.00000 0.02932 0.00000 ( 1)
 208 S   0.96553 0.00000 0.03447 0.00000 ( 1)
 209 F   0.97148 0.00000 0.02852 0.00000 ( 1)
 210 D   0.97102 0.00000 0.02898 0.00000 ( 1)
 211 N   0.96553 0.00000 0.03447 0.00000 ( 1)
 212 K   0.96609 0.00000 0.03391 0.00000 ( 1)
 213 L   0.95375 0.00000 0.04625 0.00000 ( 1)
 214 F   0.97150 0.00000 0.02850 0.00000 ( 1)
 215 V   0.96507 0.00000 0.03493 0.00000 ( 1)
 216 G   0.96860 0.00000 0.03140 0.00000 ( 1)
 217 C   0.96250 0.00000 0.03750 0.00000 ( 1)
 218 I   0.97191 0.00000 0.02809 0.00000 ( 1)
 219 F   0.97152 0.00000 0.02848 0.00000 ( 1)
 220 T   0.00000 0.94242 0.00000 0.05758 ( 2)
 221 C   0.96250 0.00000 0.03750 0.00000 ( 1)
 222 S   0.96960 0.00000 0.03040 0.00000 ( 1)
 223 Y   0.96167 0.00000 0.03833 0.00000 ( 1)
 224 V   0.96816 0.00000 0.03184 0.00000 ( 1)
 225 F   0.36841 0.00000 0.63159 0.00000 ( 3)
 226 P   0.96559 0.00000 0.03441 0.00000 ( 1)
 227 M   0.97856 0.00000 0.02144 0.00000 ( 1)
 228 L   0.96730 0.00000 0.03270 0.00000 ( 1)
 229 C   0.70329 0.00000 0.29671 0.00000 ( 1)
 230 I   0.97187 0.00000 0.02813 0.00000 ( 1)
 231 I   0.49571 0.00000 0.50429 0.00000 ( 3)
 232 Y   0.96164 0.00000 0.03836 0.00000 ( 1)
 233 F   0.97153 0.00000 0.02847 0.00000 ( 1)
 234 Y   0.95693 0.00000 0.04307 0.00000 ( 1)
 235 S   0.96956 0.00000 0.03044 0.00000 ( 1)
 236 G   0.96584 0.00000 0.03416 0.00000 ( 1)
 237 I   0.97179 0.00000 0.02821 0.00000 ( 1)
 238 V   0.96825 0.00000 0.03175 0.00000 ( 1)
 239 K   0.96598 0.00000 0.03402 0.00000 ( 1)
 240 Q   0.95567 0.00000 0.04433 0.00000 ( 1)
 241 V   0.96537 0.00000 0.03463 0.00000 ( 1)
 242 F   0.97117 0.00000 0.02883 0.00000 ( 1)
 243 A   0.96352 0.00000 0.03648 0.00000 ( 1)
 244 H   0.96516 0.00000 0.03484 0.00000 ( 1)
 245 E   0.96624 0.00000 0.03376 0.00000 ( 1)
 246 A   0.96843 0.00000 0.03157 0.00000 ( 1)
 247 A   0.96352 0.00000 0.03648 0.00000 ( 1)
 248 L   0.96557 0.00000 0.03443 0.00000 ( 1)
 249 R   0.96280 0.00000 0.03720 0.00000 ( 1)
 250 E   0.96205 0.00000 0.03795 0.00000 ( 1)
 251 Q   0.95532 0.00000 0.04468 0.00000 ( 1)
 252 A   0.96469 0.00000 0.03531 0.00000 ( 1)
 253 K   0.96610 0.00000 0.03390 0.00000 ( 1)
 254 K   0.96366 0.00000 0.03634 0.00000 ( 1)
 255 M   0.97857 0.00000 0.02143 0.00000 ( 1)
 256 N   0.96800 0.00000 0.03200 0.00000 ( 1)
 257 V   0.95012 0.00000 0.04988 0.00000 ( 1)
 258 E   0.47168 0.00000 0.52832 0.00000 ( 3)
 259 S   0.95939 0.00000 0.04061 0.00000 ( 1)
 260 L   0.95374 0.00000 0.04626 0.00000 ( 1)
 261 R   0.95918 0.00000 0.04082 0.00000 ( 1)
 262 S   0.96522 0.00000 0.03478 0.00000 ( 1)
 263 N   0.97071 0.00000 0.02929 0.00000 ( 1)
 264 Q   0.95587 0.00000 0.04413 0.00000 ( 1)
 265 N   0.96287 0.00000 0.03713 0.00000 ( 1)
 266 A   0.42349 0.00000 0.57651 0.00000 ( 3)
 267 G   0.91010 0.04288 0.04383 0.00318 ( 1)
 268 A   0.95296 0.00000 0.04704 0.00000 ( 1)
 269 E   0.95345 0.00000 0.04655 0.00000 ( 1)
 270 S   0.96319 0.00000 0.03681 0.00000 ( 1)
 271 A   0.96525 0.00000 0.03475 0.00000 ( 1)
 272 E   0.96643 0.00000 0.03357 0.00000 ( 1)
 273 I   0.97191 0.00000 0.02809 0.00000 ( 1)
 274 R   0.95944 0.00000 0.04056 0.00000 ( 1)
 275 I   0.97167 0.00000 0.02833 0.00000 ( 1)
 276 A   0.96859 0.00000 0.03141 0.00000 ( 1)
 277 K   0.96588 0.00000 0.03412 0.00000 ( 1)
 278 A   0.96526 0.00000 0.03474 0.00000 ( 1)
 279 A   0.96527 0.00000 0.03473 0.00000 ( 1)
 280 L   0.96641 0.00000 0.03359 0.00000 ( 1)
 281 T   0.96884 0.00000 0.03116 0.00000 ( 1)
 282 V   0.96820 0.00000 0.03180 0.00000 ( 1)
 283 C   0.96250 0.00000 0.03750 0.00000 ( 1)
 284 F   0.97151 0.00000 0.02849 0.00000 ( 1)
 285 L   0.95371 0.00000 0.04629 0.00000 ( 1)
 286 F   0.97152 0.00000 0.02848 0.00000 ( 1)
 287 V   0.96431 0.00000 0.03569 0.00000 ( 1)
 288 A   0.96828 0.00000 0.03172 0.00000 ( 1)
 289 S   0.95945 0.00000 0.04055 0.00000 ( 1)
 290 W   0.95462 0.00000 0.04538 0.00000 ( 1)
 291 T   0.96441 0.00000 0.03559 0.00000 ( 1)
 292 P   0.96491 0.00000 0.03509 0.00000 ( 1)
 293 Y   0.96167 0.00000 0.03833 0.00000 ( 1)
 294 G   0.96538 0.00000 0.03462 0.00000 ( 1)
 295 V   0.95169 0.00000 0.04831 0.00000 ( 1)
 296 M   0.97857 0.00000 0.02143 0.00000 ( 1)
 297 S   0.95946 0.00000 0.04054 0.00000 ( 1)
 298 L   0.96649 0.00000 0.03351 0.00000 ( 1)
 299 I   0.97189 0.00000 0.02811 0.00000 ( 1)
 300 G   0.95870 0.00000 0.04130 0.00000 ( 1)
 301 A   0.96861 0.00000 0.03139 0.00000 ( 1)
 302 F   0.97150 0.00000 0.02850 0.00000 ( 1)
 303 G   0.95931 0.00000 0.04069 0.00000 ( 1)
 304 D   0.97099 0.00000 0.02901 0.00000 ( 1)
 305 Q   0.95585 0.00000 0.04415 0.00000 ( 1)
 306 E   0.92045 0.00000 0.07955 0.00000 ( 1)
 307 L   0.95373 0.00000 0.04627 0.00000 ( 1)
 308 L   0.96624 0.00000 0.03376 0.00000 ( 1)
 309 T   0.96343 0.00000 0.03657 0.00000 ( 1)
 310 P   0.96162 0.00000 0.03838 0.00000 ( 1)
 311 G   0.96190 0.00000 0.03810 0.00000 ( 1)
 312 V   0.96531 0.00000 0.03469 0.00000 ( 1)
 313 T   0.96551 0.00000 0.03449 0.00000 ( 1)
 314 M   0.97857 0.00000 0.02143 0.00000 ( 1)
 315 I   0.96751 0.00000 0.03249 0.00000 ( 1)
 316 P   0.96097 0.00000 0.03903 0.00000 ( 1)
 317 A   0.96355 0.00000 0.03645 0.00000 ( 1)
 318 I   0.96687 0.00000 0.03313 0.00000 ( 1)
 319 T   0.96799 0.00000 0.03201 0.00000 ( 1)
 320 C   0.96204 0.00000 0.03796 0.00000 ( 1)
 321 K   0.96381 0.00000 0.03619 0.00000 ( 1)
 322 A   0.96796 0.00000 0.03204 0.00000 ( 1)
 323 V   0.96428 0.00000 0.03572 0.00000 ( 1)
 324 A   0.96524 0.00000 0.03476 0.00000 ( 1)
 325 C   0.95719 0.00000 0.04281 0.00000 ( 1)
 326 I   0.97257 0.00000 0.02743 0.00000 ( 1)
 327 D   0.96625 0.00000 0.03375 0.00000 ( 1)
 328 P   0.96163 0.00000 0.03837 0.00000 ( 1)
 329 W   0.95462 0.00000 0.04538 0.00000 ( 1)
 330 V   0.96335 0.00000 0.03665 0.00000 ( 1)
 331 Y   0.96115 0.00000 0.03885 0.00000 ( 1)
 332 A   0.96761 0.00000 0.03239 0.00000 ( 1)
 333 I   0.97186 0.00000 0.02814 0.00000 ( 1)
 334 S   0.96432 0.00000 0.03568 0.00000 ( 1)
 335 H   0.95988 0.00000 0.04012 0.00000 ( 1)
 336 P   0.95968 0.00000 0.04032 0.00000 ( 1)
 337 K   0.58691 0.00000 0.41309 0.00000 ( 1)
 338 Y   0.96139 0.00000 0.03861 0.00000 ( 1)
 339 R   0.96148 0.00000 0.03852 0.00000 ( 1)
 340 Q   0.95447 0.00000 0.04553 0.00000 ( 1)
 341 E   0.96584 0.00000 0.03416 0.00000 ( 1)
 342 L   0.95395 0.00000 0.04605 0.00000 ( 1)
 343 Q   0.95573 0.00000 0.04427 0.00000 ( 1)
 344 R   0.89683 0.00000 0.10317 0.00000 ( 1)
 345 R   0.95133 0.00000 0.04867 0.00000 ( 1)
 346 M   0.97767 0.00000 0.02233 0.00000 ( 1)
 347 P   0.96135 0.00000 0.03865 0.00000 ( 1)
 348 W   0.95457 0.00000 0.04543 0.00000 ( 1)
 349 L   0.95322 0.00000 0.04678 0.00000 ( 1)
 350 Q   0.95480 0.00000 0.04520 0.00000 ( 1)
 351 I   0.96971 0.00000 0.03029 0.00000 ( 1)
 352 S   0.95960 0.00000 0.04040 0.00000 ( 1)
 353 E   0.96605 0.00000 0.03395 0.00000 ( 1)
 354 P   0.96495 0.00000 0.03505 0.00000 ( 1)
 355 D   0.44312 0.00000 0.55688 0.00000 ( 3)
 356 D   0.97055 0.00000 0.02945 0.00000 ( 1)
 357 N   0.05792 0.00000 0.94208 0.00000 ( 3)
 358 T   0.00000 0.91931 0.00000 0.08069 ( 2)
 359 S   0.96468 0.00000 0.03532 0.00000 ( 1)
 360 N   0.96499 0.00000 0.03501 0.00000 ( 1)
 361 T   0.96344 0.00000 0.03656 0.00000 ( 1)
 362 S   0.96822 0.00000 0.03178 0.00000 ( 1)
 363 N   0.92624 0.00000 0.07376 0.00000 ( 1)
 364 T   0.91377 0.00000 0.08623 0.00000 ( 1)
 365 T   0.56610 0.00000 0.43390 0.00000 ( 1)
 366 T   0.96136 0.00000 0.03864 0.00000 ( 1)
 367 N   0.94420 0.00000 0.05580 0.00000 ( 1)
 368 S   0.00000 0.92936 0.00000 0.07064 ( 2)
 369 A   0.00000 0.92324 0.00000 0.07676 ( 2)
 370 A   0.33817 0.00000 0.66183 0.00000 ( 3)
 371 P   0.36736 0.00000 0.63264 0.00000 ( 3)

