Supplemental results for CODEML (seqf: align.fa  treef: tree.nwk)


MLEs of dN/dS (w) for site classes (K=4)

site class             0        1       2a       2b
proportion       0.94693  0.04106  0.01151  0.00050
background w     0.03903  1.00000  0.03903  1.00000
foreground w     0.03903  1.00000 94.67484 94.67484

Naive Empirical Bayes (NEB) probabilities for 4 classes
(amino acids refer to 1st sequence: ColCroc|Blue5)

   1 N   0.99957 0.00000 0.00043 0.00000 ( 1)
   2 V   0.99949 0.00000 0.00051 0.00000 ( 1)
   3 N   0.00000 0.99749 0.00000 0.00251 ( 2)
   4 N   0.99914 0.00000 0.00086 0.00000 ( 1)
   5 F   0.93975 0.00000 0.06025 0.00000 ( 1)
   6 S   0.99801 0.00000 0.00199 0.00000 ( 1)
   7 A   0.38783 0.60945 0.00024 0.00248 ( 2)
   8 E   0.00000 0.99034 0.00000 0.00966 ( 2)
   9 A   0.99915 0.00000 0.00085 0.00000 ( 1)
  10 R   0.99949 0.00000 0.00051 0.00000 ( 1)
  11 P   0.99860 0.00000 0.00140 0.00000 ( 1)
  12 V   0.99957 0.00000 0.00043 0.00000 ( 1)
  13 A   0.99963 0.00000 0.00037 0.00000 ( 1)
  14 Y   0.99982 0.00001 0.00017 0.00000 ( 1)
  15 P   0.99912 0.00000 0.00088 0.00000 ( 1)
  16 F   0.99884 0.00000 0.00116 0.00000 ( 1)
  17 K   0.99976 0.00000 0.00024 0.00000 ( 1)
  18 M   0.99559 0.00000 0.00441 0.00000 ( 1)
  19 V   0.99805 0.00000 0.00195 0.00000 ( 1)
  20 S   0.99909 0.00000 0.00091 0.00000 ( 1)
  21 D   0.00000 0.99640 0.00000 0.00360 ( 2)
  22 E   0.99948 0.00000 0.00052 0.00000 ( 1)
  23 V   0.99877 0.00000 0.00123 0.00000 ( 1)
  24 Q   0.99582 0.00000 0.00418 0.00000 ( 1)
  25 Q   0.99956 0.00000 0.00044 0.00000 ( 1)
  26 N   0.99973 0.00000 0.00027 0.00000 ( 1)
  27 M   0.99957 0.00000 0.00043 0.00000 ( 1)
  28 L   0.99810 0.00000 0.00190 0.00000 ( 1)
  29 G   0.99939 0.00000 0.00061 0.00000 ( 1)
  30 W   0.99986 0.00000 0.00014 0.00000 ( 1)
  31 N   0.99953 0.00000 0.00047 0.00000 ( 1)
  32 V   0.99941 0.00000 0.00059 0.00000 ( 1)
  33 P   0.99914 0.00000 0.00086 0.00000 ( 1)
  34 S   0.99976 0.00000 0.00024 0.00000 ( 1)
  35 E   0.99939 0.00000 0.00061 0.00000 ( 1)
  36 Y   0.99927 0.00000 0.00073 0.00000 ( 1)
  37 Q   0.99975 0.00000 0.00025 0.00000 ( 1)
  38 D   0.97413 0.00000 0.02587 0.00000 ( 1)
  39 L   0.99855 0.00000 0.00145 0.00000 ( 1)
  40 V   0.99855 0.00000 0.00145 0.00000 ( 1)
  41 H   0.99973 0.00000 0.00027 0.00000 ( 1)
  42 D   0.99960 0.00000 0.00040 0.00000 ( 1)
  43 H   0.99973 0.00000 0.00027 0.00000 ( 1)
  44 W   0.99986 0.00000 0.00014 0.00000 ( 1)
  45 R   0.99865 0.00000 0.00135 0.00000 ( 1)
  46 N   0.99953 0.00000 0.00047 0.00000 ( 1)
  47 F   0.99949 0.00000 0.00051 0.00000 ( 1)
  48 A   0.99983 0.00000 0.00017 0.00000 ( 1)
  49 A   0.83174 0.00000 0.16826 0.00000 ( 1)
  50 I   0.99882 0.00000 0.00118 0.00000 ( 1)
  51 D   0.99961 0.00000 0.00039 0.00000 ( 1)
  52 K   0.99947 0.00000 0.00053 0.00000 ( 1)
  53 F   0.99968 0.00000 0.00032 0.00000 ( 1)
  54 W   0.99986 0.00000 0.00014 0.00000 ( 1)
  55 H   0.99928 0.00000 0.00072 0.00000 ( 1)
  56 Y   0.99964 0.00000 0.00036 0.00000 ( 1)
  57 C   0.03703 0.00000 0.96297 0.00000 ( 3)
  58 L   0.99923 0.00000 0.00077 0.00000 ( 1)
  59 A   0.99877 0.00000 0.00123 0.00000 ( 1)
  60 L   0.99899 0.00000 0.00101 0.00000 ( 1)
  61 I   0.99903 0.00000 0.00097 0.00000 ( 1)
  62 Y   0.99964 0.00000 0.00036 0.00000 ( 1)
  63 M   0.99936 0.00000 0.00064 0.00000 ( 1)
  64 I   0.97122 0.00000 0.02878 0.00000 ( 1)
  65 L   0.99842 0.00000 0.00158 0.00000 ( 1)
  66 W   0.99957 0.00000 0.00043 0.00000 ( 1)
  67 I   0.93789 0.05840 0.00319 0.00052 ( 1)
  68 S   0.99896 0.00000 0.00104 0.00000 ( 1)
  69 S   0.99934 0.00000 0.00066 0.00000 ( 1)
  70 V   0.95632 0.00000 0.04368 0.00000 ( 1)
  71 C   0.99955 0.00000 0.00045 0.00000 ( 1)
  72 G   0.99948 0.00000 0.00052 0.00000 ( 1)
  73 N   0.99972 0.00000 0.00028 0.00000 ( 1)
  74 G   0.99912 0.00000 0.00088 0.00000 ( 1)
  75 I   0.99914 0.00000 0.00086 0.00000 ( 1)
  76 V   0.99890 0.00000 0.00110 0.00000 ( 1)
  77 V   0.99931 0.00000 0.00069 0.00000 ( 1)
  78 W   0.99986 0.00000 0.00014 0.00000 ( 1)
  79 I   0.99956 0.00000 0.00044 0.00000 ( 1)
  80 F   0.99911 0.00000 0.00089 0.00000 ( 1)
  81 S   0.99952 0.00000 0.00048 0.00000 ( 1)
  82 T   0.99954 0.00000 0.00046 0.00000 ( 1)
  83 S   0.99979 0.00000 0.00021 0.00000 ( 1)
  84 K   0.99920 0.00000 0.00080 0.00000 ( 1)
  85 S   0.99716 0.00000 0.00284 0.00000 ( 1)
  86 L   0.99837 0.00000 0.00163 0.00000 ( 1)
  87 R   0.99902 0.00000 0.00098 0.00000 ( 1)
  88 S   0.99983 0.00000 0.00017 0.00000 ( 1)
  89 A   0.99892 0.00000 0.00108 0.00000 ( 1)
  90 S   0.99956 0.00000 0.00044 0.00000 ( 1)
  91 N   0.99953 0.00000 0.00047 0.00000 ( 1)
  92 M   0.99957 0.00000 0.00043 0.00000 ( 1)
  93 F   0.99915 0.00000 0.00085 0.00000 ( 1)
  94 I   0.99892 0.00000 0.00108 0.00000 ( 1)
  95 V   0.99854 0.00000 0.00146 0.00000 ( 1)
  96 N   0.99953 0.00000 0.00047 0.00000 ( 1)
  97 L   0.99906 0.00000 0.00094 0.00000 ( 1)
  98 A   0.99962 0.00000 0.00038 0.00000 ( 1)
  99 L   0.99852 0.00000 0.00148 0.00000 ( 1)
 100 F   0.99935 0.00000 0.00065 0.00000 ( 1)
 101 D   0.99955 0.00000 0.00045 0.00000 ( 1)
 102 M   0.99932 0.00000 0.00068 0.00000 ( 1)
 103 V   0.99957 0.00000 0.00043 0.00000 ( 1)
 104 M   0.99957 0.00000 0.00043 0.00000 ( 1)
 105 M   0.99957 0.00000 0.00043 0.00000 ( 1)
 106 I   0.98188 0.01644 0.00162 0.00006 ( 1)
 107 E   0.99922 0.00000 0.00078 0.00000 ( 1)
 108 M   0.99957 0.00000 0.00043 0.00000 ( 1)
 109 P   0.99964 0.00000 0.00036 0.00000 ( 1)
 110 H   0.99803 0.00000 0.00197 0.00000 ( 1)
 111 L   0.99938 0.00000 0.00062 0.00000 ( 1)
 112 I   0.99900 0.00000 0.00100 0.00000 ( 1)
 113 I   0.00000 0.99196 0.00000 0.00804 ( 2)
 114 N   0.99953 0.00000 0.00047 0.00000 ( 1)
 115 S   0.99956 0.00000 0.00044 0.00000 ( 1)
 116 F   0.99949 0.00000 0.00051 0.00000 ( 1)
 117 Y   0.93415 0.00000 0.06585 0.00000 ( 1)
 118 Q   0.99980 0.00000 0.00020 0.00000 ( 1)
 119 K   0.99832 0.00000 0.00168 0.00000 ( 1)
 120 M   0.99861 0.00000 0.00139 0.00000 ( 1)
 121 I   0.92548 0.00000 0.07452 0.00000 ( 1)
 122 G   0.99851 0.00000 0.00149 0.00000 ( 1)
 123 Y   0.99968 0.00000 0.00032 0.00000 ( 1)
 124 Q   0.99980 0.00000 0.00020 0.00000 ( 1)
 125 V   0.99800 0.00000 0.00200 0.00000 ( 1)
 126 G   0.99963 0.00000 0.00037 0.00000 ( 1)
 127 C   0.99972 0.00000 0.00028 0.00000 ( 1)
 128 D   0.99951 0.00000 0.00049 0.00000 ( 1)
 129 I   0.99835 0.00000 0.00165 0.00000 ( 1)
 130 Y   0.99957 0.00000 0.00043 0.00000 ( 1)
 131 A   0.99913 0.00000 0.00087 0.00000 ( 1)
 132 T   0.99827 0.00000 0.00173 0.00000 ( 1)
 133 L   0.99926 0.00000 0.00074 0.00000 ( 1)
 134 G   0.99859 0.00000 0.00141 0.00000 ( 1)
 135 S   0.99924 0.00000 0.00076 0.00000 ( 1)
 136 I   0.99873 0.00000 0.00127 0.00000 ( 1)
 137 S   0.99857 0.00000 0.00143 0.00000 ( 1)
 138 G   0.99850 0.00000 0.00150 0.00000 ( 1)
 139 I   0.99893 0.00000 0.00107 0.00000 ( 1)
 140 G   0.99977 0.00000 0.00023 0.00000 ( 1)
 141 A   0.99849 0.00000 0.00151 0.00000 ( 1)
 142 A   0.99956 0.00000 0.00044 0.00000 ( 1)
 143 I   0.99894 0.00000 0.00106 0.00000 ( 1)
 144 S   0.99906 0.00000 0.00094 0.00000 ( 1)
 145 N   0.99973 0.00000 0.00027 0.00000 ( 1)
 146 A   0.99963 0.00000 0.00037 0.00000 ( 1)
 147 V   0.99909 0.00000 0.00091 0.00000 ( 1)
 148 I   0.99881 0.00000 0.00119 0.00000 ( 1)
 149 A   0.99892 0.00000 0.00108 0.00000 ( 1)
 150 Y   0.99970 0.00000 0.00030 0.00000 ( 1)
 151 D   0.99974 0.00000 0.00026 0.00000 ( 1)
 152 R   0.99981 0.00000 0.00019 0.00000 ( 1)
 153 Y   0.99967 0.00000 0.00033 0.00000 ( 1)
 154 K   0.99976 0.00000 0.00024 0.00000 ( 1)
 155 T   0.99835 0.00000 0.00165 0.00000 ( 1)
 156 I   0.99957 0.00000 0.00043 0.00000 ( 1)
 157 S   0.99917 0.00000 0.00083 0.00000 ( 1)
 158 C   0.94033 0.00000 0.05967 0.00000 ( 1)
 159 P   0.99983 0.00000 0.00017 0.00000 ( 1)
 160 I   0.99891 0.00000 0.00109 0.00000 ( 1)
 161 D   0.99967 0.00000 0.00033 0.00000 ( 1)
 162 G   0.99848 0.00000 0.00152 0.00000 ( 1)
 163 R   0.99981 0.00000 0.00019 0.00000 ( 1)
 164 I   0.99957 0.00000 0.00043 0.00000 ( 1)
 165 N   0.99953 0.00000 0.00047 0.00000 ( 1)
 166 K   0.99871 0.00000 0.00129 0.00000 ( 1)
 167 V   0.99806 0.00000 0.00194 0.00000 ( 1)
 168 Q   0.99930 0.00000 0.00070 0.00000 ( 1)
 169 A   0.99896 0.00000 0.00104 0.00000 ( 1)
 170 S   0.00000 0.99506 0.00000 0.00494 ( 2)
 171 I   0.99826 0.00000 0.00174 0.00000 ( 1)
 172 L   0.99816 0.00000 0.00184 0.00000 ( 1)
 173 I   0.99907 0.00000 0.00093 0.00000 ( 1)
 174 A   0.00005 0.99167 0.00000 0.00828 ( 2)
 175 F   0.99936 0.00000 0.00064 0.00000 ( 1)
 176 T   0.99850 0.00000 0.00150 0.00000 ( 1)
 177 W   0.99986 0.00000 0.00014 0.00000 ( 1)
 178 F   0.91600 0.00000 0.08400 0.00000 ( 1)
 179 W   0.99986 0.00000 0.00014 0.00000 ( 1)
 180 T   0.99848 0.00000 0.00152 0.00000 ( 1)
 181 L   0.00038 0.98234 0.00018 0.01710 ( 2)
 182 P   0.99870 0.00000 0.00130 0.00000 ( 1)
 183 F   0.99950 0.00000 0.00050 0.00000 ( 1)
 184 T   0.99865 0.00000 0.00135 0.00000 ( 1)
 185 I   0.99748 0.00000 0.00252 0.00000 ( 1)
 186 L   0.99918 0.00000 0.00082 0.00000 ( 1)
 187 P   0.99978 0.00000 0.00022 0.00000 ( 1)
 188 L   0.99820 0.00000 0.00180 0.00000 ( 1)
 189 L   0.99950 0.00000 0.00050 0.00000 ( 1)
 190 K   0.99941 0.00000 0.00059 0.00000 ( 1)
 191 V   0.99858 0.00000 0.00142 0.00000 ( 1)
 192 W   0.99986 0.00000 0.00014 0.00000 ( 1)
 193 G   0.99912 0.00000 0.00088 0.00000 ( 1)
 194 K   0.99963 0.00000 0.00037 0.00000 ( 1)
 195 F   0.91266 0.00000 0.08734 0.00000 ( 1)
 196 V   0.99929 0.00000 0.00071 0.00000 ( 1)
 197 P   0.99900 0.00000 0.00100 0.00000 ( 1)
 198 E   0.99965 0.00000 0.00035 0.00000 ( 1)
 199 G   0.99916 0.00000 0.00084 0.00000 ( 1)
 200 F   0.99950 0.00000 0.00050 0.00000 ( 1)
 201 L   0.99948 0.00000 0.00052 0.00000 ( 1)
 202 T   0.99835 0.00000 0.00165 0.00000 ( 1)
 203 T   0.99891 0.00000 0.00109 0.00000 ( 1)
 204 C   0.99961 0.00000 0.00039 0.00000 ( 1)
 205 S   0.99851 0.00000 0.00149 0.00000 ( 1)
 206 F   0.99945 0.00000 0.00055 0.00000 ( 1)
 207 D   0.99954 0.00000 0.00046 0.00000 ( 1)
 208 Y   0.99968 0.00000 0.00032 0.00000 ( 1)
 209 F   0.99950 0.00000 0.00050 0.00000 ( 1)
 210 T   0.99836 0.00000 0.00164 0.00000 ( 1)
 211 D   0.99956 0.00000 0.00044 0.00000 ( 1)
 212 D   0.99950 0.00000 0.00050 0.00000 ( 1)
 213 E   0.99980 0.00000 0.00020 0.00000 ( 1)
 214 D   0.99955 0.00000 0.00045 0.00000 ( 1)
 215 T   0.99947 0.00000 0.00053 0.00000 ( 1)
 216 K   0.99960 0.00000 0.00040 0.00000 ( 1)
 217 V   0.99865 0.00000 0.00135 0.00000 ( 1)
 218 F   0.99950 0.00000 0.00050 0.00000 ( 1)
 219 V   0.99811 0.00000 0.00189 0.00000 ( 1)
 220 A   0.87254 0.00000 0.12746 0.00000 ( 1)
 221 C   0.99979 0.00000 0.00021 0.00000 ( 1)
 222 I   0.99905 0.00000 0.00095 0.00000 ( 1)
 223 F   0.99945 0.00000 0.00055 0.00000 ( 1)
 224 V   0.91575 0.00000 0.08425 0.00000 ( 1)
 225 W   0.99986 0.00000 0.00014 0.00000 ( 1)
 226 S   0.99970 0.00000 0.00030 0.00000 ( 1)
 227 Y   0.99968 0.00000 0.00032 0.00000 ( 1)
 228 C   0.99979 0.00000 0.00021 0.00000 ( 1)
 229 F   0.99913 0.00000 0.00087 0.00000 ( 1)
 230 P   0.99966 0.00000 0.00034 0.00000 ( 1)
 231 M   0.99957 0.00000 0.00043 0.00000 ( 1)
 232 A   0.00000 0.99622 0.00000 0.00378 ( 2)
 233 L   0.99934 0.00000 0.00066 0.00000 ( 1)
 234 I   0.99914 0.00000 0.00086 0.00000 ( 1)
 235 C   0.99979 0.00000 0.00021 0.00000 ( 1)
 236 I   0.99968 0.00000 0.00032 0.00000 ( 1)
 237 F   0.99950 0.00000 0.00050 0.00000 ( 1)
 238 Y   0.99964 0.00000 0.00036 0.00000 ( 1)
 239 S   0.99944 0.00000 0.00056 0.00000 ( 1)
 240 K   0.99938 0.00000 0.00062 0.00000 ( 1)
 241 L   0.99879 0.00000 0.00121 0.00000 ( 1)
 242 F   0.99912 0.00000 0.00088 0.00000 ( 1)
 243 T   0.99799 0.00000 0.00201 0.00000 ( 1)
 244 A   0.99892 0.00000 0.00108 0.00000 ( 1)
 245 V   0.99862 0.00000 0.00138 0.00000 ( 1)
 246 R   0.99923 0.00000 0.00077 0.00000 ( 1)
 247 L   0.99957 0.00000 0.00043 0.00000 ( 1)
 248 H   0.99973 0.00000 0.00027 0.00000 ( 1)
 249 E   0.99965 0.00000 0.00035 0.00000 ( 1)
 250 K   0.97259 0.00000 0.02741 0.00000 ( 1)
 251 M   0.99957 0.00000 0.00043 0.00000 ( 1)
 252 L   0.99822 0.00000 0.00178 0.00000 ( 1)
 253 K   0.00000 0.99965 0.00000 0.00035 ( 2)
 254 E   0.99964 0.00000 0.00036 0.00000 ( 1)
 255 Q   0.99987 0.00000 0.00013 0.00000 ( 1)
 256 A   0.99927 0.00000 0.00073 0.00000 ( 1)
 257 K   0.99964 0.00000 0.00036 0.00000 ( 1)
 258 K   0.99922 0.00000 0.00078 0.00000 ( 1)
 259 M   0.99957 0.00000 0.00043 0.00000 ( 1)
 260 N   0.99953 0.00000 0.00047 0.00000 ( 1)
 261 V   0.99816 0.00000 0.00184 0.00000 ( 1)
 262 K   0.99926 0.00000 0.00074 0.00000 ( 1)
 263 S   0.99889 0.00000 0.00111 0.00000 ( 1)
 264 L   0.99748 0.00000 0.00252 0.00000 ( 1)
 265 A   0.99956 0.00000 0.00044 0.00000 ( 1)
 266 S   0.99645 0.00000 0.00355 0.00000 ( 1)
 267 N   0.99917 0.00000 0.00083 0.00000 ( 1)
 268 K   0.99971 0.00000 0.00029 0.00000 ( 1)
 269 E   0.99944 0.00000 0.00056 0.00000 ( 1)
 270 D   0.99933 0.00000 0.00067 0.00000 ( 1)
 271 A   0.99932 0.00000 0.00068 0.00000 ( 1)
 272 G   0.99939 0.00000 0.00061 0.00000 ( 1)
 273 K   0.99924 0.00000 0.00076 0.00000 ( 1)
 274 S   0.15000 0.00000 0.85000 0.00000 ( 3)
 275 V   0.99839 0.00000 0.00161 0.00000 ( 1)
 276 E   0.99965 0.00000 0.00035 0.00000 ( 1)
 277 I   0.99909 0.00000 0.00091 0.00000 ( 1)
 278 R   0.99316 0.00000 0.00684 0.00000 ( 1)
 279 I   0.99928 0.00000 0.00072 0.00000 ( 1)
 280 A   0.99895 0.00000 0.00105 0.00000 ( 1)
 281 K   0.99938 0.00000 0.00062 0.00000 ( 1)
 282 V   0.99842 0.00000 0.00158 0.00000 ( 1)
 283 A   0.99844 0.00000 0.00156 0.00000 ( 1)
 284 F   0.99950 0.00000 0.00050 0.00000 ( 1)
 285 T   0.99872 0.00000 0.00128 0.00000 ( 1)
 286 I   0.99865 0.00000 0.00135 0.00000 ( 1)
 287 F   0.99950 0.00000 0.00050 0.00000 ( 1)
 288 F   0.99916 0.00000 0.00084 0.00000 ( 1)
 289 L   0.99616 0.00000 0.00384 0.00000 ( 1)
 290 F   0.99950 0.00000 0.00050 0.00000 ( 1)
 291 V   0.99809 0.00000 0.00191 0.00000 ( 1)
 292 C   0.99990 0.00000 0.00010 0.00000 ( 1)
 293 A   0.99949 0.00000 0.00051 0.00000 ( 1)
 294 W   0.99986 0.00000 0.00014 0.00000 ( 1)
 295 T   0.99895 0.00000 0.00105 0.00000 ( 1)
 296 P   0.99968 0.00000 0.00032 0.00000 ( 1)
 297 Y   0.99927 0.00000 0.00073 0.00000 ( 1)
 298 A   0.99948 0.00000 0.00052 0.00000 ( 1)
 299 V   0.99949 0.00000 0.00051 0.00000 ( 1)
 300 V   0.99876 0.00000 0.00124 0.00000 ( 1)
 301 T   0.99931 0.00000 0.00069 0.00000 ( 1)
 302 M   0.99957 0.00000 0.00043 0.00000 ( 1)
 303 I   0.99889 0.00000 0.00111 0.00000 ( 1)
 304 G   0.99854 0.00000 0.00146 0.00000 ( 1)
 305 A   0.99846 0.00000 0.00154 0.00000 ( 1)
 306 F   0.99911 0.00000 0.00089 0.00000 ( 1)
 307 G   0.99854 0.00000 0.00146 0.00000 ( 1)
 308 D   0.99955 0.00000 0.00045 0.00000 ( 1)
 309 R   0.99975 0.00000 0.00025 0.00000 ( 1)
 310 S   0.00000 0.99933 0.00000 0.00067 ( 2)
 311 L   0.99836 0.00000 0.00164 0.00000 ( 1)
 312 L   0.99788 0.00000 0.00212 0.00000 ( 1)
 313 T   0.99962 0.00000 0.00038 0.00000 ( 1)
 314 P   0.99861 0.00000 0.00139 0.00000 ( 1)
 315 H   0.99924 0.00000 0.00076 0.00000 ( 1)
 316 V   0.99949 0.00000 0.00051 0.00000 ( 1)
 317 T   0.99940 0.00000 0.00060 0.00000 ( 1)
 318 M   0.99957 0.00000 0.00043 0.00000 ( 1)
 319 I   0.94959 0.00000 0.05041 0.00000 ( 1)
 320 P   0.99978 0.00000 0.00022 0.00000 ( 1)
 321 A   0.99884 0.00000 0.00116 0.00000 ( 1)
 322 V   0.99906 0.00000 0.00094 0.00000 ( 1)
 323 F   0.99979 0.00000 0.00021 0.00000 ( 1)
 324 A   0.99955 0.00000 0.00045 0.00000 ( 1)
 325 K   0.99954 0.00000 0.00046 0.00000 ( 1)
 326 S   0.97497 0.00000 0.02503 0.00000 ( 1)
 327 V   0.99868 0.00000 0.00132 0.00000 ( 1)
 328 S   0.99849 0.00000 0.00151 0.00000 ( 1)
 329 C   0.99979 0.00000 0.00021 0.00000 ( 1)
 330 I   0.99957 0.00000 0.00043 0.00000 ( 1)
 331 D   0.99946 0.00000 0.00054 0.00000 ( 1)
 332 P   0.99977 0.00000 0.00023 0.00000 ( 1)
 333 W   0.99986 0.00000 0.00014 0.00000 ( 1)
 334 V   0.99832 0.00000 0.00168 0.00000 ( 1)
 335 Y   0.99951 0.00000 0.00049 0.00000 ( 1)
 336 A   0.99937 0.00000 0.00063 0.00000 ( 1)
 337 I   0.99909 0.00000 0.00091 0.00000 ( 1)
 338 N   0.99939 0.00000 0.00061 0.00000 ( 1)
 339 H   0.99947 0.00000 0.00053 0.00000 ( 1)
 340 P   0.99878 0.00000 0.00122 0.00000 ( 1)
 341 R   0.99984 0.00000 0.00016 0.00000 ( 1)
 342 Y   0.99968 0.00000 0.00032 0.00000 ( 1)
 343 R   0.99970 0.00000 0.00030 0.00000 ( 1)
 344 A   0.99949 0.00000 0.00051 0.00000 ( 1)
 345 E   0.99943 0.00000 0.00057 0.00000 ( 1)
 346 L   0.99924 0.00000 0.00076 0.00000 ( 1)
 347 Q   0.03771 0.00000 0.96229 0.00000 ( 3)
 348 K   0.99964 0.00000 0.00036 0.00000 ( 1)
 349 R   0.99936 0.00000 0.00064 0.00000 ( 1)
 350 L   0.92353 0.00000 0.07647 0.00000 ( 1)
 351 P   0.99978 0.00000 0.00022 0.00000 ( 1)
 352 W   0.99986 0.00000 0.00014 0.00000 ( 1)
 353 M   0.99695 0.00000 0.00305 0.00000 ( 1)
 354 G   0.99912 0.00000 0.00088 0.00000 ( 1)
 355 V   0.99891 0.00000 0.00109 0.00000 ( 1)
 356 R   0.99925 0.00000 0.00075 0.00000 ( 1)
 357 E   0.99944 0.00000 0.00056 0.00000 ( 1)
 358 P   0.00000 0.99813 0.00000 0.00187 ( 2)
 359 D   0.99954 0.00000 0.00046 0.00000 ( 1)
 360 P   0.99979 0.00000 0.00021 0.00000 ( 1)
 361 E   0.99954 0.00000 0.00046 0.00000 ( 1)
 362 T   0.00000 0.99490 0.00000 0.00510 ( 2)
 363 Q   0.99832 0.00000 0.00168 0.00000 ( 1)
 364 S   0.99959 0.00000 0.00041 0.00000 ( 1)
 365 S   0.99774 0.00000 0.00226 0.00000 ( 1)
 366 N   0.89585 0.00000 0.10415 0.00000 ( 1)
 367 A   0.99936 0.00000 0.00064 0.00000 ( 1)
 368 S   0.99926 0.00000 0.00074 0.00000 ( 1)
 369 T   0.83191 0.00000 0.16809 0.00000 ( 1)
 370 T   0.99936 0.00000 0.00064 0.00000 ( 1)
 371 Q   0.99814 0.00000 0.00186 0.00000 ( 1)
 372 S   0.01831 0.96714 0.00146 0.01309 ( 2)
 373 Q   0.99729 0.00000 0.00271 0.00000 ( 1)
 374 S   0.00000 0.99971 0.00000 0.00029 ( 2)
 375 A   0.00000 0.98209 0.00000 0.01791 ( 2)
 376 D   0.99968 0.00000 0.00032 0.00000 ( 1)
 377 A   0.99955 0.00000 0.00045 0.00000 ( 1)


lnL = -74017.484546

Bayes Empirical Bayes (BEB) probabilities for 4 classes (class)
(amino acids refer to 1st sequence: ColCroc|Blue5)

   1 N   0.99838 0.00000 0.00162 0.00000 ( 1)
   2 V   0.99757 0.00000 0.00243 0.00000 ( 1)
   3 N   0.00000 0.98961 0.00000 0.01039 ( 2)
   4 N   0.99734 0.00000 0.00266 0.00000 ( 1)
   5 F   0.87048 0.00000 0.12952 0.00000 ( 1)
   6 S   0.99238 0.00000 0.00762 0.00000 ( 1)
   7 A   0.99777 0.00005 0.00218 0.00000 ( 1)
   8 E   0.00000 0.96753 0.00000 0.03247 ( 2)
   9 A   0.99683 0.00000 0.00317 0.00000 ( 1)
  10 R   0.99690 0.00000 0.00310 0.00000 ( 1)
  11 P   0.99650 0.00000 0.00350 0.00000 ( 1)
  12 V   0.99838 0.00000 0.00162 0.00000 ( 1)
  13 A   0.99675 0.00000 0.00325 0.00000 ( 1)
  14 Y   0.99690 0.00000 0.00310 0.00000 ( 1)
  15 P   0.99732 0.00000 0.00268 0.00000 ( 1)
  16 F   0.99405 0.00000 0.00595 0.00000 ( 1)
  17 K   0.99821 0.00000 0.00179 0.00000 ( 1)
  18 M   0.98648 0.00000 0.01352 0.00000 ( 1)
  19 V   0.99489 0.00000 0.00511 0.00000 ( 1)
  20 S   0.99644 0.00000 0.00356 0.00000 ( 1)
  21 D   0.00001 0.98236 0.00000 0.01763 ( 2)
  22 E   0.99791 0.00000 0.00209 0.00000 ( 1)
  23 V   0.99492 0.00000 0.00508 0.00000 ( 1)
  24 Q   0.97567 0.00000 0.02433 0.00000 ( 1)
  25 Q   0.99813 0.00000 0.00187 0.00000 ( 1)
  26 N   0.99868 0.00000 0.00132 0.00000 ( 1)
  27 M   0.99838 0.00000 0.00162 0.00000 ( 1)
  28 L   0.99500 0.00000 0.00500 0.00000 ( 1)
  29 G   0.99665 0.00000 0.00335 0.00000 ( 1)
  30 W   0.99842 0.00000 0.00158 0.00000 ( 1)
  31 N   0.99818 0.00000 0.00182 0.00000 ( 1)
  32 V   0.99704 0.00000 0.00296 0.00000 ( 1)
  33 P   0.99688 0.00000 0.00312 0.00000 ( 1)
  34 S   0.99814 0.00000 0.00186 0.00000 ( 1)
  35 E   0.99768 0.00000 0.00232 0.00000 ( 1)
  36 Y   0.99754 0.00000 0.00246 0.00000 ( 1)
  37 Q   0.99822 0.00000 0.00178 0.00000 ( 1)
  38 D   0.93101 0.00000 0.06899 0.00000 ( 1)
  39 L   0.99591 0.00000 0.00409 0.00000 ( 1)
  40 V   0.99525 0.00000 0.00475 0.00000 ( 1)
  41 H   0.99868 0.00000 0.00132 0.00000 ( 1)
  42 D   0.99824 0.00000 0.00176 0.00000 ( 1)
  43 H   0.99868 0.00000 0.00132 0.00000 ( 1)
  44 W   0.99842 0.00000 0.00158 0.00000 ( 1)
  45 R   0.99616 0.00000 0.00384 0.00000 ( 1)
  46 N   0.99818 0.00000 0.00182 0.00000 ( 1)
  47 F   0.99802 0.00000 0.00198 0.00000 ( 1)
  48 A   0.99687 0.00000 0.00313 0.00000 ( 1)
  49 A   0.69968 0.00000 0.30032 0.00000 ( 1)
  50 I   0.99593 0.00000 0.00407 0.00000 ( 1)
  51 D   0.99840 0.00000 0.00160 0.00000 ( 1)
  52 K   0.99766 0.00000 0.00234 0.00000 ( 1)
  53 F   0.99838 0.00000 0.00162 0.00000 ( 1)
  54 W   0.99842 0.00000 0.00158 0.00000 ( 1)
  55 H   0.99746 0.00000 0.00254 0.00000 ( 1)
  56 Y   0.99829 0.00000 0.00171 0.00000 ( 1)
  57 C   0.03220 0.00000 0.96780 0.00000 ( 3)
  58 L   0.99624 0.00000 0.00376 0.00000 ( 1)
  59 A   0.99612 0.00000 0.00388 0.00000 ( 1)
  60 L   0.99680 0.00000 0.00320 0.00000 ( 1)
  61 I   0.99673 0.00000 0.00327 0.00000 ( 1)
  62 Y   0.99829 0.00000 0.00171 0.00000 ( 1)
  63 M   0.99749 0.00000 0.00251 0.00000 ( 1)
  64 I   0.93480 0.00000 0.06520 0.00000 ( 1)
  65 L   0.99537 0.00000 0.00463 0.00000 ( 1)
  66 W   0.99838 0.00000 0.00162 0.00000 ( 1)
  67 I   0.98792 0.00000 0.01208 0.00000 ( 1)
  68 S   0.99673 0.00000 0.00327 0.00000 ( 1)
  69 S   0.99627 0.00000 0.00373 0.00000 ( 1)
  70 V   0.89843 0.00000 0.10157 0.00000 ( 1)
  71 C   0.99683 0.00000 0.00317 0.00000 ( 1)
  72 G   0.99800 0.00000 0.00200 0.00000 ( 1)
  73 N   0.99806 0.00000 0.00194 0.00000 ( 1)
  74 G   0.99688 0.00000 0.00312 0.00000 ( 1)
  75 I   0.99692 0.00000 0.00308 0.00000 ( 1)
  76 V   0.99607 0.00000 0.00393 0.00000 ( 1)
  77 V   0.99693 0.00000 0.00307 0.00000 ( 1)
  78 W   0.99842 0.00000 0.00158 0.00000 ( 1)
  79 I   0.99786 0.00000 0.00214 0.00000 ( 1)
  80 F   0.99730 0.00000 0.00270 0.00000 ( 1)
  81 S   0.99803 0.00000 0.00197 0.00000 ( 1)
  82 T   0.99686 0.00000 0.00314 0.00000 ( 1)
  83 S   0.99619 0.00000 0.00381 0.00000 ( 1)
  84 K   0.99718 0.00000 0.00282 0.00000 ( 1)
  85 S   0.99287 0.00000 0.00713 0.00000 ( 1)
  86 L   0.99507 0.00000 0.00493 0.00000 ( 1)
  87 R   0.99685 0.00000 0.00315 0.00000 ( 1)
  88 S   0.99821 0.00000 0.00179 0.00000 ( 1)
  89 A   0.99656 0.00000 0.00344 0.00000 ( 1)
  90 S   0.99793 0.00000 0.00207 0.00000 ( 1)
  91 N   0.99818 0.00000 0.00182 0.00000 ( 1)
  92 M   0.99838 0.00000 0.00162 0.00000 ( 1)
  93 F   0.99730 0.00000 0.00270 0.00000 ( 1)
  94 I   0.99606 0.00000 0.00394 0.00000 ( 1)
  95 V   0.99581 0.00000 0.00419 0.00000 ( 1)
  96 N   0.99818 0.00000 0.00182 0.00000 ( 1)
  97 L   0.99504 0.00000 0.00496 0.00000 ( 1)
  98 A   0.99678 0.00000 0.00322 0.00000 ( 1)
  99 L   0.99528 0.00000 0.00472 0.00000 ( 1)
 100 F   0.99753 0.00000 0.00247 0.00000 ( 1)
 101 D   0.99820 0.00000 0.00180 0.00000 ( 1)
 102 M   0.99640 0.00000 0.00360 0.00000 ( 1)
 103 V   0.99838 0.00000 0.00162 0.00000 ( 1)
 104 M   0.99838 0.00000 0.00162 0.00000 ( 1)
 105 M   0.99838 0.00000 0.00162 0.00000 ( 1)
 106 I   0.99423 0.00002 0.00575 0.00000 ( 1)
 107 E   0.99724 0.00000 0.00276 0.00000 ( 1)
 108 M   0.99838 0.00000 0.00162 0.00000 ( 1)
 109 P   0.99799 0.00000 0.00201 0.00000 ( 1)
 110 H   0.99438 0.00000 0.00562 0.00000 ( 1)
 111 L   0.99758 0.00000 0.00242 0.00000 ( 1)
 112 I   0.99669 0.00000 0.00331 0.00000 ( 1)
 113 I   0.00001 0.97750 0.00000 0.02249 ( 2)
 114 N   0.99818 0.00000 0.00182 0.00000 ( 1)
 115 S   0.99766 0.00000 0.00234 0.00000 ( 1)
 116 F   0.99802 0.00000 0.00198 0.00000 ( 1)
 117 Y   0.86385 0.00000 0.13615 0.00000 ( 1)
 118 Q   0.99837 0.00000 0.00163 0.00000 ( 1)
 119 K   0.99315 0.00000 0.00685 0.00000 ( 1)
 120 M   0.99558 0.00000 0.00442 0.00000 ( 1)
 121 I   0.82604 0.00000 0.17396 0.00000 ( 1)
 122 G   0.99597 0.00000 0.00403 0.00000 ( 1)
 123 Y   0.99838 0.00000 0.00162 0.00000 ( 1)
 124 Q   0.99837 0.00000 0.00163 0.00000 ( 1)
 125 V   0.99470 0.00000 0.00530 0.00000 ( 1)
 126 G   0.99833 0.00000 0.00167 0.00000 ( 1)
 127 C   0.99748 0.00000 0.00252 0.00000 ( 1)
 128 D   0.99777 0.00000 0.00223 0.00000 ( 1)
 129 I   0.99515 0.00000 0.00485 0.00000 ( 1)
 130 Y   0.99707 0.00000 0.00293 0.00000 ( 1)
 131 A   0.99712 0.00000 0.00288 0.00000 ( 1)
 132 T   0.99510 0.00000 0.00490 0.00000 ( 1)
 133 L   0.99629 0.00000 0.00371 0.00000 ( 1)
 134 G   0.99606 0.00000 0.00394 0.00000 ( 1)
 135 S   0.99639 0.00000 0.00361 0.00000 ( 1)
 136 I   0.99494 0.00000 0.00506 0.00000 ( 1)
 137 S   0.99583 0.00000 0.00417 0.00000 ( 1)
 138 G   0.99597 0.00000 0.00403 0.00000 ( 1)
 139 I   0.99667 0.00000 0.00333 0.00000 ( 1)
 140 G   0.99700 0.00000 0.00300 0.00000 ( 1)
 141 A   0.99588 0.00000 0.00412 0.00000 ( 1)
 142 A   0.99674 0.00000 0.00326 0.00000 ( 1)
 143 I   0.99669 0.00000 0.00331 0.00000 ( 1)
 144 S   0.99704 0.00000 0.00296 0.00000 ( 1)
 145 N   0.99806 0.00000 0.00194 0.00000 ( 1)
 146 A   0.99675 0.00000 0.00325 0.00000 ( 1)
 147 V   0.99568 0.00000 0.00432 0.00000 ( 1)
 148 I   0.99646 0.00000 0.00354 0.00000 ( 1)
 149 A   0.99688 0.00000 0.00312 0.00000 ( 1)
 150 Y   0.99791 0.00000 0.00209 0.00000 ( 1)
 151 D   0.99802 0.00000 0.00198 0.00000 ( 1)
 152 R   0.99798 0.00000 0.00202 0.00000 ( 1)
 153 Y   0.99835 0.00000 0.00165 0.00000 ( 1)
 154 K   0.99821 0.00000 0.00179 0.00000 ( 1)
 155 T   0.99537 0.00000 0.00463 0.00000 ( 1)
 156 I   0.99788 0.00000 0.00212 0.00000 ( 1)
 157 S   0.99675 0.00000 0.00325 0.00000 ( 1)
 158 C   0.82268 0.00000 0.17732 0.00000 ( 1)
 159 P   0.99687 0.00000 0.00313 0.00000 ( 1)
 160 I   0.99549 0.00000 0.00451 0.00000 ( 1)
 161 D   0.99795 0.00000 0.00205 0.00000 ( 1)
 162 G   0.99587 0.00000 0.00413 0.00000 ( 1)
 163 R   0.99809 0.00000 0.00191 0.00000 ( 1)
 164 I   0.99787 0.00000 0.00213 0.00000 ( 1)
 165 N   0.99818 0.00000 0.00182 0.00000 ( 1)
 166 K   0.99577 0.00000 0.00423 0.00000 ( 1)
 167 V   0.99474 0.00000 0.00526 0.00000 ( 1)
 168 Q   0.99692 0.00000 0.00308 0.00000 ( 1)
 169 A   0.99638 0.00000 0.00362 0.00000 ( 1)
 170 S   0.00000 0.98636 0.00000 0.01364 ( 2)
 171 I   0.99261 0.00000 0.00739 0.00000 ( 1)
 172 L   0.99509 0.00000 0.00491 0.00000 ( 1)
 173 I   0.99683 0.00000 0.00317 0.00000 ( 1)
 174 A   0.70675 0.27345 0.01282 0.00698 ( 1)
 175 F   0.99753 0.00000 0.00247 0.00000 ( 1)
 176 T   0.99556 0.00000 0.00444 0.00000 ( 1)
 177 W   0.99842 0.00000 0.00158 0.00000 ( 1)
 178 F   0.84111 0.00000 0.15889 0.00000 ( 1)
 179 W   0.99842 0.00000 0.00158 0.00000 ( 1)
 180 T   0.99572 0.00000 0.00428 0.00000 ( 1)
 181 L   0.34802 0.30949 0.32897 0.01352 ( 1)
 182 P   0.99668 0.00000 0.00332 0.00000 ( 1)
 183 F   0.99802 0.00000 0.00198 0.00000 ( 1)
 184 T   0.99600 0.00000 0.00400 0.00000 ( 1)
 185 I   0.99194 0.00000 0.00806 0.00000 ( 1)
 186 L   0.99623 0.00000 0.00377 0.00000 ( 1)
 187 P   0.99684 0.00000 0.00316 0.00000 ( 1)
 188 L   0.99508 0.00000 0.00492 0.00000 ( 1)
 189 L   0.99802 0.00000 0.00198 0.00000 ( 1)
 190 K   0.99720 0.00000 0.00280 0.00000 ( 1)
 191 V   0.99586 0.00000 0.00414 0.00000 ( 1)
 192 W   0.99842 0.00000 0.00158 0.00000 ( 1)
 193 G   0.99686 0.00000 0.00314 0.00000 ( 1)
 194 K   0.99712 0.00000 0.00288 0.00000 ( 1)
 195 F   0.84205 0.00000 0.15795 0.00000 ( 1)
 196 V   0.99580 0.00000 0.00420 0.00000 ( 1)
 197 P   0.99624 0.00000 0.00376 0.00000 ( 1)
 198 E   0.99836 0.00000 0.00164 0.00000 ( 1)
 199 G   0.99737 0.00000 0.00263 0.00000 ( 1)
 200 F   0.99802 0.00000 0.00198 0.00000 ( 1)
 201 L   0.99520 0.00000 0.00480 0.00000 ( 1)
 202 T   0.99537 0.00000 0.00463 0.00000 ( 1)
 203 T   0.99609 0.00000 0.00391 0.00000 ( 1)
 204 C   0.99832 0.00000 0.00168 0.00000 ( 1)
 205 S   0.99557 0.00000 0.00443 0.00000 ( 1)
 206 F   0.99795 0.00000 0.00205 0.00000 ( 1)
 207 D   0.99820 0.00000 0.00180 0.00000 ( 1)
 208 Y   0.99838 0.00000 0.00162 0.00000 ( 1)
 209 F   0.99803 0.00000 0.00197 0.00000 ( 1)
 210 T   0.99538 0.00000 0.00462 0.00000 ( 1)
 211 D   0.99784 0.00000 0.00216 0.00000 ( 1)
 212 D   0.99811 0.00000 0.00189 0.00000 ( 1)
 213 E   0.99837 0.00000 0.00163 0.00000 ( 1)
 214 D   0.99820 0.00000 0.00180 0.00000 ( 1)
 215 T   0.99762 0.00000 0.00238 0.00000 ( 1)
 216 K   0.99826 0.00000 0.00174 0.00000 ( 1)
 217 V   0.99546 0.00000 0.00454 0.00000 ( 1)
 218 F   0.99803 0.00000 0.00197 0.00000 ( 1)
 219 V   0.99485 0.00000 0.00515 0.00000 ( 1)
 220 A   0.77874 0.00000 0.22126 0.00000 ( 1)
 221 C   0.99878 0.00000 0.00122 0.00000 ( 1)
 222 I   0.99675 0.00000 0.00325 0.00000 ( 1)
 223 F   0.99795 0.00000 0.00205 0.00000 ( 1)
 224 V   0.82107 0.00000 0.17893 0.00000 ( 1)
 225 W   0.99842 0.00000 0.00158 0.00000 ( 1)
 226 S   0.99870 0.00000 0.00130 0.00000 ( 1)
 227 Y   0.99838 0.00000 0.00162 0.00000 ( 1)
 228 C   0.99878 0.00000 0.00122 0.00000 ( 1)
 229 F   0.99691 0.00000 0.00309 0.00000 ( 1)
 230 P   0.99836 0.00000 0.00164 0.00000 ( 1)
 231 M   0.99838 0.00000 0.00162 0.00000 ( 1)
 232 A   0.00000 0.98564 0.00000 0.01436 ( 2)
 233 L   0.99750 0.00000 0.00250 0.00000 ( 1)
 234 I   0.99692 0.00000 0.00308 0.00000 ( 1)
 235 C   0.99878 0.00000 0.00122 0.00000 ( 1)
 236 I   0.99838 0.00000 0.00162 0.00000 ( 1)
 237 F   0.99802 0.00000 0.00198 0.00000 ( 1)
 238 Y   0.99828 0.00000 0.00172 0.00000 ( 1)
 239 S   0.99624 0.00000 0.00376 0.00000 ( 1)
 240 K   0.99697 0.00000 0.00303 0.00000 ( 1)
 241 L   0.99637 0.00000 0.00363 0.00000 ( 1)
 242 F   0.99730 0.00000 0.00270 0.00000 ( 1)
 243 T   0.99433 0.00000 0.00567 0.00000 ( 1)
 244 A   0.99687 0.00000 0.00313 0.00000 ( 1)
 245 V   0.99573 0.00000 0.00427 0.00000 ( 1)
 246 R   0.99732 0.00000 0.00268 0.00000 ( 1)
 247 L   0.99683 0.00000 0.00317 0.00000 ( 1)
 248 H   0.99868 0.00000 0.00132 0.00000 ( 1)
 249 E   0.99836 0.00000 0.00164 0.00000 ( 1)
 250 K   0.89989 0.00000 0.10011 0.00000 ( 1)
 251 M   0.99838 0.00000 0.00162 0.00000 ( 1)
 252 L   0.99472 0.00000 0.00528 0.00000 ( 1)
 253 K   0.00001 0.99453 0.00000 0.00546 ( 2)
 254 E   0.99833 0.00000 0.00167 0.00000 ( 1)
 255 Q   0.99753 0.00000 0.00247 0.00000 ( 1)
 256 A   0.99654 0.00000 0.00346 0.00000 ( 1)
 257 K   0.99838 0.00000 0.00162 0.00000 ( 1)
 258 K   0.99718 0.00000 0.00282 0.00000 ( 1)
 259 M   0.99838 0.00000 0.00162 0.00000 ( 1)
 260 N   0.99818 0.00000 0.00182 0.00000 ( 1)
 261 V   0.99490 0.00000 0.00510 0.00000 ( 1)
 262 K   0.99726 0.00000 0.00274 0.00000 ( 1)
 263 S   0.99639 0.00000 0.00361 0.00000 ( 1)
 264 L   0.99299 0.00000 0.00701 0.00000 ( 1)
 265 A   0.99675 0.00000 0.00325 0.00000 ( 1)
 266 S   0.99073 0.00000 0.00927 0.00000 ( 1)
 267 N   0.99735 0.00000 0.00265 0.00000 ( 1)
 268 K   0.99812 0.00000 0.00188 0.00000 ( 1)
 269 E   0.99783 0.00000 0.00217 0.00000 ( 1)
 270 D   0.99775 0.00000 0.00225 0.00000 ( 1)
 271 A   0.99743 0.00000 0.00257 0.00000 ( 1)
 272 G   0.99759 0.00000 0.00241 0.00000 ( 1)
 273 K   0.99684 0.00000 0.00316 0.00000 ( 1)
 274 S   0.08545 0.00000 0.91455 0.00000 ( 3)
 275 V   0.99509 0.00000 0.00491 0.00000 ( 1)
 276 E   0.99836 0.00000 0.00164 0.00000 ( 1)
 277 I   0.99686 0.00000 0.00314 0.00000 ( 1)
 278 R   0.98439 0.00000 0.01561 0.00000 ( 1)
 279 I   0.99731 0.00000 0.00269 0.00000 ( 1)
 280 A   0.99615 0.00000 0.00385 0.00000 ( 1)
 281 K   0.99768 0.00000 0.00232 0.00000 ( 1)
 282 V   0.99532 0.00000 0.00468 0.00000 ( 1)
 283 A   0.99586 0.00000 0.00414 0.00000 ( 1)
 284 F   0.99803 0.00000 0.00197 0.00000 ( 1)
 285 T   0.99605 0.00000 0.00395 0.00000 ( 1)
 286 I   0.99584 0.00000 0.00416 0.00000 ( 1)
 287 F   0.99803 0.00000 0.00197 0.00000 ( 1)
 288 F   0.99731 0.00000 0.00269 0.00000 ( 1)
 289 L   0.98868 0.00000 0.01132 0.00000 ( 1)
 290 F   0.99802 0.00000 0.00198 0.00000 ( 1)
 291 V   0.99442 0.00000 0.00558 0.00000 ( 1)
 292 C   0.99748 0.00000 0.00252 0.00000 ( 1)
 293 A   0.99756 0.00000 0.00244 0.00000 ( 1)
 294 W   0.99842 0.00000 0.00158 0.00000 ( 1)
 295 T   0.99633 0.00000 0.00367 0.00000 ( 1)
 296 P   0.99805 0.00000 0.00195 0.00000 ( 1)
 297 Y   0.99728 0.00000 0.00272 0.00000 ( 1)
 298 A   0.99667 0.00000 0.00333 0.00000 ( 1)
 299 V   0.99802 0.00000 0.00198 0.00000 ( 1)
 300 V   0.99598 0.00000 0.00402 0.00000 ( 1)
 301 T   0.99742 0.00000 0.00258 0.00000 ( 1)
 302 M   0.99838 0.00000 0.00162 0.00000 ( 1)
 303 I   0.99676 0.00000 0.00324 0.00000 ( 1)
 304 G   0.99528 0.00000 0.00472 0.00000 ( 1)
 305 A   0.99570 0.00000 0.00430 0.00000 ( 1)
 306 F   0.99730 0.00000 0.00270 0.00000 ( 1)
 307 G   0.99525 0.00000 0.00475 0.00000 ( 1)
 308 D   0.99820 0.00000 0.00180 0.00000 ( 1)
 309 R   0.99865 0.00000 0.00135 0.00000 ( 1)
 310 S   0.00000 0.99443 0.00000 0.00557 ( 2)
 311 L   0.99556 0.00000 0.00444 0.00000 ( 1)
 312 L   0.99399 0.00000 0.00601 0.00000 ( 1)
 313 T   0.99695 0.00000 0.00305 0.00000 ( 1)
 314 P   0.99652 0.00000 0.00348 0.00000 ( 1)
 315 H   0.99578 0.00000 0.00422 0.00000 ( 1)
 316 V   0.99756 0.00000 0.00244 0.00000 ( 1)
 317 T   0.99746 0.00000 0.00254 0.00000 ( 1)
 318 M   0.99838 0.00000 0.00162 0.00000 ( 1)
 319 I   0.89416 0.00000 0.10584 0.00000 ( 1)
 320 P   0.99687 0.00000 0.00313 0.00000 ( 1)
 321 A   0.99646 0.00000 0.00354 0.00000 ( 1)
 322 V   0.99627 0.00000 0.00373 0.00000 ( 1)
 323 F   0.99878 0.00000 0.00122 0.00000 ( 1)
 324 A   0.99818 0.00000 0.00182 0.00000 ( 1)
 325 K   0.99781 0.00000 0.00219 0.00000 ( 1)
 326 S   0.93879 0.00000 0.06121 0.00000 ( 1)
 327 V   0.99569 0.00000 0.00431 0.00000 ( 1)
 328 S   0.99592 0.00000 0.00408 0.00000 ( 1)
 329 C   0.99878 0.00000 0.00122 0.00000 ( 1)
 330 I   0.99788 0.00000 0.00212 0.00000 ( 1)
 331 D   0.99771 0.00000 0.00229 0.00000 ( 1)
 332 P   0.99685 0.00000 0.00315 0.00000 ( 1)
 333 W   0.99842 0.00000 0.00158 0.00000 ( 1)
 334 V   0.99501 0.00000 0.00499 0.00000 ( 1)
 335 Y   0.99798 0.00000 0.00202 0.00000 ( 1)
 336 A   0.99750 0.00000 0.00250 0.00000 ( 1)
 337 I   0.99686 0.00000 0.00314 0.00000 ( 1)
 338 N   0.99786 0.00000 0.00214 0.00000 ( 1)
 339 H   0.99803 0.00000 0.00197 0.00000 ( 1)
 340 P   0.99615 0.00000 0.00385 0.00000 ( 1)
 341 R   0.99815 0.00000 0.00185 0.00000 ( 1)
 342 Y   0.99838 0.00000 0.00162 0.00000 ( 1)
 343 R   0.99854 0.00000 0.00146 0.00000 ( 1)
 344 A   0.99757 0.00000 0.00243 0.00000 ( 1)
 345 E   0.99779 0.00000 0.00221 0.00000 ( 1)
 346 L   0.99624 0.00000 0.00376 0.00000 ( 1)
 347 Q   0.02969 0.00000 0.97031 0.00000 ( 3)
 348 K   0.99838 0.00000 0.00162 0.00000 ( 1)
 349 R   0.99572 0.00000 0.00428 0.00000 ( 1)
 350 L   0.83862 0.00000 0.16138 0.00000 ( 1)
 351 P   0.99685 0.00000 0.00315 0.00000 ( 1)
 352 W   0.99842 0.00000 0.00158 0.00000 ( 1)
 353 M   0.99110 0.00000 0.00890 0.00000 ( 1)
 354 G   0.99686 0.00000 0.00314 0.00000 ( 1)
 355 V   0.99606 0.00000 0.00394 0.00000 ( 1)
 356 R   0.99721 0.00000 0.00279 0.00000 ( 1)
 357 E   0.99782 0.00000 0.00218 0.00000 ( 1)
 358 P   0.00000 0.99216 0.00000 0.00784 ( 2)
 359 D   0.99820 0.00000 0.00180 0.00000 ( 1)
 360 P   0.99697 0.00000 0.00303 0.00000 ( 1)
 361 E   0.99820 0.00000 0.00180 0.00000 ( 1)
 362 T   0.00811 0.97498 0.00003 0.01687 ( 2)
 363 Q   0.99516 0.00000 0.00484 0.00000 ( 1)
 364 S   0.99813 0.00000 0.00187 0.00000 ( 1)
 365 S   0.99424 0.00000 0.00576 0.00000 ( 1)
 366 N   0.81083 0.00000 0.18917 0.00000 ( 1)
 367 A   0.99749 0.00000 0.00251 0.00000 ( 1)
 368 S   0.99760 0.00000 0.00240 0.00000 ( 1)
 369 T   0.73556 0.00000 0.26444 0.00000 ( 1)
 370 T   0.99749 0.00000 0.00251 0.00000 ( 1)
 371 Q   0.99503 0.00000 0.00497 0.00000 ( 1)
 372 S   0.84722 0.01105 0.14133 0.00040 ( 1)
 373 Q   0.99132 0.00000 0.00868 0.00000 ( 1)
 374 S   0.00000 0.99466 0.00000 0.00534 ( 2)
 375 A   0.00000 0.96123 0.00000 0.03877 ( 2)
 376 D   0.99789 0.00000 0.00211 0.00000 ( 1)
 377 A   0.99674 0.00000 0.00326 0.00000 ( 1)

