Supplemental results for CODEML (seqf: align.fa  treef: tree.nwk)


MLEs of dN/dS (w) for site classes (K=4)

site class             0        1       2a       2b
proportion       0.91526  0.03590  0.04699  0.00184
background w     0.03990  1.00000  0.03990  1.00000
foreground w     0.03990  1.00000  1.00000  1.00000

Naive Empirical Bayes (NEB) probabilities for 4 classes
(amino acids refer to 1st sequence: ColCroc)

   1 M   0.98291 0.00000 0.01709 0.00000 ( 1)
   2 D   0.97133 0.00000 0.02867 0.00000 ( 1)
   3 R   0.00000 0.95116 0.00000 0.04884 ( 2)
   4 T   0.97397 0.00000 0.02603 0.00000 ( 1)
   5 E   0.62125 0.00000 0.37875 0.00000 ( 1)
   6 Y   0.00000 0.95116 0.00000 0.04884 ( 2)
   7 Y   0.05184 0.00807 0.93968 0.00041 ( 3)
   8 I   0.00000 0.95116 0.00000 0.04884 ( 2)
   9 Y   0.00018 0.95098 0.00001 0.04883 ( 2)
  10 G   0.97214 0.00000 0.02786 0.00000 ( 1)
  11 A   0.97404 0.00000 0.02596 0.00000 ( 1)
  12 Y   0.97124 0.00000 0.02876 0.00000 ( 1)
  13 F   0.97479 0.00000 0.02521 0.00000 ( 1)
  14 A   0.55492 0.00000 0.44508 0.00000 ( 1)
  15 P   0.97031 0.00000 0.02969 0.00000 ( 1)
  16 L   0.97790 0.00000 0.02210 0.00000 ( 1)
  17 R   0.97374 0.00000 0.02626 0.00000 ( 1)
  18 S   0.97055 0.00000 0.02945 0.00000 ( 1)
  19 G   0.00000 0.95116 0.00000 0.04884 ( 2)
  20 G   0.00000 0.95116 0.00000 0.04884 ( 2)
  21 E   0.97440 0.00000 0.02560 0.00000 ( 1)
  22 R   0.97441 0.00000 0.02559 0.00000 ( 1)
  23 M   0.98291 0.00000 0.01709 0.00000 ( 1)
  24 L   0.96726 0.00000 0.03274 0.00000 ( 1)
  25 G   0.54282 0.00000 0.45718 0.00000 ( 1)
  26 E   0.97418 0.00000 0.02582 0.00000 ( 1)
  27 G   0.97029 0.00000 0.02971 0.00000 ( 1)
  28 L   0.97412 0.00000 0.02588 0.00000 ( 1)
  29 T   0.97422 0.00000 0.02578 0.00000 ( 1)
  30 G   0.97371 0.00000 0.02629 0.00000 ( 1)
  31 E   0.97306 0.00000 0.02694 0.00000 ( 1)
  32 D   0.97744 0.00000 0.02256 0.00000 ( 1)
  33 L   0.96742 0.00000 0.03258 0.00000 ( 1)
  34 A   0.97442 0.00000 0.02558 0.00000 ( 1)
  35 M   0.06467 0.00000 0.93533 0.00000 ( 3)
  36 I   0.97439 0.00000 0.02561 0.00000 ( 1)
  37 P   0.97121 0.00000 0.02879 0.00000 ( 1)
  38 E   0.97411 0.00000 0.02589 0.00000 ( 1)
  39 H   0.97114 0.00000 0.02886 0.00000 ( 1)
  40 W   0.96726 0.00000 0.03274 0.00000 ( 1)
  41 F   0.97096 0.00000 0.02904 0.00000 ( 1)
  42 K   0.00004 0.95113 0.00000 0.04884 ( 2)
  43 Y   0.97790 0.00000 0.02210 0.00000 ( 1)
  44 P   0.97134 0.00000 0.02866 0.00000 ( 1)
  45 E   0.97434 0.00000 0.02566 0.00000 ( 1)
  46 P   0.97083 0.00000 0.02917 0.00000 ( 1)
  47 P   0.97086 0.00000 0.02914 0.00000 ( 1)
  48 A   0.97654 0.00000 0.02346 0.00000 ( 1)
  49 S   0.97615 0.00000 0.02385 0.00000 ( 1)
  50 A   0.97398 0.00000 0.02602 0.00000 ( 1)
  51 H   0.97330 0.00000 0.02670 0.00000 ( 1)
  52 T   0.97500 0.00000 0.02500 0.00000 ( 1)
  53 A   0.97398 0.00000 0.02602 0.00000 ( 1)
  54 L   0.96690 0.00000 0.03310 0.00000 ( 1)
  55 C   0.97426 0.00000 0.02574 0.00000 ( 1)
  56 L   0.96792 0.00000 0.03208 0.00000 ( 1)
  57 L   0.97452 0.00000 0.02548 0.00000 ( 1)
  58 Y   0.97135 0.00000 0.02865 0.00000 ( 1)
  59 C   0.97342 0.00138 0.02513 0.00007 ( 1)
  60 F   0.97790 0.00000 0.02210 0.00000 ( 1)
  61 F   0.97790 0.00000 0.02210 0.00000 ( 1)
  62 T   0.97298 0.00000 0.02702 0.00000 ( 1)
  63 A   0.97404 0.00000 0.02596 0.00000 ( 1)
  64 A   0.97657 0.00000 0.02343 0.00000 ( 1)
  65 A   0.97398 0.00000 0.02602 0.00000 ( 1)
  66 L   0.97407 0.00000 0.02593 0.00000 ( 1)
  67 I   0.96749 0.00000 0.03251 0.00000 ( 1)
  68 G   0.97200 0.00000 0.02800 0.00000 ( 1)
  69 N   0.97398 0.00000 0.02602 0.00000 ( 1)
  70 G   0.97009 0.00000 0.02991 0.00000 ( 1)
  71 M   0.96693 0.00000 0.03307 0.00000 ( 1)
  72 V   0.97319 0.00000 0.02681 0.00000 ( 1)
  73 I   0.97848 0.00000 0.02152 0.00000 ( 1)
  74 F   0.97789 0.00000 0.02211 0.00000 ( 1)
  75 I   0.97891 0.00000 0.02109 0.00000 ( 1)
  76 F   0.97479 0.00000 0.02521 0.00000 ( 1)
  77 A   0.97055 0.00000 0.02945 0.00000 ( 1)
  78 S   0.97423 0.00000 0.02577 0.00000 ( 1)
  79 T   0.97389 0.00000 0.02611 0.00000 ( 1)
  80 K   0.97374 0.00000 0.02626 0.00000 ( 1)
  81 S   0.97284 0.00000 0.02716 0.00000 ( 1)
  82 L   0.96981 0.00000 0.03019 0.00000 ( 1)
  83 R   0.97193 0.00000 0.02807 0.00000 ( 1)
  84 T   0.97399 0.00000 0.02601 0.00000 ( 1)
  85 A   0.96898 0.00000 0.03102 0.00000 ( 1)
  86 S   0.97570 0.00000 0.02430 0.00000 ( 1)
  87 N   0.97399 0.00000 0.02601 0.00000 ( 1)
  88 L   0.96691 0.00000 0.03309 0.00000 ( 1)
  89 L   0.97097 0.00000 0.02903 0.00000 ( 1)
  90 I   0.97664 0.00000 0.02336 0.00000 ( 1)
  91 L   0.97036 0.00000 0.02964 0.00000 ( 1)
  92 N   0.96796 0.00000 0.03204 0.00000 ( 1)
  93 L   0.96706 0.00000 0.03294 0.00000 ( 1)
  94 A   0.97309 0.00000 0.02691 0.00000 ( 1)
  95 I   0.97510 0.00000 0.02490 0.00000 ( 1)
  96 F   0.96960 0.00000 0.03040 0.00000 ( 1)
  97 D   0.97514 0.00000 0.02486 0.00000 ( 1)
  98 F   0.97584 0.00000 0.02416 0.00000 ( 1)
  99 I   0.97558 0.00000 0.02442 0.00000 ( 1)
 100 M   0.98291 0.00000 0.01709 0.00000 ( 1)
 101 M   0.98291 0.00000 0.01709 0.00000 ( 1)
 102 L   0.97403 0.00000 0.02597 0.00000 ( 1)
 103 K   0.97374 0.00000 0.02626 0.00000 ( 1)
 104 A   0.97323 0.00000 0.02677 0.00000 ( 1)
 105 P   0.97109 0.00000 0.02891 0.00000 ( 1)
 106 I   0.97558 0.00000 0.02442 0.00000 ( 1)
 107 F   0.97480 0.00000 0.02520 0.00000 ( 1)
 108 I   0.97891 0.00000 0.02109 0.00000 ( 1)
 109 Y   0.97135 0.00000 0.02865 0.00000 ( 1)
 110 N   0.97404 0.00000 0.02596 0.00000 ( 1)
 111 S   0.97607 0.00000 0.02393 0.00000 ( 1)
 112 A   0.60297 0.00000 0.39703 0.00000 ( 1)
 113 M   0.98291 0.00000 0.01709 0.00000 ( 1)
 114 R   0.52064 0.00000 0.47936 0.00000 ( 1)
 115 G   0.97026 0.00000 0.02974 0.00000 ( 1)
 116 F   0.97755 0.00000 0.02245 0.00000 ( 1)
 117 A   0.97384 0.00000 0.02616 0.00000 ( 1)
 118 A   0.00000 0.95116 0.00000 0.04884 ( 2)
 119 G   0.97148 0.00000 0.02852 0.00000 ( 1)
 120 A   0.97619 0.00000 0.02381 0.00000 ( 1)
 121 L   0.00000 0.95116 0.00000 0.04884 ( 2)
 122 W   0.97065 0.00000 0.02935 0.00000 ( 1)
 123 C   0.96841 0.00000 0.03159 0.00000 ( 1)
 124 K   0.96770 0.00000 0.03230 0.00000 ( 1)
 125 I   0.97891 0.00000 0.02109 0.00000 ( 1)
 126 F   0.97737 0.00000 0.02263 0.00000 ( 1)
 127 A   0.54364 0.00000 0.45636 0.00000 ( 1)
 128 V   0.96979 0.00000 0.03021 0.00000 ( 1)
 129 M   0.98291 0.00000 0.01709 0.00000 ( 1)
 130 G   0.97358 0.00000 0.02642 0.00000 ( 1)
 131 S   0.97370 0.00000 0.02630 0.00000 ( 1)
 132 Y   0.97135 0.00000 0.02865 0.00000 ( 1)
 133 S   0.97397 0.00000 0.02603 0.00000 ( 1)
 134 G   0.97342 0.00000 0.02658 0.00000 ( 1)
 135 I   0.97736 0.00000 0.02264 0.00000 ( 1)
 136 G   0.97390 0.00000 0.02610 0.00000 ( 1)
 137 A   0.97397 0.00000 0.02603 0.00000 ( 1)
 138 A   0.97188 0.00000 0.02812 0.00000 ( 1)
 139 M   0.98291 0.00000 0.01709 0.00000 ( 1)
 140 T   0.97311 0.00000 0.02689 0.00000 ( 1)
 141 N   0.97501 0.00000 0.02499 0.00000 ( 1)
 142 A   0.97379 0.00000 0.02621 0.00000 ( 1)
 143 C   0.96927 0.00000 0.03073 0.00000 ( 1)
 144 I   0.97709 0.00000 0.02291 0.00000 ( 1)
 145 A   0.97308 0.00000 0.02692 0.00000 ( 1)
 146 Y   0.96789 0.00000 0.03211 0.00000 ( 1)
 147 D   0.97744 0.00000 0.02256 0.00000 ( 1)
 148 R   0.97192 0.00000 0.02808 0.00000 ( 1)
 149 H   0.97023 0.00000 0.02977 0.00000 ( 1)
 150 S   0.96898 0.00000 0.03102 0.00000 ( 1)
 151 T   0.97363 0.00000 0.02637 0.00000 ( 1)
 152 I   0.97891 0.00000 0.02109 0.00000 ( 1)
 153 T   0.97644 0.00000 0.02356 0.00000 ( 1)
 154 R   0.96650 0.00000 0.03350 0.00000 ( 1)
 155 P   0.97125 0.00000 0.02875 0.00000 ( 1)
 156 L   0.96980 0.00000 0.03020 0.00000 ( 1)
 157 D   0.97539 0.00000 0.02461 0.00000 ( 1)
 158 G   0.97009 0.00000 0.02991 0.00000 ( 1)
 159 R   0.96575 0.00000 0.03425 0.00000 ( 1)
 160 L   0.96817 0.00000 0.03183 0.00000 ( 1)
 161 S   0.97418 0.00000 0.02582 0.00000 ( 1)
 162 R   0.96646 0.00000 0.03354 0.00000 ( 1)
 163 G   0.97197 0.00000 0.02803 0.00000 ( 1)
 164 K   0.97374 0.00000 0.02626 0.00000 ( 1)
 165 V   0.97346 0.00000 0.02654 0.00000 ( 1)
 166 L   0.97271 0.00000 0.02729 0.00000 ( 1)
 167 L   0.96387 0.00000 0.03613 0.00000 ( 1)
 168 M   0.98291 0.00000 0.01709 0.00000 ( 1)
 169 I   0.97655 0.00000 0.02345 0.00000 ( 1)
 170 I   0.97431 0.00000 0.02569 0.00000 ( 1)
 171 C   0.97577 0.00000 0.02423 0.00000 ( 1)
 172 I   0.97666 0.00000 0.02334 0.00000 ( 1)
 173 W   0.96726 0.00000 0.03274 0.00000 ( 1)
 174 I   0.97891 0.00000 0.02109 0.00000 ( 1)
 175 Y   0.97135 0.00000 0.02865 0.00000 ( 1)
 176 T   0.97573 0.00000 0.02427 0.00000 ( 1)
 177 T   0.97549 0.00000 0.02451 0.00000 ( 1)
 178 P   0.97120 0.00000 0.02880 0.00000 ( 1)
 179 W   0.96726 0.00000 0.03274 0.00000 ( 1)
 180 S   0.97398 0.00000 0.02602 0.00000 ( 1)
 181 L   0.97083 0.00000 0.02917 0.00000 ( 1)
 182 M   0.96703 0.00000 0.03297 0.00000 ( 1)
 183 P   0.97152 0.00000 0.02848 0.00000 ( 1)
 184 L   0.96715 0.00000 0.03285 0.00000 ( 1)
 185 F   0.97781 0.00000 0.02219 0.00000 ( 1)
 186 R   0.97384 0.00000 0.02616 0.00000 ( 1)
 187 V   0.97700 0.00000 0.02300 0.00000 ( 1)
 188 W   0.96726 0.00000 0.03274 0.00000 ( 1)
 189 G   0.97394 0.00000 0.02606 0.00000 ( 1)
 190 R   0.97193 0.00000 0.02807 0.00000 ( 1)
 191 F   0.97102 0.00000 0.02898 0.00000 ( 1)
 192 V   0.97394 0.00000 0.02606 0.00000 ( 1)
 193 P   0.97031 0.00000 0.02969 0.00000 ( 1)
 194 E   0.97441 0.00000 0.02559 0.00000 ( 1)
 195 G   0.97201 0.00000 0.02799 0.00000 ( 1)
 196 Y   0.96955 0.00000 0.03045 0.00000 ( 1)
 197 L   0.97092 0.00000 0.02908 0.00000 ( 1)
 198 T   0.97389 0.00000 0.02611 0.00000 ( 1)
 199 S   0.97055 0.00000 0.02945 0.00000 ( 1)
 200 C   0.97167 0.00000 0.02833 0.00000 ( 1)
 201 T   0.97662 0.00000 0.02338 0.00000 ( 1)
 202 F   0.97764 0.00000 0.02236 0.00000 ( 1)
 203 D   0.97433 0.00000 0.02567 0.00000 ( 1)
 204 Y   0.97135 0.00000 0.02865 0.00000 ( 1)
 205 L   0.97081 0.00000 0.02919 0.00000 ( 1)
 206 T   0.97425 0.00000 0.02575 0.00000 ( 1)
 207 N   0.97501 0.00000 0.02499 0.00000 ( 1)
 208 S   0.97615 0.00000 0.02385 0.00000 ( 1)
 209 F   0.97790 0.00000 0.02210 0.00000 ( 1)
 210 D   0.97515 0.00000 0.02485 0.00000 ( 1)
 211 N   0.97506 0.00000 0.02494 0.00000 ( 1)
 212 K   0.97403 0.00000 0.02597 0.00000 ( 1)
 213 L   0.96722 0.00000 0.03278 0.00000 ( 1)
 214 F   0.97763 0.00000 0.02237 0.00000 ( 1)
 215 V   0.97440 0.00000 0.02560 0.00000 ( 1)
 216 G   0.54387 0.00000 0.45613 0.00000 ( 1)
 217 C   0.97168 0.00000 0.02832 0.00000 ( 1)
 218 I   0.97848 0.00000 0.02152 0.00000 ( 1)
 219 F   0.97497 0.00000 0.02503 0.00000 ( 1)
 220 T   0.00000 0.95116 0.00000 0.04884 ( 2)
 221 C   0.97168 0.00000 0.02832 0.00000 ( 1)
 222 S   0.97615 0.00000 0.02385 0.00000 ( 1)
 223 Y   0.96816 0.00000 0.03184 0.00000 ( 1)
 224 V   0.97453 0.00000 0.02547 0.00000 ( 1)
 225 F   0.97498 0.00000 0.02502 0.00000 ( 1)
 226 P   0.97395 0.00000 0.02605 0.00000 ( 1)
 227 M   0.98291 0.00000 0.01709 0.00000 ( 1)
 228 L   0.97281 0.00000 0.02719 0.00000 ( 1)
 229 C   0.98291 0.00000 0.01709 0.00000 ( 1)
 230 I   0.97879 0.00000 0.02121 0.00000 ( 1)
 231 I   0.97510 0.00000 0.02490 0.00000 ( 1)
 232 Y   0.96854 0.00000 0.03146 0.00000 ( 1)
 233 F   0.97749 0.00000 0.02251 0.00000 ( 1)
 234 Y   0.97109 0.00000 0.02891 0.00000 ( 1)
 235 S   0.97615 0.00000 0.02385 0.00000 ( 1)
 236 G   0.97080 0.00000 0.02920 0.00000 ( 1)
 237 I   0.97558 0.00000 0.02442 0.00000 ( 1)
 238 V   0.97422 0.00000 0.02578 0.00000 ( 1)
 239 K   0.97317 0.00000 0.02683 0.00000 ( 1)
 240 Q   0.96770 0.00000 0.03230 0.00000 ( 1)
 241 V   0.97440 0.00000 0.02560 0.00000 ( 1)
 242 F   0.97487 0.00000 0.02513 0.00000 ( 1)
 243 A   0.97538 0.00000 0.02462 0.00000 ( 1)
 244 H   0.97016 0.00000 0.02984 0.00000 ( 1)
 245 E   0.97411 0.00000 0.02589 0.00000 ( 1)
 246 A   0.97308 0.00000 0.02692 0.00000 ( 1)
 247 A   0.97309 0.00000 0.02691 0.00000 ( 1)
 248 L   0.97073 0.00000 0.02927 0.00000 ( 1)
 249 R   0.97193 0.00000 0.02807 0.00000 ( 1)
 250 E   0.97411 0.00000 0.02589 0.00000 ( 1)
 251 Q   0.96770 0.00000 0.03230 0.00000 ( 1)
 252 A   0.97308 0.00000 0.02692 0.00000 ( 1)
 253 K   0.97404 0.00000 0.02596 0.00000 ( 1)
 254 K   0.97404 0.00000 0.02596 0.00000 ( 1)
 255 M   0.98291 0.00000 0.01709 0.00000 ( 1)
 256 N   0.97712 0.00000 0.02288 0.00000 ( 1)
 257 V   0.97342 0.00000 0.02658 0.00000 ( 1)
 258 E   0.97411 0.00000 0.02589 0.00000 ( 1)
 259 S   0.97055 0.00000 0.02945 0.00000 ( 1)
 260 L   0.97103 0.00000 0.02897 0.00000 ( 1)
 261 R   0.96260 0.00000 0.03740 0.00000 ( 1)
 262 S   0.54476 0.00000 0.45524 0.00000 ( 1)
 263 N   0.97713 0.00000 0.02287 0.00000 ( 1)
 264 Q   0.96796 0.00000 0.03204 0.00000 ( 1)
 265 N   0.97241 0.00000 0.02759 0.00000 ( 1)
 266 A   0.97429 0.00000 0.02571 0.00000 ( 1)
 267 G   0.00503 0.94625 0.00014 0.04859 ( 2)
 268 A   0.97371 0.00000 0.02629 0.00000 ( 1)
 269 E   0.97407 0.00000 0.02593 0.00000 ( 1)
 270 S   0.96905 0.00000 0.03095 0.00000 ( 1)
 271 A   0.97308 0.00000 0.02692 0.00000 ( 1)
 272 E   0.97404 0.00000 0.02596 0.00000 ( 1)
 273 I   0.97865 0.00000 0.02135 0.00000 ( 1)
 274 R   0.97194 0.00000 0.02806 0.00000 ( 1)
 275 I   0.97891 0.00000 0.02109 0.00000 ( 1)
 276 A   0.97345 0.00000 0.02655 0.00000 ( 1)
 277 K   0.97315 0.00000 0.02685 0.00000 ( 1)
 278 A   0.97398 0.00000 0.02602 0.00000 ( 1)
 279 A   0.97308 0.00000 0.02692 0.00000 ( 1)
 280 L   0.97452 0.00000 0.02548 0.00000 ( 1)
 281 T   0.97662 0.00000 0.02338 0.00000 ( 1)
 282 V   0.97440 0.00000 0.02560 0.00000 ( 1)
 283 C   0.97168 0.00000 0.02832 0.00000 ( 1)
 284 F   0.97790 0.00000 0.02210 0.00000 ( 1)
 285 L   0.96692 0.00000 0.03308 0.00000 ( 1)
 286 F   0.97551 0.00000 0.02449 0.00000 ( 1)
 287 V   0.97550 0.00000 0.02450 0.00000 ( 1)
 288 A   0.97427 0.00000 0.02573 0.00000 ( 1)
 289 S   0.96911 0.00000 0.03089 0.00000 ( 1)
 290 W   0.96726 0.00000 0.03274 0.00000 ( 1)
 291 T   0.97308 0.00000 0.02692 0.00000 ( 1)
 292 P   0.97118 0.00000 0.02882 0.00000 ( 1)
 293 Y   0.97134 0.00000 0.02866 0.00000 ( 1)
 294 G   0.97025 0.00000 0.02975 0.00000 ( 1)
 295 V   0.97642 0.00000 0.02358 0.00000 ( 1)
 296 M   0.98291 0.00000 0.01709 0.00000 ( 1)
 297 S   0.97434 0.00000 0.02566 0.00000 ( 1)
 298 L   0.97103 0.00000 0.02897 0.00000 ( 1)
 299 I   0.97891 0.00000 0.02109 0.00000 ( 1)
 300 G   0.97079 0.00000 0.02921 0.00000 ( 1)
 301 A   0.97429 0.00000 0.02571 0.00000 ( 1)
 302 F   0.97752 0.00000 0.02248 0.00000 ( 1)
 303 G   0.97368 0.00000 0.02632 0.00000 ( 1)
 304 D   0.97713 0.00000 0.02287 0.00000 ( 1)
 305 Q   0.96770 0.00000 0.03230 0.00000 ( 1)
 306 E   0.96764 0.00005 0.03230 0.00000 ( 1)
 307 L   0.96904 0.00000 0.03096 0.00000 ( 1)
 308 L   0.97083 0.00000 0.02917 0.00000 ( 1)
 309 T   0.97391 0.00000 0.02609 0.00000 ( 1)
 310 P   0.97031 0.00000 0.02969 0.00000 ( 1)
 311 G   0.97153 0.00000 0.02847 0.00000 ( 1)
 312 V   0.97404 0.00000 0.02596 0.00000 ( 1)
 313 T   0.97426 0.00000 0.02574 0.00000 ( 1)
 314 M   0.98291 0.00000 0.01709 0.00000 ( 1)
 315 I   0.97891 0.00000 0.02109 0.00000 ( 1)
 316 P   0.97121 0.00000 0.02879 0.00000 ( 1)
 317 A   0.97308 0.00000 0.02692 0.00000 ( 1)
 318 I   0.97404 0.00000 0.02596 0.00000 ( 1)
 319 T   0.97398 0.00000 0.02602 0.00000 ( 1)
 320 C   0.97168 0.00000 0.02832 0.00000 ( 1)
 321 K   0.97374 0.00000 0.02626 0.00000 ( 1)
 322 A   0.97308 0.00000 0.02692 0.00000 ( 1)
 323 V   0.97318 0.00000 0.02682 0.00000 ( 1)
 324 A   0.97427 0.00000 0.02573 0.00000 ( 1)
 325 C   0.97168 0.00000 0.02832 0.00000 ( 1)
 326 I   0.97891 0.00000 0.02109 0.00000 ( 1)
 327 D   0.97688 0.00000 0.02312 0.00000 ( 1)
 328 P   0.97134 0.00000 0.02866 0.00000 ( 1)
 329 W   0.96726 0.00000 0.03274 0.00000 ( 1)
 330 V   0.97438 0.00000 0.02562 0.00000 ( 1)
 331 Y   0.96789 0.00000 0.03211 0.00000 ( 1)
 332 A   0.97398 0.00000 0.02602 0.00000 ( 1)
 333 I   0.97877 0.00000 0.02123 0.00000 ( 1)
 334 S   0.97397 0.00000 0.02603 0.00000 ( 1)
 335 H   0.97016 0.00000 0.02984 0.00000 ( 1)
 336 P   0.97121 0.00000 0.02879 0.00000 ( 1)
 337 K   0.97374 0.00000 0.02626 0.00000 ( 1)
 338 Y   0.97135 0.00000 0.02865 0.00000 ( 1)
 339 R   0.97193 0.00000 0.02807 0.00000 ( 1)
 340 Q   0.96770 0.00000 0.03230 0.00000 ( 1)
 341 E   0.97411 0.00000 0.02589 0.00000 ( 1)
 342 L   0.97083 0.00000 0.02917 0.00000 ( 1)
 343 Q   0.96766 0.00000 0.03234 0.00000 ( 1)
 344 R   0.89004 0.00000 0.10996 0.00000 ( 1)
 345 R   0.96964 0.00000 0.03036 0.00000 ( 1)
 346 M   0.98291 0.00000 0.01709 0.00000 ( 1)
 347 P   0.97120 0.00000 0.02880 0.00000 ( 1)
 348 W   0.96726 0.00000 0.03274 0.00000 ( 1)
 349 L   0.97409 0.00000 0.02591 0.00000 ( 1)
 350 Q   0.96796 0.00000 0.03204 0.00000 ( 1)
 351 I   0.97886 0.00000 0.02114 0.00000 ( 1)
 352 S   0.97398 0.00000 0.02602 0.00000 ( 1)
 353 E   0.97438 0.00000 0.02562 0.00000 ( 1)
 354 P   0.97154 0.00000 0.02846 0.00000 ( 1)
 355 D   0.05412 0.00000 0.94588 0.00000 ( 3)
 356 D   0.97733 0.00000 0.02267 0.00000 ( 1)
 357 N   0.52760 0.00000 0.47240 0.00000 ( 1)
 358 T   0.00000 0.95116 0.00000 0.04884 ( 2)
 359 S   0.96990 0.00000 0.03010 0.00000 ( 1)
 360 N   0.97396 0.00000 0.02604 0.00000 ( 1)
 361 T   0.97400 0.00000 0.02600 0.00000 ( 1)
 362 S   0.97435 0.00000 0.02565 0.00000 ( 1)
 363 N   0.97271 0.00000 0.02729 0.00000 ( 1)
 364 T   0.97713 0.00000 0.02287 0.00000 ( 1)
 365 T   0.97361 0.00000 0.02639 0.00000 ( 1)
 366 T   0.59058 0.00000 0.40942 0.00000 ( 1)
 367 N   0.04940 0.00000 0.95060 0.00000 ( 3)
 368 S   0.00000 0.95116 0.00000 0.04884 ( 2)
 369 A   0.00000 0.95116 0.00000 0.04884 ( 2)
 370 A   0.95116 0.00000 0.04884 0.00000 ( 1)
 371 P   0.95116 0.00000 0.04884 0.00000 ( 1)


lnL = -75809.872672

