Supplemental results for CODEML (seqf: align.fa  treef: tree.nwk)


MLEs of dN/dS (w) for site classes (K=2)

p:   0.71452  0.28548
w:   0.00789  0.14753

Naive Empirical Bayes (NEB) probabilities for 2 classes & postmean_w
(amino acids refer to 1st sequence: ColCroc)

   1 M   1.00000 0.00000 ( 1)  0.008
   2 D   0.00000 1.00000 ( 2)  0.148
   3 R   0.00000 1.00000 ( 2)  0.148
   4 T   0.28027 0.71973 ( 2)  0.108
   5 E   0.00000 1.00000 ( 2)  0.148
   6 Y   0.00000 1.00000 ( 2)  0.148
   7 Y   0.00000 1.00000 ( 2)  0.148
   8 I   0.00000 1.00000 ( 2)  0.148
   9 Y   0.00000 1.00000 ( 2)  0.148
  10 G   0.00000 1.00000 ( 2)  0.148
  11 A   0.00000 1.00000 ( 2)  0.148
  12 Y   0.00000 1.00000 ( 2)  0.148
  13 F   0.01374 0.98626 ( 2)  0.146
  14 A   0.00000 1.00000 ( 2)  0.148
  15 P   0.00000 1.00000 ( 2)  0.148
  16 L   0.00000 1.00000 ( 2)  0.148
  17 R   0.00000 1.00000 ( 2)  0.148
  18 S   0.00000 1.00000 ( 2)  0.148
  19 G   0.00000 1.00000 ( 2)  0.148
  20 G   0.00000 1.00000 ( 2)  0.148
  21 E   0.00000 1.00000 ( 2)  0.148
  22 R   0.00000 1.00000 ( 2)  0.148
  23 M   0.00000 1.00000 ( 2)  0.148
  24 L   1.00000 0.00000 ( 1)  0.008
  25 G   0.98335 0.01665 ( 1)  0.010
  26 E   0.00000 1.00000 ( 2)  0.148
  27 G   1.00000 0.00000 ( 1)  0.008
  28 L   1.00000 0.00000 ( 1)  0.008
  29 T   0.00000 1.00000 ( 2)  0.148
  30 G   0.95557 0.04443 ( 1)  0.014
  31 E   0.00000 1.00000 ( 2)  0.148
  32 D   0.99178 0.00822 ( 1)  0.009
  33 L   1.00000 0.00000 ( 1)  0.008
  34 A   1.00000 0.00000 ( 1)  0.008
  35 M   0.00000 1.00000 ( 2)  0.148
  36 I   0.02135 0.97865 ( 2)  0.145
  37 P   1.00000 0.00000 ( 1)  0.008
  38 E   0.96213 0.03787 ( 1)  0.013
  39 H   1.00000 0.00000 ( 1)  0.008
  40 W   1.00000 0.00000 ( 1)  0.008
  41 F   0.00000 1.00000 ( 2)  0.148
  42 K   0.00000 1.00000 ( 2)  0.148
  43 Y   0.00000 1.00000 ( 2)  0.148
  44 P   0.00000 1.00000 ( 2)  0.148
  45 E   1.00000 0.00000 ( 1)  0.008
  46 P   1.00000 0.00000 ( 1)  0.008
  47 P   1.00000 0.00000 ( 1)  0.008
  48 A   0.63129 0.36871 ( 1)  0.059
  49 S   0.00000 1.00000 ( 2)  0.148
  50 A   1.00000 0.00000 ( 1)  0.008
  51 H   1.00000 0.00000 ( 1)  0.008
  52 T   1.00000 0.00000 ( 1)  0.008
  53 A   1.00000 0.00000 ( 1)  0.008
  54 L   1.00000 0.00000 ( 1)  0.008
  55 C   1.00000 0.00000 ( 1)  0.008
  56 L   1.00000 0.00000 ( 1)  0.008
  57 L   1.00000 0.00000 ( 1)  0.008
  58 Y   1.00000 0.00000 ( 1)  0.008
  59 C   0.00000 1.00000 ( 2)  0.148
  60 F   1.00000 0.00000 ( 1)  0.008
  61 F   0.08169 0.91831 ( 2)  0.136
  62 T   1.00000 0.00000 ( 1)  0.008
  63 A   0.00051 0.99949 ( 2)  0.147
  64 A   1.00000 0.00000 ( 1)  0.008
  65 A   0.04111 0.95889 ( 2)  0.142
  66 L   1.00000 0.00000 ( 1)  0.008
  67 I   0.00000 1.00000 ( 2)  0.148
  68 G   1.00000 0.00000 ( 1)  0.008
  69 N   1.00000 0.00000 ( 1)  0.008
  70 G   1.00000 0.00000 ( 1)  0.008
  71 M   0.00000 1.00000 ( 2)  0.148
  72 V   1.00000 0.00000 ( 1)  0.008
  73 I   1.00000 0.00000 ( 1)  0.008
  74 F   0.99457 0.00543 ( 1)  0.009
  75 I   0.00000 1.00000 ( 2)  0.148
  76 F   1.00000 0.00000 ( 1)  0.008
  77 A   0.00000 1.00000 ( 2)  0.148
  78 S   1.00000 0.00000 ( 1)  0.008
  79 T   1.00000 0.00000 ( 1)  0.008
  80 K   1.00000 0.00000 ( 1)  0.008
  81 S   0.00000 1.00000 ( 2)  0.148
  82 L   1.00000 0.00000 ( 1)  0.008
  83 R   1.00000 0.00000 ( 1)  0.008
  84 T   1.00000 0.00000 ( 1)  0.008
  85 A   0.99578 0.00422 ( 1)  0.008
  86 S   1.00000 0.00000 ( 1)  0.008
  87 N   1.00000 0.00000 ( 1)  0.008
  88 L   0.99353 0.00647 ( 1)  0.009
  89 L   1.00000 0.00000 ( 1)  0.008
  90 I   1.00000 0.00000 ( 1)  0.008
  91 L   1.00000 0.00000 ( 1)  0.008
  92 N   0.00000 1.00000 ( 2)  0.148
  93 L   1.00000 0.00000 ( 1)  0.008
  94 A   0.00017 0.99983 ( 2)  0.148
  95 I   0.00107 0.99893 ( 2)  0.147
  96 F   0.00000 1.00000 ( 2)  0.148
  97 D   1.00000 0.00000 ( 1)  0.008
  98 F   1.00000 0.00000 ( 1)  0.008
  99 I   1.00000 0.00000 ( 1)  0.008
 100 M   1.00000 0.00000 ( 1)  0.008
 101 M   1.00000 0.00000 ( 1)  0.008
 102 L   0.99993 0.00007 ( 1)  0.008
 103 K   1.00000 0.00000 ( 1)  0.008
 104 A   1.00000 0.00000 ( 1)  0.008
 105 P   1.00000 0.00000 ( 1)  0.008
 106 I   0.99997 0.00003 ( 1)  0.008
 107 F   1.00000 0.00000 ( 1)  0.008
 108 I   1.00000 0.00000 ( 1)  0.008
 109 Y   1.00000 0.00000 ( 1)  0.008
 110 N   1.00000 0.00000 ( 1)  0.008
 111 S   1.00000 0.00000 ( 1)  0.008
 112 A   0.00000 1.00000 ( 2)  0.148
 113 M   0.00000 1.00000 ( 2)  0.148
 114 R   0.00000 1.00000 ( 2)  0.148
 115 G   1.00000 0.00000 ( 1)  0.008
 116 F   1.00000 0.00000 ( 1)  0.008
 117 A   1.00000 0.00000 ( 1)  0.008
 118 A   0.00000 1.00000 ( 2)  0.148
 119 G   1.00000 0.00000 ( 1)  0.008
 120 A   0.00000 1.00000 ( 2)  0.148
 121 L   0.00000 1.00000 ( 2)  0.148
 122 W   0.99976 0.00024 ( 1)  0.008
 123 C   1.00000 0.00000 ( 1)  0.008
 124 K   0.00000 1.00000 ( 2)  0.148
 125 I   0.00000 1.00000 ( 2)  0.148
 126 F   1.00000 0.00000 ( 1)  0.008
 127 A   0.00000 1.00000 ( 2)  0.148
 128 V   0.00000 1.00000 ( 2)  0.148
 129 M   1.00000 0.00000 ( 1)  0.008
 130 G   1.00000 0.00000 ( 1)  0.008
 131 S   0.08000 0.92000 ( 2)  0.136
 132 Y   0.56004 0.43996 ( 1)  0.069
 133 S   1.00000 0.00000 ( 1)  0.008
 134 G   1.00000 0.00000 ( 1)  0.008
 135 I   1.00000 0.00000 ( 1)  0.008
 136 G   1.00000 0.00000 ( 1)  0.008
 137 A   1.00000 0.00000 ( 1)  0.008
 138 A   0.00000 1.00000 ( 2)  0.148
 139 M   1.00000 0.00000 ( 1)  0.008
 140 T   1.00000 0.00000 ( 1)  0.008
 141 N   1.00000 0.00000 ( 1)  0.008
 142 A   1.00000 0.00000 ( 1)  0.008
 143 C   1.00000 0.00000 ( 1)  0.008
 144 I   1.00000 0.00000 ( 1)  0.008
 145 A   1.00000 0.00000 ( 1)  0.008
 146 Y   0.99998 0.00002 ( 1)  0.008
 147 D   1.00000 0.00000 ( 1)  0.008
 148 R   1.00000 0.00000 ( 1)  0.008
 149 H   1.00000 0.00000 ( 1)  0.008
 150 S   1.00000 0.00000 ( 1)  0.008
 151 T   1.00000 0.00000 ( 1)  0.008
 152 I   1.00000 0.00000 ( 1)  0.008
 153 T   1.00000 0.00000 ( 1)  0.008
 154 R   1.00000 0.00000 ( 1)  0.008
 155 P   1.00000 0.00000 ( 1)  0.008
 156 L   1.00000 0.00000 ( 1)  0.008
 157 D   1.00000 0.00000 ( 1)  0.008
 158 G   1.00000 0.00000 ( 1)  0.008
 159 R   1.00000 0.00000 ( 1)  0.008
 160 L   1.00000 0.00000 ( 1)  0.008
 161 S   1.00000 0.00000 ( 1)  0.008
 162 R   0.00000 1.00000 ( 2)  0.148
 163 G   1.00000 0.00000 ( 1)  0.008
 164 K   1.00000 0.00000 ( 1)  0.008
 165 V   0.75707 0.24293 ( 1)  0.042
 166 L   0.00000 1.00000 ( 2)  0.148
 167 L   0.99999 0.00001 ( 1)  0.008
 168 M   1.00000 0.00000 ( 1)  0.008
 169 I   0.00000 1.00000 ( 2)  0.148
 170 I   0.00000 1.00000 ( 2)  0.148
 171 C   0.00000 1.00000 ( 2)  0.148
 172 I   0.00000 1.00000 ( 2)  0.148
 173 W   1.00000 0.00000 ( 1)  0.008
 174 I   0.00000 1.00000 ( 2)  0.148
 175 Y   1.00000 0.00000 ( 1)  0.008
 176 T   0.00000 1.00000 ( 2)  0.148
 177 T   1.00000 0.00000 ( 1)  0.008
 178 P   1.00000 0.00000 ( 1)  0.008
 179 W   1.00000 0.00000 ( 1)  0.008
 180 S   0.99983 0.00017 ( 1)  0.008
 181 L   0.00132 0.99868 ( 2)  0.147
 182 M   0.99999 0.00001 ( 1)  0.008
 183 P   1.00000 0.00000 ( 1)  0.008
 184 L   1.00000 0.00000 ( 1)  0.008
 185 F   0.00000 1.00000 ( 2)  0.148
 186 R   0.00000 1.00000 ( 2)  0.148
 187 V   0.02048 0.97952 ( 2)  0.145
 188 W   1.00000 0.00000 ( 1)  0.008
 189 G   1.00000 0.00000 ( 1)  0.008
 190 R   1.00000 0.00000 ( 1)  0.008
 191 F   0.00000 1.00000 ( 2)  0.148
 192 V   1.00000 0.00000 ( 1)  0.008
 193 P   1.00000 0.00000 ( 1)  0.008
 194 E   1.00000 0.00000 ( 1)  0.008
 195 G   1.00000 0.00000 ( 1)  0.008
 196 Y   1.00000 0.00000 ( 1)  0.008
 197 L   1.00000 0.00000 ( 1)  0.008
 198 T   1.00000 0.00000 ( 1)  0.008
 199 S   1.00000 0.00000 ( 1)  0.008
 200 C   1.00000 0.00000 ( 1)  0.008
 201 T   0.00000 1.00000 ( 2)  0.148
 202 F   1.00000 0.00000 ( 1)  0.008
 203 D   1.00000 0.00000 ( 1)  0.008
 204 Y   1.00000 0.00000 ( 1)  0.008
 205 L   1.00000 0.00000 ( 1)  0.008
 206 T   1.00000 0.00000 ( 1)  0.008
 207 N   0.06215 0.93785 ( 2)  0.139
 208 S   0.46539 0.53461 ( 2)  0.083
 209 F   1.00000 0.00000 ( 1)  0.008
 210 D   1.00000 0.00000 ( 1)  0.008
 211 N   1.00000 0.00000 ( 1)  0.008
 212 K   1.00000 0.00000 ( 1)  0.008
 213 L   1.00000 0.00000 ( 1)  0.008
 214 F   1.00000 0.00000 ( 1)  0.008
 215 V   1.00000 0.00000 ( 1)  0.008
 216 G   0.00000 1.00000 ( 2)  0.148
 217 C   1.00000 0.00000 ( 1)  0.008
 218 I   1.00000 0.00000 ( 1)  0.008
 219 F   1.00000 0.00000 ( 1)  0.008
 220 T   0.00000 1.00000 ( 2)  0.148
 221 C   1.00000 0.00000 ( 1)  0.008
 222 S   1.00000 0.00000 ( 1)  0.008
 223 Y   1.00000 0.00000 ( 1)  0.008
 224 V   0.00000 1.00000 ( 2)  0.148
 225 F   0.99380 0.00620 ( 1)  0.009
 226 P   1.00000 0.00000 ( 1)  0.008
 227 M   1.00000 0.00000 ( 1)  0.008
 228 L   0.00000 1.00000 ( 2)  0.148
 229 C   0.00000 1.00000 ( 2)  0.148
 230 I   1.00000 0.00000 ( 1)  0.008
 231 I   0.00000 1.00000 ( 2)  0.148
 232 Y   1.00000 0.00000 ( 1)  0.008
 233 F   1.00000 0.00000 ( 1)  0.008
 234 Y   1.00000 0.00000 ( 1)  0.008
 235 S   1.00000 0.00000 ( 1)  0.008
 236 G   1.00000 0.00000 ( 1)  0.008
 237 I   1.00000 0.00000 ( 1)  0.008
 238 V   1.00000 0.00000 ( 1)  0.008
 239 K   0.99960 0.00040 ( 1)  0.008
 240 Q   1.00000 0.00000 ( 1)  0.008
 241 V   1.00000 0.00000 ( 1)  0.008
 242 F   1.00000 0.00000 ( 1)  0.008
 243 A   1.00000 0.00000 ( 1)  0.008
 244 H   1.00000 0.00000 ( 1)  0.008
 245 E   1.00000 0.00000 ( 1)  0.008
 246 A   1.00000 0.00000 ( 1)  0.008
 247 A   1.00000 0.00000 ( 1)  0.008
 248 L   1.00000 0.00000 ( 1)  0.008
 249 R   1.00000 0.00000 ( 1)  0.008
 250 E   0.99742 0.00258 ( 1)  0.008
 251 Q   1.00000 0.00000 ( 1)  0.008
 252 A   1.00000 0.00000 ( 1)  0.008
 253 K   1.00000 0.00000 ( 1)  0.008
 254 K   1.00000 0.00000 ( 1)  0.008
 255 M   1.00000 0.00000 ( 1)  0.008
 256 N   1.00000 0.00000 ( 1)  0.008
 257 V   1.00000 0.00000 ( 1)  0.008
 258 E   1.00000 0.00000 ( 1)  0.008
 259 S   1.00000 0.00000 ( 1)  0.008
 260 L   1.00000 0.00000 ( 1)  0.008
 261 R   1.00000 0.00000 ( 1)  0.008
 262 S   0.00000 1.00000 ( 2)  0.148
 263 N   1.00000 0.00000 ( 1)  0.008
 264 Q   1.00000 0.00000 ( 1)  0.008
 265 N   0.00000 1.00000 ( 2)  0.148
 266 A   0.00000 1.00000 ( 2)  0.148
 267 G   0.00000 1.00000 ( 2)  0.148
 268 A   0.00000 1.00000 ( 2)  0.148
 269 E   0.00000 1.00000 ( 2)  0.148
 270 S   0.99987 0.00013 ( 1)  0.008
 271 A   1.00000 0.00000 ( 1)  0.008
 272 E   1.00000 0.00000 ( 1)  0.008
 273 I   1.00000 0.00000 ( 1)  0.008
 274 R   1.00000 0.00000 ( 1)  0.008
 275 I   1.00000 0.00000 ( 1)  0.008
 276 A   1.00000 0.00000 ( 1)  0.008
 277 K   1.00000 0.00000 ( 1)  0.008
 278 A   1.00000 0.00000 ( 1)  0.008
 279 A   1.00000 0.00000 ( 1)  0.008
 280 L   1.00000 0.00000 ( 1)  0.008
 281 T   1.00000 0.00000 ( 1)  0.008
 282 V   1.00000 0.00000 ( 1)  0.008
 283 C   1.00000 0.00000 ( 1)  0.008
 284 F   1.00000 0.00000 ( 1)  0.008
 285 L   1.00000 0.00000 ( 1)  0.008
 286 F   0.99618 0.00382 ( 1)  0.008
 287 V   1.00000 0.00000 ( 1)  0.008
 288 A   0.19554 0.80446 ( 2)  0.120
 289 S   1.00000 0.00000 ( 1)  0.008
 290 W   1.00000 0.00000 ( 1)  0.008
 291 T   1.00000 0.00000 ( 1)  0.008
 292 P   1.00000 0.00000 ( 1)  0.008
 293 Y   1.00000 0.00000 ( 1)  0.008
 294 G   1.00000 0.00000 ( 1)  0.008
 295 V   0.13237 0.86763 ( 2)  0.129
 296 M   1.00000 0.00000 ( 1)  0.008
 297 S   0.00000 1.00000 ( 2)  0.148
 298 L   1.00000 0.00000 ( 1)  0.008
 299 I   1.00000 0.00000 ( 1)  0.008
 300 G   1.00000 0.00000 ( 1)  0.008
 301 A   1.00000 0.00000 ( 1)  0.008
 302 F   1.00000 0.00000 ( 1)  0.008
 303 G   1.00000 0.00000 ( 1)  0.008
 304 D   0.00000 1.00000 ( 2)  0.148
 305 Q   0.87858 0.12142 ( 1)  0.025
 306 E   0.00000 1.00000 ( 2)  0.148
 307 L   0.99991 0.00009 ( 1)  0.008
 308 L   1.00000 0.00000 ( 1)  0.008
 309 T   1.00000 0.00000 ( 1)  0.008
 310 P   1.00000 0.00000 ( 1)  0.008
 311 G   1.00000 0.00000 ( 1)  0.008
 312 V   1.00000 0.00000 ( 1)  0.008
 313 T   1.00000 0.00000 ( 1)  0.008
 314 M   1.00000 0.00000 ( 1)  0.008
 315 I   1.00000 0.00000 ( 1)  0.008
 316 P   1.00000 0.00000 ( 1)  0.008
 317 A   1.00000 0.00000 ( 1)  0.008
 318 I   1.00000 0.00000 ( 1)  0.008
 319 T   0.00321 0.99679 ( 2)  0.147
 320 C   1.00000 0.00000 ( 1)  0.008
 321 K   1.00000 0.00000 ( 1)  0.008
 322 A   0.00000 1.00000 ( 2)  0.148
 323 V   1.00000 0.00000 ( 1)  0.008
 324 A   1.00000 0.00000 ( 1)  0.008
 325 C   1.00000 0.00000 ( 1)  0.008
 326 I   1.00000 0.00000 ( 1)  0.008
 327 D   1.00000 0.00000 ( 1)  0.008
 328 P   1.00000 0.00000 ( 1)  0.008
 329 W   1.00000 0.00000 ( 1)  0.008
 330 V   1.00000 0.00000 ( 1)  0.008
 331 Y   1.00000 0.00000 ( 1)  0.008
 332 A   1.00000 0.00000 ( 1)  0.008
 333 I   1.00000 0.00000 ( 1)  0.008
 334 S   1.00000 0.00000 ( 1)  0.008
 335 H   1.00000 0.00000 ( 1)  0.008
 336 P   1.00000 0.00000 ( 1)  0.008
 337 K   1.00000 0.00000 ( 1)  0.008
 338 Y   1.00000 0.00000 ( 1)  0.008
 339 R   1.00000 0.00000 ( 1)  0.008
 340 Q   0.99998 0.00002 ( 1)  0.008
 341 E   1.00000 0.00000 ( 1)  0.008
 342 L   1.00000 0.00000 ( 1)  0.008
 343 Q   1.00000 0.00000 ( 1)  0.008
 344 R   0.00000 1.00000 ( 2)  0.148
 345 R   1.00000 0.00000 ( 1)  0.008
 346 M   1.00000 0.00000 ( 1)  0.008
 347 P   1.00000 0.00000 ( 1)  0.008
 348 W   1.00000 0.00000 ( 1)  0.008
 349 L   1.00000 0.00000 ( 1)  0.008
 350 Q   1.00000 0.00000 ( 1)  0.008
 351 I   1.00000 0.00000 ( 1)  0.008
 352 S   0.00000 1.00000 ( 2)  0.148
 353 E   1.00000 0.00000 ( 1)  0.008
 354 P   1.00000 0.00000 ( 1)  0.008
 355 D   0.00000 1.00000 ( 2)  0.148
 356 D   1.00000 0.00000 ( 1)  0.008
 357 N   0.00000 1.00000 ( 2)  0.148
 358 T   0.00000 1.00000 ( 2)  0.148
 359 S   1.00000 0.00000 ( 1)  0.008
 360 N   0.99849 0.00151 ( 1)  0.008
 361 T   0.00000 1.00000 ( 2)  0.148
 362 S   1.00000 0.00000 ( 1)  0.008
 363 N   0.00000 1.00000 ( 2)  0.148
 364 T   0.00021 0.99979 ( 2)  0.147
 365 T   1.00000 0.00000 ( 1)  0.008
 366 T   0.00000 1.00000 ( 2)  0.148
 367 N   0.00000 1.00000 ( 2)  0.148
 368 S   0.00000 1.00000 ( 2)  0.148
 369 A   0.00000 1.00000 ( 2)  0.148
 370 A   0.00000 1.00000 ( 2)  0.148
 371 P   0.00000 1.00000 ( 2)  0.148

Positively selected sites

	Prob(w>1)  mean w



lnL = -73839.203915

