Supplemental results for CODEML (seqf: align.fa  treef: tree.nwk)


MLEs of dN/dS (w) for site classes (K=4)

site class             0        1       2a       2b
proportion       0.03881  0.00167  0.91986  0.03966
background w     0.03909  1.00000  0.03909  1.00000
foreground w     0.03909  1.00000 24.03211 24.03211

Naive Empirical Bayes (NEB) probabilities for 4 classes
(amino acids refer to 1st sequence: ColCroc|Blue5)

   1 N   0.04080 0.00000 0.95920 0.00000 ( 3)
   2 V   0.04067 0.00000 0.95933 0.00000 ( 3)
   3 N   0.00000 0.04061 0.00000 0.95939 ( 4)
   4 N   0.04062 0.00000 0.95938 0.00000 ( 3)
   5 F   0.04074 0.00000 0.95926 0.00000 ( 3)
   6 S   0.04065 0.00000 0.95935 0.00000 ( 3)
   7 A   0.01826 0.02237 0.43067 0.52871 ( 4)
   8 E   0.00000 0.04058 0.00000 0.95942 ( 4)
   9 A   0.04073 0.00000 0.95927 0.00000 ( 3)
  10 R   0.04064 0.00000 0.95936 0.00000 ( 3)
  11 P   0.04057 0.00000 0.95943 0.00000 ( 3)
  12 V   0.04080 0.00000 0.95920 0.00000 ( 3)
  13 A   0.04059 0.00000 0.95941 0.00000 ( 3)
  14 Y   0.04056 0.00000 0.95943 0.00001 ( 3)
  15 P   0.04057 0.00000 0.95943 0.00000 ( 3)
  16 F   0.04060 0.00000 0.95940 0.00000 ( 3)
  17 K   0.04061 0.00000 0.95939 0.00000 ( 3)
  18 M   0.04079 0.00000 0.95921 0.00000 ( 3)
  19 V   0.04060 0.00000 0.95940 0.00000 ( 3)
  20 S   0.04056 0.00000 0.95944 0.00000 ( 3)
  21 D   0.00000 0.04040 0.00000 0.95960 ( 4)
  22 E   0.04066 0.00000 0.95934 0.00000 ( 3)
  23 V   0.04061 0.00000 0.95939 0.00000 ( 3)
  24 Q   0.04034 0.00000 0.95966 0.00000 ( 3)
  25 Q   0.04067 0.00000 0.95933 0.00000 ( 3)
  26 N   0.04069 0.00000 0.95931 0.00000 ( 3)
  27 M   0.04079 0.00000 0.95921 0.00000 ( 3)
  28 L   0.04058 0.00000 0.95942 0.00000 ( 3)
  29 G   0.04067 0.00000 0.95933 0.00000 ( 3)
  30 W   0.04060 0.00000 0.95940 0.00000 ( 3)
  31 N   0.04075 0.00000 0.95925 0.00000 ( 3)
  32 V   0.04063 0.00000 0.95937 0.00000 ( 3)
  33 P   0.04057 0.00000 0.95943 0.00000 ( 3)
  34 S   0.04061 0.00000 0.95939 0.00000 ( 3)
  35 E   0.04064 0.00000 0.95936 0.00000 ( 3)
  36 Y   0.04059 0.00000 0.95941 0.00000 ( 3)
  37 Q   0.04061 0.00000 0.95939 0.00000 ( 3)
  38 D   0.04074 0.00000 0.95926 0.00000 ( 3)
  39 L   0.04060 0.00000 0.95940 0.00000 ( 3)
  40 V   0.04074 0.00000 0.95926 0.00000 ( 3)
  41 H   0.04069 0.00000 0.95931 0.00000 ( 3)
  42 D   0.03954 0.00000 0.96046 0.00000 ( 3)
  43 H   0.04069 0.00000 0.95931 0.00000 ( 3)
  44 W   0.04060 0.00000 0.95940 0.00000 ( 3)
  45 R   0.04059 0.00000 0.95941 0.00000 ( 3)
  46 N   0.04074 0.00000 0.95926 0.00000 ( 3)
  47 F   0.04076 0.00000 0.95924 0.00000 ( 3)
  48 A   0.04057 0.00000 0.95943 0.00000 ( 3)
  49 A   0.04060 0.00000 0.95940 0.00000 ( 3)
  50 I   0.04075 0.00000 0.95925 0.00000 ( 3)
  51 D   0.04072 0.00000 0.95928 0.00000 ( 3)
  52 K   0.04068 0.00000 0.95932 0.00000 ( 3)
  53 F   0.04067 0.00000 0.95933 0.00000 ( 3)
  54 W   0.04060 0.00000 0.95940 0.00000 ( 3)
  55 H   0.04069 0.00000 0.95931 0.00000 ( 3)
  56 Y   0.04067 0.00000 0.95933 0.00000 ( 3)
  57 C   0.03798 0.00000 0.96202 0.00000 ( 3)
  58 L   0.04061 0.00000 0.95939 0.00000 ( 3)
  59 A   0.04067 0.00000 0.95933 0.00000 ( 3)
  60 L   0.04071 0.00000 0.95929 0.00000 ( 3)
  61 I   0.04077 0.00000 0.95923 0.00000 ( 3)
  62 Y   0.04067 0.00000 0.95933 0.00000 ( 3)
  63 M   0.04073 0.00000 0.95927 0.00000 ( 3)
  64 I   0.04073 0.00000 0.95927 0.00000 ( 3)
  65 L   0.04066 0.00000 0.95934 0.00000 ( 3)
  66 W   0.04080 0.00000 0.95920 0.00000 ( 3)
  67 I   0.02825 0.00163 0.93164 0.03848 ( 3)
  68 S   0.04071 0.00000 0.95929 0.00000 ( 3)
  69 S   0.04060 0.00000 0.95940 0.00000 ( 3)
  70 V   0.04071 0.00000 0.95929 0.00000 ( 3)
  71 C   0.03557 0.00000 0.96443 0.00000 ( 3)
  72 G   0.04069 0.00000 0.95931 0.00000 ( 3)
  73 N   0.04062 0.00000 0.95938 0.00000 ( 3)
  74 G   0.04057 0.00000 0.95943 0.00000 ( 3)
  75 I   0.04078 0.00000 0.95922 0.00000 ( 3)
  76 V   0.04074 0.00000 0.95926 0.00000 ( 3)
  77 V   0.04063 0.00000 0.95937 0.00000 ( 3)
  78 W   0.04060 0.00000 0.95940 0.00000 ( 3)
  79 I   0.04067 0.00000 0.95933 0.00000 ( 3)
  80 F   0.04062 0.00000 0.95938 0.00000 ( 3)
  81 S   0.04072 0.00000 0.95928 0.00000 ( 3)
  82 T   0.04059 0.00000 0.95941 0.00000 ( 3)
  83 S   0.04056 0.00000 0.95944 0.00000 ( 3)
  84 K   0.04062 0.00000 0.95938 0.00000 ( 3)
  85 S   0.04069 0.00000 0.95931 0.00000 ( 3)
  86 L   0.04070 0.00000 0.95930 0.00000 ( 3)
  87 R   0.04053 0.00000 0.95947 0.00000 ( 3)
  88 S   0.04060 0.00000 0.95940 0.00000 ( 3)
  89 A   0.04059 0.00000 0.95941 0.00000 ( 3)
  90 S   0.04072 0.00000 0.95928 0.00000 ( 3)
  91 N   0.04075 0.00000 0.95925 0.00000 ( 3)
  92 M   0.04080 0.00000 0.95920 0.00000 ( 3)
  93 F   0.04076 0.00000 0.95924 0.00000 ( 3)
  94 I   0.04069 0.00000 0.95931 0.00000 ( 3)
  95 V   0.04068 0.00000 0.95932 0.00000 ( 3)
  96 N   0.04075 0.00000 0.95925 0.00000 ( 3)
  97 L   0.04060 0.00000 0.95940 0.00000 ( 3)
  98 A   0.04060 0.00000 0.95940 0.00000 ( 3)
  99 L   0.04068 0.00000 0.95932 0.00000 ( 3)
 100 F   0.04076 0.00000 0.95924 0.00000 ( 3)
 101 D   0.04074 0.00000 0.95926 0.00000 ( 3)
 102 M   0.04061 0.00000 0.95939 0.00000 ( 3)
 103 V   0.04080 0.00000 0.95920 0.00000 ( 3)
 104 M   0.04080 0.00000 0.95920 0.00000 ( 3)
 105 M   0.04080 0.00000 0.95920 0.00000 ( 3)
 106 I   0.04006 0.00054 0.94656 0.01283 ( 3)
 107 E   0.04068 0.00000 0.95932 0.00000 ( 3)
 108 M   0.04080 0.00000 0.95920 0.00000 ( 3)
 109 P   0.04063 0.00000 0.95937 0.00000 ( 3)
 110 H   0.04061 0.00000 0.95939 0.00000 ( 3)
 111 L   0.04071 0.00000 0.95929 0.00000 ( 3)
 112 I   0.04079 0.00000 0.95921 0.00000 ( 3)
 113 I   0.00000 0.04057 0.00000 0.95943 ( 4)
 114 N   0.04075 0.00000 0.95925 0.00000 ( 3)
 115 S   0.04064 0.00000 0.95936 0.00000 ( 3)
 116 F   0.04076 0.00000 0.95924 0.00000 ( 3)
 117 Y   0.04064 0.00000 0.95936 0.00000 ( 3)
 118 Q   0.04062 0.00000 0.95938 0.00000 ( 3)
 119 K   0.04059 0.00000 0.95941 0.00000 ( 3)
 120 M   0.04060 0.00000 0.95940 0.00000 ( 3)
 121 I   0.04069 0.00000 0.95931 0.00000 ( 3)
 122 G   0.04069 0.00000 0.95931 0.00000 ( 3)
 123 Y   0.04067 0.00000 0.95933 0.00000 ( 3)
 124 Q   0.04062 0.00000 0.95938 0.00000 ( 3)
 125 V   0.04071 0.00000 0.95929 0.00000 ( 3)
 126 G   0.04069 0.00000 0.95931 0.00000 ( 3)
 127 C   0.04065 0.00000 0.95935 0.00000 ( 3)
 128 D   0.04071 0.00000 0.95929 0.00000 ( 3)
 129 I   0.04067 0.00000 0.95933 0.00000 ( 3)
 130 Y   0.04067 0.00000 0.95933 0.00000 ( 3)
 131 A   0.04065 0.00000 0.95935 0.00000 ( 3)
 132 T   0.04065 0.00000 0.95935 0.00000 ( 3)
 133 L   0.04060 0.00000 0.95940 0.00000 ( 3)
 134 G   0.04069 0.00000 0.95931 0.00000 ( 3)
 135 S   0.04063 0.00000 0.95937 0.00000 ( 3)
 136 I   0.04048 0.00000 0.95952 0.00000 ( 3)
 137 S   0.04057 0.00000 0.95943 0.00000 ( 3)
 138 G   0.04069 0.00000 0.95931 0.00000 ( 3)
 139 I   0.04068 0.00000 0.95932 0.00000 ( 3)
 140 G   0.04057 0.00000 0.95943 0.00000 ( 3)
 141 A   0.04057 0.00000 0.95943 0.00000 ( 3)
 142 A   0.04059 0.00000 0.95941 0.00000 ( 3)
 143 I   0.04065 0.00000 0.95935 0.00000 ( 3)
 144 S   0.04060 0.00000 0.95940 0.00000 ( 3)
 145 N   0.04062 0.00000 0.95938 0.00000 ( 3)
 146 A   0.04059 0.00000 0.95941 0.00000 ( 3)
 147 V   0.04062 0.00000 0.95938 0.00000 ( 3)
 148 I   0.04064 0.00000 0.95936 0.00000 ( 3)
 149 A   0.04059 0.00000 0.95941 0.00000 ( 3)
 150 Y   0.04062 0.00000 0.95938 0.00000 ( 3)
 151 D   0.04062 0.00000 0.95938 0.00000 ( 3)
 152 R   0.04059 0.00000 0.95941 0.00000 ( 3)
 153 Y   0.04066 0.00000 0.95934 0.00000 ( 3)
 154 K   0.04062 0.00000 0.95938 0.00000 ( 3)
 155 T   0.04067 0.00000 0.95933 0.00000 ( 3)
 156 I   0.04067 0.00000 0.95933 0.00000 ( 3)
 157 S   0.04056 0.00000 0.95944 0.00000 ( 3)
 158 C   0.04059 0.00000 0.95941 0.00000 ( 3)
 159 P   0.04057 0.00000 0.95943 0.00000 ( 3)
 160 I   0.04059 0.00000 0.95941 0.00000 ( 3)
 161 D   0.04064 0.00000 0.95936 0.00000 ( 3)
 162 G   0.04057 0.00000 0.95943 0.00000 ( 3)
 163 R   0.04059 0.00000 0.95941 0.00000 ( 3)
 164 I   0.04067 0.00000 0.95933 0.00000 ( 3)
 165 N   0.04069 0.00000 0.95931 0.00000 ( 3)
 166 K   0.04062 0.00000 0.95938 0.00000 ( 3)
 167 V   0.04069 0.00000 0.95931 0.00000 ( 3)
 168 Q   0.04057 0.00000 0.95943 0.00000 ( 3)
 169 A   0.04067 0.00000 0.95933 0.00000 ( 3)
 170 S   0.00000 0.04056 0.00000 0.95944 ( 4)
 171 I   0.04056 0.00000 0.95944 0.00000 ( 3)
 172 L   0.04061 0.00000 0.95939 0.00000 ( 3)
 173 I   0.04076 0.00000 0.95924 0.00000 ( 3)
 174 A   0.00000 0.04055 0.00006 0.95939 ( 4)
 175 F   0.04076 0.00000 0.95924 0.00000 ( 3)
 176 T   0.04066 0.00000 0.95934 0.00000 ( 3)
 177 W   0.04060 0.00000 0.95940 0.00000 ( 3)
 178 F   0.04075 0.00000 0.95925 0.00000 ( 3)
 179 W   0.04060 0.00000 0.95940 0.00000 ( 3)
 180 T   0.04066 0.00000 0.95934 0.00000 ( 3)
 181 L   0.00002 0.04052 0.00048 0.95898 ( 4)
 182 P   0.04057 0.00000 0.95943 0.00000 ( 3)
 183 F   0.04076 0.00000 0.95924 0.00000 ( 3)
 184 T   0.04062 0.00000 0.95938 0.00000 ( 3)
 185 I   0.04067 0.00000 0.95933 0.00000 ( 3)
 186 L   0.04061 0.00000 0.95939 0.00000 ( 3)
 187 P   0.04057 0.00000 0.95943 0.00000 ( 3)
 188 L   0.04063 0.00000 0.95937 0.00000 ( 3)
 189 L   0.04075 0.00000 0.95925 0.00000 ( 3)
 190 K   0.03986 0.00000 0.96014 0.00000 ( 3)
 191 V   0.03833 0.00000 0.96167 0.00000 ( 3)
 192 W   0.04060 0.00000 0.95940 0.00000 ( 3)
 193 G   0.04057 0.00000 0.95943 0.00000 ( 3)
 194 K   0.04054 0.00000 0.95946 0.00000 ( 3)
 195 F   0.04062 0.00000 0.95938 0.00000 ( 3)
 196 V   0.04060 0.00000 0.95940 0.00000 ( 3)
 197 P   0.04057 0.00000 0.95943 0.00000 ( 3)
 198 E   0.04068 0.00000 0.95932 0.00000 ( 3)
 199 G   0.04058 0.00000 0.95942 0.00000 ( 3)
 200 F   0.04076 0.00000 0.95924 0.00000 ( 3)
 201 L   0.04056 0.00000 0.95944 0.00000 ( 3)
 202 T   0.04060 0.00000 0.95940 0.00000 ( 3)
 203 T   0.04067 0.00000 0.95933 0.00000 ( 3)
 204 C   0.04060 0.00000 0.95940 0.00000 ( 3)
 205 S   0.04062 0.00000 0.95938 0.00000 ( 3)
 206 F   0.04076 0.00000 0.95924 0.00000 ( 3)
 207 D   0.04074 0.00000 0.95926 0.00000 ( 3)
 208 Y   0.04067 0.00000 0.95933 0.00000 ( 3)
 209 F   0.04076 0.00000 0.95924 0.00000 ( 3)
 210 T   0.04067 0.00000 0.95933 0.00000 ( 3)
 211 D   0.04064 0.00000 0.95936 0.00000 ( 3)
 212 D   0.04074 0.00000 0.95926 0.00000 ( 3)
 213 E   0.04062 0.00000 0.95938 0.00000 ( 3)
 214 D   0.04074 0.00000 0.95926 0.00000 ( 3)
 215 T   0.04067 0.00000 0.95933 0.00000 ( 3)
 216 K   0.04068 0.00000 0.95932 0.00000 ( 3)
 217 V   0.04069 0.00000 0.95931 0.00000 ( 3)
 218 F   0.04076 0.00000 0.95924 0.00000 ( 3)
 219 V   0.04069 0.00000 0.95931 0.00000 ( 3)
 220 A   0.04073 0.00000 0.95927 0.00000 ( 3)
 221 C   0.04067 0.00000 0.95933 0.00000 ( 3)
 222 I   0.04079 0.00000 0.95921 0.00000 ( 3)
 223 F   0.04076 0.00000 0.95924 0.00000 ( 3)
 224 V   0.04069 0.00000 0.95931 0.00000 ( 3)
 225 W   0.04060 0.00000 0.95940 0.00000 ( 3)
 226 S   0.04072 0.00000 0.95928 0.00000 ( 3)
 227 Y   0.04067 0.00000 0.95933 0.00000 ( 3)
 228 C   0.03537 0.00000 0.96463 0.00000 ( 3)
 229 F   0.04078 0.00000 0.95922 0.00000 ( 3)
 230 P   0.04068 0.00000 0.95932 0.00000 ( 3)
 231 M   0.04080 0.00000 0.95920 0.00000 ( 3)
 232 A   0.00000 0.04050 0.00000 0.95950 ( 4)
 233 L   0.04071 0.00000 0.95929 0.00000 ( 3)
 234 I   0.04079 0.00000 0.95921 0.00000 ( 3)
 235 C   0.04067 0.00000 0.95933 0.00000 ( 3)
 236 I   0.04057 0.00000 0.95943 0.00000 ( 3)
 237 F   0.04076 0.00000 0.95924 0.00000 ( 3)
 238 Y   0.04067 0.00000 0.95933 0.00000 ( 3)
 239 S   0.04062 0.00000 0.95938 0.00000 ( 3)
 240 K   0.04061 0.00000 0.95939 0.00000 ( 3)
 241 L   0.04061 0.00000 0.95939 0.00000 ( 3)
 242 F   0.04062 0.00000 0.95938 0.00000 ( 3)
 243 T   0.04057 0.00000 0.95943 0.00000 ( 3)
 244 A   0.04059 0.00000 0.95941 0.00000 ( 3)
 245 V   0.04067 0.00000 0.95933 0.00000 ( 3)
 246 R   0.04055 0.00000 0.95945 0.00000 ( 3)
 247 L   0.04064 0.00000 0.95936 0.00000 ( 3)
 248 H   0.04069 0.00000 0.95931 0.00000 ( 3)
 249 E   0.04068 0.00000 0.95932 0.00000 ( 3)
 250 K   0.04059 0.00000 0.95941 0.00000 ( 3)
 251 M   0.04080 0.00000 0.95920 0.00000 ( 3)
 252 L   0.04061 0.00000 0.95939 0.00000 ( 3)
 253 K   0.00000 0.04056 0.00000 0.95944 ( 4)
 254 E   0.04068 0.00000 0.95932 0.00000 ( 3)
 255 Q   0.04057 0.00000 0.95943 0.00000 ( 3)
 256 A   0.04068 0.00000 0.95932 0.00000 ( 3)
 257 K   0.04068 0.00000 0.95932 0.00000 ( 3)
 258 K   0.04068 0.00000 0.95932 0.00000 ( 3)
 259 M   0.04080 0.00000 0.95920 0.00000 ( 3)
 260 N   0.04075 0.00000 0.95925 0.00000 ( 3)
 261 V   0.04069 0.00000 0.95931 0.00000 ( 3)
 262 K   0.04068 0.00000 0.95932 0.00000 ( 3)
 263 S   0.04064 0.00000 0.95936 0.00000 ( 3)
 264 L   0.04061 0.00000 0.95939 0.00000 ( 3)
 265 A   0.04060 0.00000 0.95940 0.00000 ( 3)
 266 S   0.04042 0.00000 0.95958 0.00000 ( 3)
 267 N   0.04075 0.00000 0.95925 0.00000 ( 3)
 268 K   0.04062 0.00000 0.95938 0.00000 ( 3)
 269 E   0.04063 0.00000 0.95937 0.00000 ( 3)
 270 D   0.04062 0.00000 0.95938 0.00000 ( 3)
 271 A   0.04073 0.00000 0.95927 0.00000 ( 3)
 272 G   0.04037 0.00000 0.95963 0.00000 ( 3)
 273 K   0.04068 0.00000 0.95932 0.00000 ( 3)
 274 S   0.04072 0.00000 0.95928 0.00000 ( 3)
 275 V   0.04066 0.00000 0.95934 0.00000 ( 3)
 276 E   0.04068 0.00000 0.95932 0.00000 ( 3)
 277 I   0.04078 0.00000 0.95922 0.00000 ( 3)
 278 R   0.04060 0.00000 0.95940 0.00000 ( 3)
 279 I   0.04069 0.00000 0.95931 0.00000 ( 3)
 280 A   0.04059 0.00000 0.95941 0.00000 ( 3)
 281 K   0.04062 0.00000 0.95938 0.00000 ( 3)
 282 V   0.04069 0.00000 0.95931 0.00000 ( 3)
 283 A   0.04072 0.00000 0.95928 0.00000 ( 3)
 284 F   0.04076 0.00000 0.95924 0.00000 ( 3)
 285 T   0.04060 0.00000 0.95940 0.00000 ( 3)
 286 I   0.04068 0.00000 0.95932 0.00000 ( 3)
 287 F   0.04076 0.00000 0.95924 0.00000 ( 3)
 288 F   0.04075 0.00000 0.95925 0.00000 ( 3)
 289 L   0.04060 0.00000 0.95940 0.00000 ( 3)
 290 F   0.04076 0.00000 0.95924 0.00000 ( 3)
 291 V   0.04070 0.00000 0.95930 0.00000 ( 3)
 292 C   0.04058 0.00000 0.95942 0.00000 ( 3)
 293 A   0.04067 0.00000 0.95933 0.00000 ( 3)
 294 W   0.04060 0.00000 0.95940 0.00000 ( 3)
 295 T   0.04067 0.00000 0.95933 0.00000 ( 3)
 296 P   0.04063 0.00000 0.95937 0.00000 ( 3)
 297 Y   0.04067 0.00000 0.95933 0.00000 ( 3)
 298 A   0.04060 0.00000 0.95940 0.00000 ( 3)
 299 V   0.04075 0.00000 0.95925 0.00000 ( 3)
 300 V   0.04065 0.00000 0.95935 0.00000 ( 3)
 301 T   0.04069 0.00000 0.95931 0.00000 ( 3)
 302 M   0.04080 0.00000 0.95920 0.00000 ( 3)
 303 I   0.04059 0.00000 0.95941 0.00000 ( 3)
 304 G   0.04057 0.00000 0.95943 0.00000 ( 3)
 305 A   0.04059 0.00000 0.95941 0.00000 ( 3)
 306 F   0.04062 0.00000 0.95938 0.00000 ( 3)
 307 G   0.04057 0.00000 0.95943 0.00000 ( 3)
 308 D   0.04074 0.00000 0.95926 0.00000 ( 3)
 309 R   0.04067 0.00000 0.95933 0.00000 ( 3)
 310 S   0.00000 0.04058 0.00000 0.95942 ( 4)
 311 L   0.04056 0.00000 0.95944 0.00000 ( 3)
 312 L   0.04060 0.00000 0.95940 0.00000 ( 3)
 313 T   0.04059 0.00000 0.95941 0.00000 ( 3)
 314 P   0.04057 0.00000 0.95943 0.00000 ( 3)
 315 H   0.04061 0.00000 0.95939 0.00000 ( 3)
 316 V   0.04067 0.00000 0.95933 0.00000 ( 3)
 317 T   0.04067 0.00000 0.95933 0.00000 ( 3)
 318 M   0.04080 0.00000 0.95920 0.00000 ( 3)
 319 I   0.04061 0.00000 0.95939 0.00000 ( 3)
 320 P   0.04057 0.00000 0.95943 0.00000 ( 3)
 321 A   0.04059 0.00000 0.95941 0.00000 ( 3)
 322 V   0.04069 0.00000 0.95931 0.00000 ( 3)
 323 F   0.04067 0.00000 0.95933 0.00000 ( 3)
 324 A   0.04034 0.00000 0.95966 0.00000 ( 3)
 325 K   0.04064 0.00000 0.95936 0.00000 ( 3)
 326 S   0.00685 0.00000 0.99315 0.00000 ( 3)
 327 V   0.04070 0.00000 0.95930 0.00000 ( 3)
 328 S   0.04069 0.00000 0.95931 0.00000 ( 3)
 329 C   0.04067 0.00000 0.95933 0.00000 ( 3)
 330 I   0.04067 0.00000 0.95933 0.00000 ( 3)
 331 D   0.04073 0.00000 0.95927 0.00000 ( 3)
 332 P   0.04057 0.00000 0.95943 0.00000 ( 3)
 333 W   0.04060 0.00000 0.95940 0.00000 ( 3)
 334 V   0.04069 0.00000 0.95931 0.00000 ( 3)
 335 Y   0.04058 0.00000 0.95942 0.00000 ( 3)
 336 A   0.04073 0.00000 0.95927 0.00000 ( 3)
 337 I   0.04075 0.00000 0.95925 0.00000 ( 3)
 338 N   0.04066 0.00000 0.95934 0.00000 ( 3)
 339 H   0.04058 0.00000 0.95942 0.00000 ( 3)
 340 P   0.04057 0.00000 0.95943 0.00000 ( 3)
 341 R   0.04059 0.00000 0.95941 0.00000 ( 3)
 342 Y   0.04067 0.00000 0.95933 0.00000 ( 3)
 343 R   0.04067 0.00000 0.95933 0.00000 ( 3)
 344 A   0.04067 0.00000 0.95933 0.00000 ( 3)
 345 E   0.04065 0.00000 0.95935 0.00000 ( 3)
 346 L   0.04060 0.00000 0.95940 0.00000 ( 3)
 347 Q   0.04061 0.00000 0.95939 0.00000 ( 3)
 348 K   0.04068 0.00000 0.95932 0.00000 ( 3)
 349 R   0.04054 0.00000 0.95946 0.00000 ( 3)
 350 L   0.04059 0.00000 0.95941 0.00000 ( 3)
 351 P   0.04057 0.00000 0.95943 0.00000 ( 3)
 352 W   0.04060 0.00000 0.95940 0.00000 ( 3)
 353 M   0.04039 0.00000 0.95961 0.00000 ( 3)
 354 G   0.04057 0.00000 0.95943 0.00000 ( 3)
 355 V   0.04074 0.00000 0.95926 0.00000 ( 3)
 356 R   0.04064 0.00000 0.95936 0.00000 ( 3)
 357 E   0.04062 0.00000 0.95938 0.00000 ( 3)
 358 P   0.00000 0.04044 0.00000 0.95956 ( 4)
 359 D   0.04074 0.00000 0.95926 0.00000 ( 3)
 360 P   0.04057 0.00000 0.95943 0.00000 ( 3)
 361 E   0.04074 0.00000 0.95926 0.00000 ( 3)
 362 T   0.00000 0.04049 0.00000 0.95951 ( 4)
 363 Q   0.04069 0.00000 0.95931 0.00000 ( 3)
 364 S   0.04069 0.00000 0.95931 0.00000 ( 3)
 365 S   0.04062 0.00000 0.95938 0.00000 ( 3)
 366 N   0.04072 0.00000 0.95928 0.00000 ( 3)
 367 A   0.04045 0.00000 0.95955 0.00000 ( 3)
 368 S   0.04072 0.00000 0.95928 0.00000 ( 3)
 369 T   0.04072 0.00000 0.95928 0.00000 ( 3)
 370 T   0.04073 0.00000 0.95927 0.00000 ( 3)
 371 Q   0.03890 0.00000 0.96110 0.00000 ( 3)
 372 S   0.00086 0.03975 0.02025 0.93914 ( 4)
 373 Q   0.04058 0.00000 0.95942 0.00000 ( 3)
 374 S   0.00000 0.04055 0.00000 0.95945 ( 4)
 375 A   0.00000 0.04035 0.00000 0.95965 ( 4)
 376 D   0.04061 0.00000 0.95939 0.00000 ( 3)
 377 A   0.04059 0.00000 0.95941 0.00000 ( 3)


lnL = -74021.849391

Bayes Empirical Bayes (BEB) probabilities for 4 classes (class)
(amino acids refer to 1st sequence: ColCroc|Blue5)

   1 N   0.84273 0.00000 0.15727 0.00000 ( 1)
   2 V   0.84263 0.00000 0.15737 0.00000 ( 1)
   3 N   0.00000 0.84258 0.00000 0.15742 ( 2)
   4 N   0.84259 0.00000 0.15741 0.00000 ( 1)
   5 F   0.84269 0.00000 0.15731 0.00000 ( 1)
   6 S   0.84261 0.00000 0.15739 0.00000 ( 1)
   7 A   0.84259 0.00004 0.15736 0.00001 ( 1)
   8 E   0.00000 0.84255 0.00000 0.15745 ( 2)
   9 A   0.84268 0.00000 0.15732 0.00000 ( 1)
  10 R   0.84261 0.00000 0.15739 0.00000 ( 1)
  11 P   0.84256 0.00000 0.15744 0.00000 ( 1)
  12 V   0.84273 0.00000 0.15727 0.00000 ( 1)
  13 A   0.84257 0.00000 0.15743 0.00000 ( 1)
  14 Y   0.84255 0.00000 0.15745 0.00000 ( 1)
  15 P   0.84255 0.00000 0.15745 0.00000 ( 1)
  16 F   0.84257 0.00000 0.15743 0.00000 ( 1)
  17 K   0.84259 0.00000 0.15741 0.00000 ( 1)
  18 M   0.84272 0.00000 0.15728 0.00000 ( 1)
  19 V   0.84258 0.00000 0.15742 0.00000 ( 1)
  20 S   0.84254 0.00000 0.15746 0.00000 ( 1)
  21 D   0.00001 0.84242 0.00000 0.15757 ( 2)
  22 E   0.84262 0.00000 0.15738 0.00000 ( 1)
  23 V   0.84258 0.00000 0.15742 0.00000 ( 1)
  24 Q   0.84238 0.00000 0.15762 0.00000 ( 1)
  25 Q   0.84263 0.00000 0.15737 0.00000 ( 1)
  26 N   0.84265 0.00000 0.15735 0.00000 ( 1)
  27 M   0.84273 0.00000 0.15727 0.00000 ( 1)
  28 L   0.84256 0.00000 0.15744 0.00000 ( 1)
  29 G   0.84263 0.00000 0.15737 0.00000 ( 1)
  30 W   0.84258 0.00000 0.15742 0.00000 ( 1)
  31 N   0.84269 0.00000 0.15731 0.00000 ( 1)
  32 V   0.84260 0.00000 0.15740 0.00000 ( 1)
  33 P   0.84255 0.00000 0.15745 0.00000 ( 1)
  34 S   0.84259 0.00000 0.15741 0.00000 ( 1)
  35 E   0.84261 0.00000 0.15739 0.00000 ( 1)
  36 Y   0.84257 0.00000 0.15743 0.00000 ( 1)
  37 Q   0.84259 0.00000 0.15741 0.00000 ( 1)
  38 D   0.84268 0.00000 0.15732 0.00000 ( 1)
  39 L   0.84258 0.00000 0.15742 0.00000 ( 1)
  40 V   0.84268 0.00000 0.15732 0.00000 ( 1)
  41 H   0.84265 0.00000 0.15735 0.00000 ( 1)
  42 D   0.84204 0.00000 0.15796 0.00000 ( 1)
  43 H   0.84265 0.00000 0.15735 0.00000 ( 1)
  44 W   0.84258 0.00000 0.15742 0.00000 ( 1)
  45 R   0.84257 0.00000 0.15743 0.00000 ( 1)
  46 N   0.84268 0.00000 0.15732 0.00000 ( 1)
  47 F   0.84270 0.00000 0.15730 0.00000 ( 1)
  48 A   0.84255 0.00000 0.15745 0.00000 ( 1)
  49 A   0.84258 0.00000 0.15742 0.00000 ( 1)
  50 I   0.84269 0.00000 0.15731 0.00000 ( 1)
  51 D   0.84267 0.00000 0.15733 0.00000 ( 1)
  52 K   0.84264 0.00000 0.15736 0.00000 ( 1)
  53 F   0.84263 0.00000 0.15737 0.00000 ( 1)
  54 W   0.84258 0.00000 0.15742 0.00000 ( 1)
  55 H   0.84265 0.00000 0.15735 0.00000 ( 1)
  56 Y   0.84263 0.00000 0.15737 0.00000 ( 1)
  57 C   0.84067 0.00000 0.15933 0.00000 ( 1)
  58 L   0.84258 0.00000 0.15742 0.00000 ( 1)
  59 A   0.84262 0.00000 0.15738 0.00000 ( 1)
  60 L   0.84266 0.00000 0.15734 0.00000 ( 1)
  61 I   0.84271 0.00000 0.15729 0.00000 ( 1)
  62 Y   0.84263 0.00000 0.15737 0.00000 ( 1)
  63 M   0.84268 0.00000 0.15732 0.00000 ( 1)
  64 I   0.84268 0.00000 0.15732 0.00000 ( 1)
  65 L   0.84262 0.00000 0.15738 0.00000 ( 1)
  66 W   0.84273 0.00000 0.15727 0.00000 ( 1)
  67 I   0.83512 0.00000 0.16487 0.00000 ( 1)
  68 S   0.84266 0.00000 0.15734 0.00000 ( 1)
  69 S   0.84257 0.00000 0.15743 0.00000 ( 1)
  70 V   0.84266 0.00000 0.15734 0.00000 ( 1)
  71 C   0.83908 0.00000 0.16092 0.00000 ( 1)
  72 G   0.84264 0.00000 0.15736 0.00000 ( 1)
  73 N   0.84259 0.00000 0.15741 0.00000 ( 1)
  74 G   0.84255 0.00000 0.15745 0.00000 ( 1)
  75 I   0.84272 0.00000 0.15728 0.00000 ( 1)
  76 V   0.84268 0.00000 0.15732 0.00000 ( 1)
  77 V   0.84260 0.00000 0.15740 0.00000 ( 1)
  78 W   0.84258 0.00000 0.15742 0.00000 ( 1)
  79 I   0.84263 0.00000 0.15737 0.00000 ( 1)
  80 F   0.84259 0.00000 0.15741 0.00000 ( 1)
  81 S   0.84267 0.00000 0.15733 0.00000 ( 1)
  82 T   0.84257 0.00000 0.15743 0.00000 ( 1)
  83 S   0.84254 0.00000 0.15746 0.00000 ( 1)
  84 K   0.84259 0.00000 0.15741 0.00000 ( 1)
  85 S   0.84264 0.00000 0.15736 0.00000 ( 1)
  86 L   0.84265 0.00000 0.15735 0.00000 ( 1)
  87 R   0.84252 0.00000 0.15748 0.00000 ( 1)
  88 S   0.84258 0.00000 0.15742 0.00000 ( 1)
  89 A   0.84257 0.00000 0.15743 0.00000 ( 1)
  90 S   0.84267 0.00000 0.15733 0.00000 ( 1)
  91 N   0.84269 0.00000 0.15731 0.00000 ( 1)
  92 M   0.84273 0.00000 0.15727 0.00000 ( 1)
  93 F   0.84270 0.00000 0.15730 0.00000 ( 1)
  94 I   0.84265 0.00000 0.15735 0.00000 ( 1)
  95 V   0.84264 0.00000 0.15736 0.00000 ( 1)
  96 N   0.84269 0.00000 0.15731 0.00000 ( 1)
  97 L   0.84258 0.00000 0.15742 0.00000 ( 1)
  98 A   0.84257 0.00000 0.15743 0.00000 ( 1)
  99 L   0.84264 0.00000 0.15736 0.00000 ( 1)
 100 F   0.84270 0.00000 0.15730 0.00000 ( 1)
 101 D   0.84269 0.00000 0.15731 0.00000 ( 1)
 102 M   0.84258 0.00000 0.15742 0.00000 ( 1)
 103 V   0.84273 0.00000 0.15727 0.00000 ( 1)
 104 M   0.84273 0.00000 0.15727 0.00000 ( 1)
 105 M   0.84273 0.00000 0.15727 0.00000 ( 1)
 106 I   0.84257 0.00001 0.15742 0.00000 ( 1)
 107 E   0.84264 0.00000 0.15736 0.00000 ( 1)
 108 M   0.84273 0.00000 0.15727 0.00000 ( 1)
 109 P   0.84260 0.00000 0.15740 0.00000 ( 1)
 110 H   0.84258 0.00000 0.15742 0.00000 ( 1)
 111 L   0.84266 0.00000 0.15734 0.00000 ( 1)
 112 I   0.84272 0.00000 0.15728 0.00000 ( 1)
 113 I   0.00001 0.84254 0.00000 0.15745 ( 2)
 114 N   0.84269 0.00000 0.15731 0.00000 ( 1)
 115 S   0.84261 0.00000 0.15739 0.00000 ( 1)
 116 F   0.84270 0.00000 0.15730 0.00000 ( 1)
 117 Y   0.84261 0.00000 0.15739 0.00000 ( 1)
 118 Q   0.84259 0.00000 0.15741 0.00000 ( 1)
 119 K   0.84257 0.00000 0.15743 0.00000 ( 1)
 120 M   0.84258 0.00000 0.15742 0.00000 ( 1)
 121 I   0.84264 0.00000 0.15736 0.00000 ( 1)
 122 G   0.84265 0.00000 0.15735 0.00000 ( 1)
 123 Y   0.84263 0.00000 0.15737 0.00000 ( 1)
 124 Q   0.84259 0.00000 0.15741 0.00000 ( 1)
 125 V   0.84266 0.00000 0.15734 0.00000 ( 1)
 126 G   0.84265 0.00000 0.15735 0.00000 ( 1)
 127 C   0.84261 0.00000 0.15739 0.00000 ( 1)
 128 D   0.84266 0.00000 0.15734 0.00000 ( 1)
 129 I   0.84263 0.00000 0.15737 0.00000 ( 1)
 130 Y   0.84263 0.00000 0.15737 0.00000 ( 1)
 131 A   0.84261 0.00000 0.15739 0.00000 ( 1)
 132 T   0.84262 0.00000 0.15738 0.00000 ( 1)
 133 L   0.84258 0.00000 0.15742 0.00000 ( 1)
 134 G   0.84265 0.00000 0.15735 0.00000 ( 1)
 135 S   0.84260 0.00000 0.15740 0.00000 ( 1)
 136 I   0.84248 0.00000 0.15752 0.00000 ( 1)
 137 S   0.84255 0.00000 0.15745 0.00000 ( 1)
 138 G   0.84265 0.00000 0.15735 0.00000 ( 1)
 139 I   0.84264 0.00000 0.15736 0.00000 ( 1)
 140 G   0.84255 0.00000 0.15745 0.00000 ( 1)
 141 A   0.84255 0.00000 0.15745 0.00000 ( 1)
 142 A   0.84257 0.00000 0.15743 0.00000 ( 1)
 143 I   0.84261 0.00000 0.15739 0.00000 ( 1)
 144 S   0.84257 0.00000 0.15743 0.00000 ( 1)
 145 N   0.84259 0.00000 0.15741 0.00000 ( 1)
 146 A   0.84257 0.00000 0.15743 0.00000 ( 1)
 147 V   0.84259 0.00000 0.15741 0.00000 ( 1)
 148 I   0.84261 0.00000 0.15739 0.00000 ( 1)
 149 A   0.84257 0.00000 0.15743 0.00000 ( 1)
 150 Y   0.84259 0.00000 0.15741 0.00000 ( 1)
 151 D   0.84259 0.00000 0.15741 0.00000 ( 1)
 152 R   0.84257 0.00000 0.15743 0.00000 ( 1)
 153 Y   0.84262 0.00000 0.15738 0.00000 ( 1)
 154 K   0.84259 0.00000 0.15741 0.00000 ( 1)
 155 T   0.84263 0.00000 0.15737 0.00000 ( 1)
 156 I   0.84263 0.00000 0.15737 0.00000 ( 1)
 157 S   0.84254 0.00000 0.15746 0.00000 ( 1)
 158 C   0.84257 0.00000 0.15743 0.00000 ( 1)
 159 P   0.84255 0.00000 0.15745 0.00000 ( 1)
 160 I   0.84257 0.00000 0.15743 0.00000 ( 1)
 161 D   0.84261 0.00000 0.15739 0.00000 ( 1)
 162 G   0.84255 0.00000 0.15745 0.00000 ( 1)
 163 R   0.84257 0.00000 0.15743 0.00000 ( 1)
 164 I   0.84263 0.00000 0.15737 0.00000 ( 1)
 165 N   0.84265 0.00000 0.15735 0.00000 ( 1)
 166 K   0.84259 0.00000 0.15741 0.00000 ( 1)
 167 V   0.84264 0.00000 0.15736 0.00000 ( 1)
 168 Q   0.84255 0.00000 0.15745 0.00000 ( 1)
 169 A   0.84263 0.00000 0.15737 0.00000 ( 1)
 170 S   0.00000 0.84254 0.00000 0.15746 ( 2)
 171 I   0.84254 0.00000 0.15746 0.00000 ( 1)
 172 L   0.84258 0.00000 0.15742 0.00000 ( 1)
 173 I   0.84270 0.00000 0.15730 0.00000 ( 1)
 174 A   0.60022 0.24232 0.10795 0.04952 ( 1)
 175 F   0.84270 0.00000 0.15730 0.00000 ( 1)
 176 T   0.84262 0.00000 0.15738 0.00000 ( 1)
 177 W   0.84258 0.00000 0.15742 0.00000 ( 1)
 178 F   0.84269 0.00000 0.15731 0.00000 ( 1)
 179 W   0.84258 0.00000 0.15742 0.00000 ( 1)
 180 T   0.84263 0.00000 0.15737 0.00000 ( 1)
 181 L   0.45968 0.38282 0.08097 0.07653 ( 1)
 182 P   0.84256 0.00000 0.15744 0.00000 ( 1)
 183 F   0.84270 0.00000 0.15730 0.00000 ( 1)
 184 T   0.84259 0.00000 0.15741 0.00000 ( 1)
 185 I   0.84263 0.00000 0.15737 0.00000 ( 1)
 186 L   0.84258 0.00000 0.15742 0.00000 ( 1)
 187 P   0.84255 0.00000 0.15745 0.00000 ( 1)
 188 L   0.84260 0.00000 0.15740 0.00000 ( 1)
 189 L   0.84270 0.00000 0.15730 0.00000 ( 1)
 190 K   0.84213 0.00000 0.15787 0.00000 ( 1)
 191 V   0.84118 0.00000 0.15882 0.00000 ( 1)
 192 W   0.84258 0.00000 0.15742 0.00000 ( 1)
 193 G   0.84255 0.00000 0.15745 0.00000 ( 1)
 194 K   0.84253 0.00000 0.15747 0.00000 ( 1)
 195 F   0.84259 0.00000 0.15741 0.00000 ( 1)
 196 V   0.84258 0.00000 0.15742 0.00000 ( 1)
 197 P   0.84255 0.00000 0.15745 0.00000 ( 1)
 198 E   0.84264 0.00000 0.15736 0.00000 ( 1)
 199 G   0.84256 0.00000 0.15744 0.00000 ( 1)
 200 F   0.84270 0.00000 0.15730 0.00000 ( 1)
 201 L   0.84254 0.00000 0.15746 0.00000 ( 1)
 202 T   0.84258 0.00000 0.15742 0.00000 ( 1)
 203 T   0.84263 0.00000 0.15737 0.00000 ( 1)
 204 C   0.84257 0.00000 0.15743 0.00000 ( 1)
 205 S   0.84260 0.00000 0.15740 0.00000 ( 1)
 206 F   0.84270 0.00000 0.15730 0.00000 ( 1)
 207 D   0.84269 0.00000 0.15731 0.00000 ( 1)
 208 Y   0.84263 0.00000 0.15737 0.00000 ( 1)
 209 F   0.84270 0.00000 0.15730 0.00000 ( 1)
 210 T   0.84263 0.00000 0.15737 0.00000 ( 1)
 211 D   0.84260 0.00000 0.15740 0.00000 ( 1)
 212 D   0.84269 0.00000 0.15731 0.00000 ( 1)
 213 E   0.84259 0.00000 0.15741 0.00000 ( 1)
 214 D   0.84269 0.00000 0.15731 0.00000 ( 1)
 215 T   0.84263 0.00000 0.15737 0.00000 ( 1)
 216 K   0.84264 0.00000 0.15736 0.00000 ( 1)
 217 V   0.84265 0.00000 0.15735 0.00000 ( 1)
 218 F   0.84270 0.00000 0.15730 0.00000 ( 1)
 219 V   0.84264 0.00000 0.15736 0.00000 ( 1)
 220 A   0.84268 0.00000 0.15732 0.00000 ( 1)
 221 C   0.84263 0.00000 0.15737 0.00000 ( 1)
 222 I   0.84272 0.00000 0.15728 0.00000 ( 1)
 223 F   0.84270 0.00000 0.15730 0.00000 ( 1)
 224 V   0.84265 0.00000 0.15735 0.00000 ( 1)
 225 W   0.84258 0.00000 0.15742 0.00000 ( 1)
 226 S   0.84267 0.00000 0.15733 0.00000 ( 1)
 227 Y   0.84263 0.00000 0.15737 0.00000 ( 1)
 228 C   0.83909 0.00000 0.16091 0.00000 ( 1)
 229 F   0.84272 0.00000 0.15728 0.00000 ( 1)
 230 P   0.84264 0.00000 0.15736 0.00000 ( 1)
 231 M   0.84273 0.00000 0.15727 0.00000 ( 1)
 232 A   0.00000 0.84250 0.00000 0.15750 ( 2)
 233 L   0.84266 0.00000 0.15734 0.00000 ( 1)
 234 I   0.84272 0.00000 0.15728 0.00000 ( 1)
 235 C   0.84263 0.00000 0.15737 0.00000 ( 1)
 236 I   0.84256 0.00000 0.15744 0.00000 ( 1)
 237 F   0.84270 0.00000 0.15730 0.00000 ( 1)
 238 Y   0.84263 0.00000 0.15737 0.00000 ( 1)
 239 S   0.84259 0.00000 0.15741 0.00000 ( 1)
 240 K   0.84258 0.00000 0.15742 0.00000 ( 1)
 241 L   0.84258 0.00000 0.15742 0.00000 ( 1)
 242 F   0.84260 0.00000 0.15740 0.00000 ( 1)
 243 T   0.84255 0.00000 0.15745 0.00000 ( 1)
 244 A   0.84257 0.00000 0.15743 0.00000 ( 1)
 245 V   0.84263 0.00000 0.15737 0.00000 ( 1)
 246 R   0.84254 0.00000 0.15746 0.00000 ( 1)
 247 L   0.84261 0.00000 0.15739 0.00000 ( 1)
 248 H   0.84265 0.00000 0.15735 0.00000 ( 1)
 249 E   0.84264 0.00000 0.15736 0.00000 ( 1)
 250 K   0.84257 0.00000 0.15743 0.00000 ( 1)
 251 M   0.84273 0.00000 0.15727 0.00000 ( 1)
 252 L   0.84258 0.00000 0.15742 0.00000 ( 1)
 253 K   0.00001 0.84253 0.00000 0.15746 ( 2)
 254 E   0.84263 0.00000 0.15737 0.00000 ( 1)
 255 Q   0.84255 0.00000 0.15745 0.00000 ( 1)
 256 A   0.84264 0.00000 0.15736 0.00000 ( 1)
 257 K   0.84264 0.00000 0.15736 0.00000 ( 1)
 258 K   0.84264 0.00000 0.15736 0.00000 ( 1)
 259 M   0.84273 0.00000 0.15727 0.00000 ( 1)
 260 N   0.84269 0.00000 0.15731 0.00000 ( 1)
 261 V   0.84265 0.00000 0.15735 0.00000 ( 1)
 262 K   0.84264 0.00000 0.15736 0.00000 ( 1)
 263 S   0.84260 0.00000 0.15740 0.00000 ( 1)
 264 L   0.84258 0.00000 0.15742 0.00000 ( 1)
 265 A   0.84257 0.00000 0.15743 0.00000 ( 1)
 266 S   0.84245 0.00000 0.15755 0.00000 ( 1)
 267 N   0.84269 0.00000 0.15731 0.00000 ( 1)
 268 K   0.84259 0.00000 0.15741 0.00000 ( 1)
 269 E   0.84260 0.00000 0.15740 0.00000 ( 1)
 270 D   0.84259 0.00000 0.15741 0.00000 ( 1)
 271 A   0.84268 0.00000 0.15732 0.00000 ( 1)
 272 G   0.84240 0.00000 0.15760 0.00000 ( 1)
 273 K   0.84264 0.00000 0.15736 0.00000 ( 1)
 274 S   0.84267 0.00000 0.15733 0.00000 ( 1)
 275 V   0.84262 0.00000 0.15738 0.00000 ( 1)
 276 E   0.84264 0.00000 0.15736 0.00000 ( 1)
 277 I   0.84272 0.00000 0.15728 0.00000 ( 1)
 278 R   0.84257 0.00000 0.15743 0.00000 ( 1)
 279 I   0.84265 0.00000 0.15735 0.00000 ( 1)
 280 A   0.84257 0.00000 0.15743 0.00000 ( 1)
 281 K   0.84259 0.00000 0.15741 0.00000 ( 1)
 282 V   0.84264 0.00000 0.15736 0.00000 ( 1)
 283 A   0.84267 0.00000 0.15733 0.00000 ( 1)
 284 F   0.84270 0.00000 0.15730 0.00000 ( 1)
 285 T   0.84258 0.00000 0.15742 0.00000 ( 1)
 286 I   0.84264 0.00000 0.15736 0.00000 ( 1)
 287 F   0.84270 0.00000 0.15730 0.00000 ( 1)
 288 F   0.84270 0.00000 0.15730 0.00000 ( 1)
 289 L   0.84258 0.00000 0.15742 0.00000 ( 1)
 290 F   0.84270 0.00000 0.15730 0.00000 ( 1)
 291 V   0.84266 0.00000 0.15734 0.00000 ( 1)
 292 C   0.84256 0.00000 0.15744 0.00000 ( 1)
 293 A   0.84263 0.00000 0.15737 0.00000 ( 1)
 294 W   0.84258 0.00000 0.15742 0.00000 ( 1)
 295 T   0.84263 0.00000 0.15737 0.00000 ( 1)
 296 P   0.84260 0.00000 0.15740 0.00000 ( 1)
 297 Y   0.84263 0.00000 0.15737 0.00000 ( 1)
 298 A   0.84258 0.00000 0.15742 0.00000 ( 1)
 299 V   0.84270 0.00000 0.15730 0.00000 ( 1)
 300 V   0.84261 0.00000 0.15739 0.00000 ( 1)
 301 T   0.84264 0.00000 0.15736 0.00000 ( 1)
 302 M   0.84273 0.00000 0.15727 0.00000 ( 1)
 303 I   0.84257 0.00000 0.15743 0.00000 ( 1)
 304 G   0.84256 0.00000 0.15744 0.00000 ( 1)
 305 A   0.84257 0.00000 0.15743 0.00000 ( 1)
 306 F   0.84259 0.00000 0.15741 0.00000 ( 1)
 307 G   0.84255 0.00000 0.15745 0.00000 ( 1)
 308 D   0.84269 0.00000 0.15731 0.00000 ( 1)
 309 R   0.84263 0.00000 0.15737 0.00000 ( 1)
 310 S   0.00000 0.84255 0.00000 0.15745 ( 2)
 311 L   0.84254 0.00000 0.15746 0.00000 ( 1)
 312 L   0.84258 0.00000 0.15742 0.00000 ( 1)
 313 T   0.84257 0.00000 0.15743 0.00000 ( 1)
 314 P   0.84255 0.00000 0.15745 0.00000 ( 1)
 315 H   0.84258 0.00000 0.15742 0.00000 ( 1)
 316 V   0.84263 0.00000 0.15737 0.00000 ( 1)
 317 T   0.84263 0.00000 0.15737 0.00000 ( 1)
 318 M   0.84273 0.00000 0.15727 0.00000 ( 1)
 319 I   0.84258 0.00000 0.15742 0.00000 ( 1)
 320 P   0.84255 0.00000 0.15745 0.00000 ( 1)
 321 A   0.84257 0.00000 0.15743 0.00000 ( 1)
 322 V   0.84264 0.00000 0.15736 0.00000 ( 1)
 323 F   0.84263 0.00000 0.15737 0.00000 ( 1)
 324 A   0.84237 0.00000 0.15763 0.00000 ( 1)
 325 K   0.84261 0.00000 0.15739 0.00000 ( 1)
 326 S   0.76359 0.00000 0.23641 0.00000 ( 1)
 327 V   0.84265 0.00000 0.15735 0.00000 ( 1)
 328 S   0.84265 0.00000 0.15735 0.00000 ( 1)
 329 C   0.84263 0.00000 0.15737 0.00000 ( 1)
 330 I   0.84263 0.00000 0.15737 0.00000 ( 1)
 331 D   0.84268 0.00000 0.15732 0.00000 ( 1)
 332 P   0.84255 0.00000 0.15745 0.00000 ( 1)
 333 W   0.84258 0.00000 0.15742 0.00000 ( 1)
 334 V   0.84264 0.00000 0.15736 0.00000 ( 1)
 335 Y   0.84256 0.00000 0.15744 0.00000 ( 1)
 336 A   0.84268 0.00000 0.15732 0.00000 ( 1)
 337 I   0.84269 0.00000 0.15731 0.00000 ( 1)
 338 N   0.84262 0.00000 0.15738 0.00000 ( 1)
 339 H   0.84256 0.00000 0.15744 0.00000 ( 1)
 340 P   0.84255 0.00000 0.15745 0.00000 ( 1)
 341 R   0.84257 0.00000 0.15743 0.00000 ( 1)
 342 Y   0.84263 0.00000 0.15737 0.00000 ( 1)
 343 R   0.84263 0.00000 0.15737 0.00000 ( 1)
 344 A   0.84263 0.00000 0.15737 0.00000 ( 1)
 345 E   0.84262 0.00000 0.15738 0.00000 ( 1)
 346 L   0.84257 0.00000 0.15743 0.00000 ( 1)
 347 Q   0.84258 0.00000 0.15742 0.00000 ( 1)
 348 K   0.84264 0.00000 0.15736 0.00000 ( 1)
 349 R   0.84253 0.00000 0.15747 0.00000 ( 1)
 350 L   0.84257 0.00000 0.15743 0.00000 ( 1)
 351 P   0.84255 0.00000 0.15745 0.00000 ( 1)
 352 W   0.84258 0.00000 0.15742 0.00000 ( 1)
 353 M   0.84241 0.00000 0.15759 0.00000 ( 1)
 354 G   0.84255 0.00000 0.15745 0.00000 ( 1)
 355 V   0.84269 0.00000 0.15731 0.00000 ( 1)
 356 R   0.84261 0.00000 0.15739 0.00000 ( 1)
 357 E   0.84259 0.00000 0.15741 0.00000 ( 1)
 358 P   0.00000 0.84246 0.00000 0.15754 ( 2)
 359 D   0.84269 0.00000 0.15731 0.00000 ( 1)
 360 P   0.84255 0.00000 0.15745 0.00000 ( 1)
 361 E   0.84269 0.00000 0.15731 0.00000 ( 1)
 362 T   0.00694 0.83555 0.00114 0.15636 ( 2)
 363 Q   0.84264 0.00000 0.15736 0.00000 ( 1)
 364 S   0.84265 0.00000 0.15735 0.00000 ( 1)
 365 S   0.84257 0.00000 0.15743 0.00000 ( 1)
 366 N   0.84267 0.00000 0.15733 0.00000 ( 1)
 367 A   0.84246 0.00000 0.15754 0.00000 ( 1)
 368 S   0.84267 0.00000 0.15733 0.00000 ( 1)
 369 T   0.84267 0.00000 0.15733 0.00000 ( 1)
 370 T   0.84268 0.00000 0.15732 0.00000 ( 1)
 371 Q   0.84158 0.00000 0.15842 0.00000 ( 1)
 372 S   0.83087 0.01172 0.15492 0.00249 ( 1)
 373 Q   0.84256 0.00000 0.15744 0.00000 ( 1)
 374 S   0.00000 0.84253 0.00000 0.15747 ( 2)
 375 A   0.00000 0.84239 0.00000 0.15761 ( 2)
 376 D   0.84259 0.00000 0.15741 0.00000 ( 1)
 377 A   0.84257 0.00000 0.15743 0.00000 ( 1)

