Supplemental results for CODEML (seqf: align.fa  treef: tree.nwk)


MLEs of dN/dS (w) for site classes (K=2)

p:   0.71846  0.28154
w:   0.00886  0.15667

Naive Empirical Bayes (NEB) probabilities for 2 classes & postmean_w
(amino acids refer to 1st sequence: ColCroc|LWS3)

   1 M   1.00000 0.00000 ( 1)  0.009
   2 A   0.00000 1.00000 ( 2)  0.157
   3 T   0.00000 1.00000 ( 2)  0.157
   4 S   0.00000 1.00000 ( 2)  0.157
   5 M   0.00000 1.00000 ( 2)  0.157
   6 D   1.00000 0.00000 ( 1)  0.009
   7 P   0.00000 1.00000 ( 2)  0.157
   8 A   0.99960 0.00040 ( 1)  0.009
   9 P   0.99998 0.00002 ( 1)  0.009
  10 G   1.00000 0.00000 ( 1)  0.009
  11 V   0.00000 1.00000 ( 2)  0.157
  12 A   1.00000 0.00000 ( 1)  0.009
  13 A   1.00000 0.00000 ( 1)  0.009
  14 M   0.00000 1.00000 ( 2)  0.157
  15 Q   0.07361 0.92639 ( 2)  0.146
  16 T   0.00000 1.00000 ( 2)  0.157
  17 W   0.99242 0.00758 ( 1)  0.010
  18 G   0.99985 0.00015 ( 1)  0.009
  19 G   0.00011 0.99989 ( 2)  0.157
  20 H   0.00000 1.00000 ( 2)  0.157
  21 A   0.00000 1.00000 ( 2)  0.157
  22 E   0.00001 0.99999 ( 2)  0.157
  23 A   1.00000 0.00000 ( 1)  0.009
  24 Y   0.00000 1.00000 ( 2)  0.157
  25 S   0.99934 0.00066 ( 1)  0.009
  26 A   0.00000 1.00000 ( 2)  0.157
  27 N   1.00000 0.00000 ( 1)  0.009
  28 Q   0.00000 1.00000 ( 2)  0.157
  29 T   1.00000 0.00000 ( 1)  0.009
  30 V   1.00000 0.00000 ( 1)  0.009
  31 V   1.00000 0.00000 ( 1)  0.009
  32 D   1.00000 0.00000 ( 1)  0.009
  33 K   0.62725 0.37275 ( 1)  0.064
  34 V   1.00000 0.00000 ( 1)  0.009
  35 L   0.00000 1.00000 ( 2)  0.157
  36 P   0.99546 0.00454 ( 1)  0.010
  37 E   0.00000 1.00000 ( 2)  0.157
  38 M   0.00013 0.99987 ( 2)  0.157
  39 L   0.00000 1.00000 ( 2)  0.157
  40 H   1.00000 0.00000 ( 1)  0.009
  41 L   0.93591 0.06409 ( 1)  0.018
  42 I   0.00000 1.00000 ( 2)  0.157
  43 D   1.00000 0.00000 ( 1)  0.009
  44 A   0.97366 0.02634 ( 1)  0.013
  45 H   0.00000 1.00000 ( 2)  0.157
  46 W   1.00000 0.00000 ( 1)  0.009
  47 Y   1.00000 0.00000 ( 1)  0.009
  48 Q   1.00000 0.00000 ( 1)  0.009
  49 F   1.00000 0.00000 ( 1)  0.009
  50 P   1.00000 0.00000 ( 1)  0.009
  51 P   1.00000 0.00000 ( 1)  0.009
  52 M   1.00000 0.00000 ( 1)  0.009
  53 N   1.00000 0.00000 ( 1)  0.009
  54 P   1.00000 0.00000 ( 1)  0.009
  55 L   0.99792 0.00208 ( 1)  0.009
  56 W   1.00000 0.00000 ( 1)  0.009
  57 Y   1.00000 0.00000 ( 1)  0.009
  58 G   0.00000 1.00000 ( 2)  0.157
  59 L   0.99685 0.00315 ( 1)  0.009
  60 L   1.00000 0.00000 ( 1)  0.009
  61 G   1.00000 0.00000 ( 1)  0.009
  62 F   1.00000 0.00000 ( 1)  0.009
  63 T   0.00000 1.00000 ( 2)  0.157
  64 I   0.99974 0.00026 ( 1)  0.009
  65 C   0.00000 1.00000 ( 2)  0.157
  66 I   0.00000 1.00000 ( 2)  0.157
  67 L   1.00000 0.00000 ( 1)  0.009
  68 A   0.99963 0.00037 ( 1)  0.009
  69 F   1.00000 0.00000 ( 1)  0.009
  70 I   0.00000 1.00000 ( 2)  0.157
  71 S   1.00000 0.00000 ( 1)  0.009
  72 V   0.00000 1.00000 ( 2)  0.157
  73 T   0.00000 1.00000 ( 2)  0.157
  74 G   1.00000 0.00000 ( 1)  0.009
  75 N   1.00000 0.00000 ( 1)  0.009
  76 G   0.99988 0.00012 ( 1)  0.009
  77 M   1.00000 0.00000 ( 1)  0.009
  78 V   1.00000 0.00000 ( 1)  0.009
  79 I   0.00000 1.00000 ( 2)  0.157
  80 Y   0.99742 0.00258 ( 1)  0.009
  81 I   1.00000 0.00000 ( 1)  0.009
  82 F   1.00000 0.00000 ( 1)  0.009
  83 S   0.00000 1.00000 ( 2)  0.157
  84 T   0.00000 1.00000 ( 2)  0.157
  85 T   1.00000 0.00000 ( 1)  0.009
  86 K   1.00000 0.00000 ( 1)  0.009
  87 S   0.00000 1.00000 ( 2)  0.157
  88 L   1.00000 0.00000 ( 1)  0.009
  89 K   1.00000 0.00000 ( 1)  0.009
  90 T   1.00000 0.00000 ( 1)  0.009
  91 P   1.00000 0.00000 ( 1)  0.009
  92 S   1.00000 0.00000 ( 1)  0.009
  93 N   1.00000 0.00000 ( 1)  0.009
  94 L   1.00000 0.00000 ( 1)  0.009
  95 L   1.00000 0.00000 ( 1)  0.009
  96 V   1.00000 0.00000 ( 1)  0.009
  97 V   0.99968 0.00032 ( 1)  0.009
  98 N   1.00000 0.00000 ( 1)  0.009
  99 L   1.00000 0.00000 ( 1)  0.009
 100 A   1.00000 0.00000 ( 1)  0.009
 101 F   1.00000 0.00000 ( 1)  0.009
 102 S   1.00000 0.00000 ( 1)  0.009
 103 D   1.00000 0.00000 ( 1)  0.009
 104 F   1.00000 0.00000 ( 1)  0.009
 105 L   0.00313 0.99687 ( 2)  0.156
 106 M   1.00000 0.00000 ( 1)  0.009
 107 M   1.00000 0.00000 ( 1)  0.009
 108 A   0.00000 1.00000 ( 2)  0.157
 109 M   0.00000 1.00000 ( 2)  0.157
 110 M   1.00000 0.00000 ( 1)  0.009
 111 A   0.00000 1.00000 ( 2)  0.157
 112 P   0.00005 0.99995 ( 2)  0.157
 113 P   0.00000 1.00000 ( 2)  0.157
 114 L   1.00000 0.00000 ( 1)  0.009
 115 C   0.75940 0.24060 ( 1)  0.044
 116 I   0.00000 1.00000 ( 2)  0.157
 117 N   0.99943 0.00057 ( 1)  0.009
 118 S   0.99795 0.00205 ( 1)  0.009
 119 Y   0.99916 0.00084 ( 1)  0.009
 120 Y   0.00000 1.00000 ( 2)  0.157
 121 Q   1.00000 0.00000 ( 1)  0.009
 122 T   1.00000 0.00000 ( 1)  0.009
 123 W   1.00000 0.00000 ( 1)  0.009
 124 V   0.00000 1.00000 ( 2)  0.157
 125 F   0.00014 0.99986 ( 2)  0.157
 126 G   1.00000 0.00000 ( 1)  0.009
 127 P   0.00000 1.00000 ( 2)  0.157
 128 V   0.00000 1.00000 ( 2)  0.157
 129 A   1.00000 0.00000 ( 1)  0.009
 130 C   1.00000 0.00000 ( 1)  0.009
 131 Q   0.99944 0.00056 ( 1)  0.009
 132 F   0.00000 1.00000 ( 2)  0.157
 133 Y   1.00000 0.00000 ( 1)  0.009
 134 A   0.99998 0.00002 ( 1)  0.009
 135 C   1.00000 0.00000 ( 1)  0.009
 136 F   0.00000 1.00000 ( 2)  0.157
 137 G   1.00000 0.00000 ( 1)  0.009
 138 S   1.00000 0.00000 ( 1)  0.009
 139 L   0.99999 0.00001 ( 1)  0.009
 140 F   0.99999 0.00001 ( 1)  0.009
 141 G   1.00000 0.00000 ( 1)  0.009
 142 C   0.99999 0.00001 ( 1)  0.009
 143 V   0.00000 1.00000 ( 2)  0.157
 144 S   1.00000 0.00000 ( 1)  0.009
 145 I   1.00000 0.00000 ( 1)  0.009
 146 W   1.00000 0.00000 ( 1)  0.009
 147 T   0.06082 0.93918 ( 2)  0.148
 148 M   1.00000 0.00000 ( 1)  0.009
 149 T   1.00000 0.00000 ( 1)  0.009
 150 A   0.99996 0.00004 ( 1)  0.009
 151 I   1.00000 0.00000 ( 1)  0.009
 152 A   1.00000 0.00000 ( 1)  0.009
 153 F   1.00000 0.00000 ( 1)  0.009
 154 D   1.00000 0.00000 ( 1)  0.009
 155 R   1.00000 0.00000 ( 1)  0.009
 156 Y   1.00000 0.00000 ( 1)  0.009
 157 N   1.00000 0.00000 ( 1)  0.009
 158 V   1.00000 0.00000 ( 1)  0.009
 159 I   1.00000 0.00000 ( 1)  0.009
 160 V   1.00000 0.00000 ( 1)  0.009
 161 K   1.00000 0.00000 ( 1)  0.009
 162 G   1.00000 0.00000 ( 1)  0.009
 163 I   1.00000 0.00000 ( 1)  0.009
 164 A   1.00000 0.00000 ( 1)  0.009
 165 A   1.00000 0.00000 ( 1)  0.009
 166 K   1.00000 0.00000 ( 1)  0.009
 167 P   1.00000 0.00000 ( 1)  0.009
 168 L   0.99985 0.00015 ( 1)  0.009
 169 T   0.00000 1.00000 ( 2)  0.157
 170 V   0.00000 1.00000 ( 2)  0.157
 171 N   0.98226 0.01774 ( 1)  0.011
 172 G   1.00000 0.00000 ( 1)  0.009
 173 A   1.00000 0.00000 ( 1)  0.009
 174 L   0.55956 0.44044 ( 1)  0.074
 175 L   0.00001 0.99999 ( 2)  0.157
 176 Q   0.99998 0.00002 ( 1)  0.009
 177 I   1.00000 0.00000 ( 1)  0.009
 178 F   0.00000 1.00000 ( 2)  0.157
 179 G   0.09489 0.90511 ( 2)  0.143
 180 V   0.99999 0.00001 ( 1)  0.009
 181 W   1.00000 0.00000 ( 1)  0.009
 182 A   0.00000 1.00000 ( 2)  0.157
 183 F   1.00000 0.00000 ( 1)  0.009
 184 S   0.00000 1.00000 ( 2)  0.157
 185 L   0.00000 1.00000 ( 2)  0.157
 186 A   0.00000 1.00000 ( 2)  0.157
 187 W   1.00000 0.00000 ( 1)  0.009
 188 T   1.00000 0.00000 ( 1)  0.009
 189 L   0.00000 1.00000 ( 2)  0.157
 190 A   1.00000 0.00000 ( 1)  0.009
 191 P   1.00000 0.00000 ( 1)  0.009
 192 I   0.00000 1.00000 ( 2)  0.157
 193 F   1.00000 0.00000 ( 1)  0.009
 194 G   1.00000 0.00000 ( 1)  0.009
 195 W   1.00000 0.00000 ( 1)  0.009
 196 S   1.00000 0.00000 ( 1)  0.009
 197 R   0.95358 0.04642 ( 1)  0.016
 198 Y   1.00000 0.00000 ( 1)  0.009
 199 V   1.00000 0.00000 ( 1)  0.009
 200 P   1.00000 0.00000 ( 1)  0.009
 201 E   1.00000 0.00000 ( 1)  0.009
 202 G   1.00000 0.00000 ( 1)  0.009
 203 N   1.00000 0.00000 ( 1)  0.009
 204 M   1.00000 0.00000 ( 1)  0.009
 205 T   1.00000 0.00000 ( 1)  0.009
 206 A   1.00000 0.00000 ( 1)  0.009
 207 C   1.00000 0.00000 ( 1)  0.009
 208 G   1.00000 0.00000 ( 1)  0.009
 209 T   1.00000 0.00000 ( 1)  0.009
 210 D   1.00000 0.00000 ( 1)  0.009
 211 Y   1.00000 0.00000 ( 1)  0.009
 212 L   0.99979 0.00021 ( 1)  0.009
 213 S   0.00000 1.00000 ( 2)  0.157
 214 K   1.00000 0.00000 ( 1)  0.009
 215 D   0.00000 1.00000 ( 2)  0.157
 216 L   0.01891 0.98109 ( 2)  0.154
 217 L   0.00000 1.00000 ( 2)  0.157
 218 S   1.00000 0.00000 ( 1)  0.009
 219 Q   0.75676 0.24324 ( 1)  0.045
 220 I   1.00000 0.00000 ( 1)  0.009
 221 Y   1.00000 0.00000 ( 1)  0.009
 222 I   1.00000 0.00000 ( 1)  0.009
 223 I   0.01849 0.98151 ( 2)  0.154
 224 T   0.00000 1.00000 ( 2)  0.157
 225 Y   1.00000 0.00000 ( 1)  0.009
 226 S   0.88491 0.11509 ( 1)  0.026
 227 I   0.00000 1.00000 ( 2)  0.157
 228 A   0.98182 0.01818 ( 1)  0.012
 229 C   0.00000 1.00000 ( 2)  0.157
 230 Y   1.00000 0.00000 ( 1)  0.009
 231 F   0.99995 0.00005 ( 1)  0.009
 232 L   0.00000 1.00000 ( 2)  0.157
 233 P   1.00000 0.00000 ( 1)  0.009
 234 L   1.00000 0.00000 ( 1)  0.009
 235 A   0.00000 1.00000 ( 2)  0.157
 236 L   1.00000 0.00000 ( 1)  0.009
 237 I   1.00000 0.00000 ( 1)  0.009
 238 V   1.00000 0.00000 ( 1)  0.009
 239 Y   1.00000 0.00000 ( 1)  0.009
 240 S   1.00000 0.00000 ( 1)  0.009
 241 Y   1.00000 0.00000 ( 1)  0.009
 242 F   0.00547 0.99453 ( 2)  0.156
 243 F   1.00000 0.00000 ( 1)  0.009
 244 I   1.00000 0.00000 ( 1)  0.009
 245 V   0.31016 0.68984 ( 2)  0.111
 246 Q   0.99918 0.00082 ( 1)  0.009
 247 A   1.00000 0.00000 ( 1)  0.009
 248 V   1.00000 0.00000 ( 1)  0.009
 249 A   0.00000 1.00000 ( 2)  0.157
 250 A   1.00000 0.00000 ( 1)  0.009
 251 H   1.00000 0.00000 ( 1)  0.009
 252 E   1.00000 0.00000 ( 1)  0.009
 253 K   0.00000 1.00000 ( 2)  0.157
 254 A   0.00000 1.00000 ( 2)  0.157
 255 M   1.00000 0.00000 ( 1)  0.009
 256 R   1.00000 0.00000 ( 1)  0.009
 257 E   1.00000 0.00000 ( 1)  0.009
 258 Q   1.00000 0.00000 ( 1)  0.009
 259 A   1.00000 0.00000 ( 1)  0.009
 260 K   1.00000 0.00000 ( 1)  0.009
 261 K   1.00000 0.00000 ( 1)  0.009
 262 M   1.00000 0.00000 ( 1)  0.009
 263 N   1.00000 0.00000 ( 1)  0.009
 264 V   1.00000 0.00000 ( 1)  0.009
 265 A   1.00000 0.00000 ( 1)  0.009
 266 S   1.00000 0.00000 ( 1)  0.009
 267 L   1.00000 0.00000 ( 1)  0.009
 268 R   1.00000 0.00000 ( 1)  0.009
 269 S   1.00000 0.00000 ( 1)  0.009
 270 S   0.00005 0.99995 ( 2)  0.157
 271 E   0.64679 0.35321 ( 1)  0.061
 272 Q   0.00000 1.00000 ( 2)  0.157
 273 A   0.86770 0.13230 ( 1)  0.028
 274 N   1.00000 0.00000 ( 1)  0.009
 275 T   1.00000 0.00000 ( 1)  0.009
 276 S   1.00000 0.00000 ( 1)  0.009
 277 A   1.00000 0.00000 ( 1)  0.009
 278 E   1.00000 0.00000 ( 1)  0.009
 279 C   0.99994 0.00006 ( 1)  0.009
 280 K   1.00000 0.00000 ( 1)  0.009
 281 L   1.00000 0.00000 ( 1)  0.009
 282 A   1.00000 0.00000 ( 1)  0.009
 283 K   1.00000 0.00000 ( 1)  0.009
 284 V   1.00000 0.00000 ( 1)  0.009
 285 A   1.00000 0.00000 ( 1)  0.009
 286 L   1.00000 0.00000 ( 1)  0.009
 287 M   1.00000 0.00000 ( 1)  0.009
 288 T   1.00000 0.00000 ( 1)  0.009
 289 I   1.00000 0.00000 ( 1)  0.009
 290 S   1.00000 0.00000 ( 1)  0.009
 291 L   1.00000 0.00000 ( 1)  0.009
 292 W   1.00000 0.00000 ( 1)  0.009
 293 F   1.00000 0.00000 ( 1)  0.009
 294 M   1.00000 0.00000 ( 1)  0.009
 295 A   1.00000 0.00000 ( 1)  0.009
 296 W   1.00000 0.00000 ( 1)  0.009
 297 T   1.00000 0.00000 ( 1)  0.009
 298 P   1.00000 0.00000 ( 1)  0.009
 299 Y   1.00000 0.00000 ( 1)  0.009
 300 L   1.00000 0.00000 ( 1)  0.009
 301 V   1.00000 0.00000 ( 1)  0.009
 302 I   1.00000 0.00000 ( 1)  0.009
 303 N   1.00000 0.00000 ( 1)  0.009
 304 F   0.00000 1.00000 ( 2)  0.157
 305 A   0.00000 1.00000 ( 2)  0.157
 306 G   1.00000 0.00000 ( 1)  0.009
 307 V   0.99987 0.00013 ( 1)  0.009
 308 F   1.00000 0.00000 ( 1)  0.009
 309 E   1.00000 0.00000 ( 1)  0.009
 310 T   0.00363 0.99637 ( 2)  0.156
 311 A   0.00000 1.00000 ( 2)  0.157
 312 P   0.00000 1.00000 ( 2)  0.157
 313 I   1.00000 0.00000 ( 1)  0.009
 314 S   0.00000 1.00000 ( 2)  0.157
 315 P   1.00000 0.00000 ( 1)  0.009
 316 L   1.00000 0.00000 ( 1)  0.009
 317 S   0.01549 0.98451 ( 2)  0.154
 318 T   1.00000 0.00000 ( 1)  0.009
 319 I   1.00000 0.00000 ( 1)  0.009
 320 W   1.00000 0.00000 ( 1)  0.009
 321 G   1.00000 0.00000 ( 1)  0.009
 322 S   1.00000 0.00000 ( 1)  0.009
 323 V   0.14128 0.85872 ( 2)  0.136
 324 F   1.00000 0.00000 ( 1)  0.009
 325 A   1.00000 0.00000 ( 1)  0.009
 326 K   1.00000 0.00000 ( 1)  0.009
 327 A   1.00000 0.00000 ( 1)  0.009
 328 N   1.00000 0.00000 ( 1)  0.009
 329 A   1.00000 0.00000 ( 1)  0.009
 330 V   1.00000 0.00000 ( 1)  0.009
 331 Y   1.00000 0.00000 ( 1)  0.009
 332 N   1.00000 0.00000 ( 1)  0.009
 333 P   1.00000 0.00000 ( 1)  0.009
 334 I   1.00000 0.00000 ( 1)  0.009
 335 V   1.00000 0.00000 ( 1)  0.009
 336 Y   1.00000 0.00000 ( 1)  0.009
 337 G   1.00000 0.00000 ( 1)  0.009
 338 I   1.00000 0.00000 ( 1)  0.009
 339 S   1.00000 0.00000 ( 1)  0.009
 340 H   1.00000 0.00000 ( 1)  0.009
 341 P   1.00000 0.00000 ( 1)  0.009
 342 K   1.00000 0.00000 ( 1)  0.009
 343 Y   1.00000 0.00000 ( 1)  0.009
 344 R   0.98435 0.01565 ( 1)  0.011
 345 A   0.00160 0.99840 ( 2)  0.156
 346 A   0.36878 0.63122 ( 2)  0.102
 347 L   1.00000 0.00000 ( 1)  0.009
 348 Y   1.00000 0.00000 ( 1)  0.009
 349 Q   0.00000 1.00000 ( 2)  0.157
 350 R   0.00000 1.00000 ( 2)  0.157
 351 F   1.00000 0.00000 ( 1)  0.009
 352 P   1.00000 0.00000 ( 1)  0.009
 353 S   0.00000 1.00000 ( 2)  0.157
 354 L   1.00000 0.00000 ( 1)  0.009
 355 A   0.00000 1.00000 ( 2)  0.157
 356 C   1.00000 0.00000 ( 1)  0.009
 357 Q   0.00000 1.00000 ( 2)  0.157
 358 P   0.00000 1.00000 ( 2)  0.157
 359 S   0.00000 1.00000 ( 2)  0.157
 360 P   0.00000 1.00000 ( 2)  0.157
 361 E   0.00000 1.00000 ( 2)  0.157
 362 E   0.00000 1.00000 ( 2)  0.157
 363 T   0.00000 1.00000 ( 2)  0.157
 364 G   0.00000 1.00000 ( 2)  0.157
 365 S   1.00000 0.00000 ( 1)  0.009
 366 V   0.00000 1.00000 ( 2)  0.157
 367 A   1.00000 0.00000 ( 1)  0.009
 368 S   1.00000 0.00000 ( 1)  0.009
 369 A   0.00000 1.00000 ( 2)  0.157
 370 A   0.00000 1.00000 ( 2)  0.157
 371 T   1.00000 0.00000 ( 1)  0.009
 372 A   0.96394 0.03606 ( 1)  0.014
 373 C   0.00000 1.00000 ( 2)  0.157
 374 T   0.00000 1.00000 ( 2)  0.157
 375 E   0.00000 1.00000 ( 2)  0.157
 376 E   1.00000 0.00000 ( 1)  0.009
 377 K   1.00000 0.00000 ( 1)  0.009
 378 P   0.99999 0.00001 ( 1)  0.009
 379 S   0.05095 0.94905 ( 2)  0.149
 380 A   1.00000 0.00000 ( 1)  0.009

Positively selected sites

	Prob(w>1)  mean w



lnL = -67620.624223

