Supplemental results for CODEML (seqf: align.fa  treef: tree.nwk)


MLEs of dN/dS (w) for site classes (K=3)

p:   0.97079  0.02921  0.00000
w:   0.04081  1.00000 19.98886
(note that p[2] is zero)


Naive Empirical Bayes (NEB) probabilities for 3 classes & postmean_w & P(w>1)
(amino acids refer to 1st sequence: ColCroc|LWS3)

   1 M   1.00000 0.00000 0.00000 ( 1)  0.041  0.000
   2 A   0.99979 0.00021 0.00000 ( 1)  0.041  0.000
   3 T   0.00000 1.00000 0.00000 ( 2)  1.000  0.000
   4 S   1.00000 0.00000 0.00000 ( 1)  0.041  0.000
   5 M   1.00000 0.00000 0.00000 ( 1)  0.041  0.000
   6 D   1.00000 0.00000 0.00000 ( 1)  0.041  0.000
   7 P   1.00000 0.00000 0.00000 ( 1)  0.041  0.000
   8 A   1.00000 0.00000 0.00000 ( 1)  0.041  0.000
   9 P   1.00000 0.00000 0.00000 ( 1)  0.041  0.000
  10 G   1.00000 0.00000 0.00000 ( 1)  0.041  0.000
  11 V   0.00000 1.00000 0.00000 ( 2)  1.000  0.000
  12 A   1.00000 0.00000 0.00000 ( 1)  0.041  0.000
  13 A   1.00000 0.00000 0.00000 ( 1)  0.041  0.000
  14 M   1.00000 0.00000 0.00000 ( 1)  0.041  0.000
  15 Q   1.00000 0.00000 0.00000 ( 1)  0.041  0.000
  16 T   1.00000 0.00000 0.00000 ( 1)  0.041  0.000
  17 W   1.00000 0.00000 0.00000 ( 1)  0.041
  18 G   1.00000 0.00000 0.00000 ( 1)  0.041  0.000
  19 G   1.00000 0.00000 0.00000 ( 1)  0.041  0.000
  20 H   1.00000 0.00000 0.00000 ( 1)  0.041  0.000
  21 A   1.00000 0.00000 0.00000 ( 1)  0.041  0.000
  22 E   1.00000 0.00000 0.00000 ( 1)  0.041  0.000
  23 A   1.00000 0.00000 0.00000 ( 1)  0.041  0.000
  24 Y   1.00000 0.00000 0.00000 ( 1)  0.041  0.000
  25 S   1.00000 0.00000 0.00000 ( 1)  0.041  0.000
  26 A   1.00000 0.00000 0.00000 ( 1)  0.041  0.000
  27 N   1.00000 0.00000 0.00000 ( 1)  0.041  0.000
  28 Q   1.00000 0.00000 0.00000 ( 1)  0.041  0.000
  29 T   1.00000 0.00000 0.00000 ( 1)  0.041  0.000
  30 V   1.00000 0.00000 0.00000 ( 1)  0.041  0.000
  31 V   1.00000 0.00000 0.00000 ( 1)  0.041  0.000
  32 D   1.00000 0.00000 0.00000 ( 1)  0.041  0.000
  33 K   1.00000 0.00000 0.00000 ( 1)  0.041  0.000
  34 V   1.00000 0.00000 0.00000 ( 1)  0.041  0.000
  35 L   0.10579 0.89421 0.00000 ( 2)  0.899  0.000
  36 P   1.00000 0.00000 0.00000 ( 1)  0.041  0.000
  37 E   1.00000 0.00000 0.00000 ( 1)  0.041  0.000
  38 M   1.00000 0.00000 0.00000 ( 1)  0.041  0.000
  39 L   1.00000 0.00000 0.00000 ( 1)  0.041  0.000
  40 H   1.00000 0.00000 0.00000 ( 1)  0.041  0.000
  41 L   1.00000 0.00000 0.00000 ( 1)  0.041  0.000
  42 I   1.00000 0.00000 0.00000 ( 1)  0.041  0.000
  43 D   1.00000 0.00000 0.00000 ( 1)  0.041  0.000
  44 A   1.00000 0.00000 0.00000 ( 1)  0.041  0.000
  45 H   1.00000 0.00000 0.00000 ( 1)  0.041  0.000
  46 W   1.00000 0.00000 0.00000 ( 1)  0.041
  47 Y   1.00000 0.00000 0.00000 ( 1)  0.041  0.000
  48 Q   1.00000 0.00000 0.00000 ( 1)  0.041  0.000
  49 F   1.00000 0.00000 0.00000 ( 1)  0.041  0.000
  50 P   1.00000 0.00000 0.00000 ( 1)  0.041  0.000
  51 P   1.00000 0.00000 0.00000 ( 1)  0.041  0.000
  52 M   1.00000 0.00000 0.00000 ( 1)  0.041  0.000
  53 N   1.00000 0.00000 0.00000 ( 1)  0.041  0.000
  54 P   1.00000 0.00000 0.00000 ( 1)  0.041  0.000
  55 L   1.00000 0.00000 0.00000 ( 1)  0.041  0.000
  56 W   1.00000 0.00000 0.00000 ( 1)  0.041
  57 Y   1.00000 0.00000 0.00000 ( 1)  0.041  0.000
  58 G   1.00000 0.00000 0.00000 ( 1)  0.041  0.000
  59 L   1.00000 0.00000 0.00000 ( 1)  0.041  0.000
  60 L   1.00000 0.00000 0.00000 ( 1)  0.041  0.000
  61 G   1.00000 0.00000 0.00000 ( 1)  0.041  0.000
  62 F   1.00000 0.00000 0.00000 ( 1)  0.041  0.000
  63 T   1.00000 0.00000 0.00000 ( 1)  0.041  0.000
  64 I   1.00000 0.00000 0.00000 ( 1)  0.041  0.000
  65 C   1.00000 0.00000 0.00000 ( 1)  0.041  0.000
  66 I   0.00000 1.00000 0.00000 ( 2)  1.000  0.000
  67 L   1.00000 0.00000 0.00000 ( 1)  0.041  0.000
  68 A   1.00000 0.00000 0.00000 ( 1)  0.041  0.000
  69 F   1.00000 0.00000 0.00000 ( 1)  0.041  0.000
  70 I   1.00000 0.00000 0.00000 ( 1)  0.041  0.000
  71 S   1.00000 0.00000 0.00000 ( 1)  0.041  0.000
  72 V   1.00000 0.00000 0.00000 ( 1)  0.041  0.000
  73 T   1.00000 0.00000 0.00000 ( 1)  0.041  0.000
  74 G   1.00000 0.00000 0.00000 ( 1)  0.041  0.000
  75 N   1.00000 0.00000 0.00000 ( 1)  0.041  0.000
  76 G   1.00000 0.00000 0.00000 ( 1)  0.041  0.000
  77 M   1.00000 0.00000 0.00000 ( 1)  0.041  0.000
  78 V   1.00000 0.00000 0.00000 ( 1)  0.041  0.000
  79 I   1.00000 0.00000 0.00000 ( 1)  0.041  0.000
  80 Y   1.00000 0.00000 0.00000 ( 1)  0.041  0.000
  81 I   1.00000 0.00000 0.00000 ( 1)  0.041  0.000
  82 F   1.00000 0.00000 0.00000 ( 1)  0.041  0.000
  83 S   1.00000 0.00000 0.00000 ( 1)  0.041  0.000
  84 T   0.99896 0.00104 0.00000 ( 1)  0.042  0.000
  85 T   1.00000 0.00000 0.00000 ( 1)  0.041  0.000
  86 K   1.00000 0.00000 0.00000 ( 1)  0.041  0.000
  87 S   0.00000 1.00000 0.00000 ( 2)  1.000  0.000
  88 L   1.00000 0.00000 0.00000 ( 1)  0.041  0.000
  89 K   1.00000 0.00000 0.00000 ( 1)  0.041  0.000
  90 T   1.00000 0.00000 0.00000 ( 1)  0.041  0.000
  91 P   1.00000 0.00000 0.00000 ( 1)  0.041  0.000
  92 S   1.00000 0.00000 0.00000 ( 1)  0.041  0.000
  93 N   1.00000 0.00000 0.00000 ( 1)  0.041  0.000
  94 L   1.00000 0.00000 0.00000 ( 1)  0.041  0.000
  95 L   1.00000 0.00000 0.00000 ( 1)  0.041  0.000
  96 V   1.00000 0.00000 0.00000 ( 1)  0.041  0.000
  97 V   1.00000 0.00000 0.00000 ( 1)  0.041  0.000
  98 N   1.00000 0.00000 0.00000 ( 1)  0.041  0.000
  99 L   1.00000 0.00000 0.00000 ( 1)  0.041  0.000
 100 A   1.00000 0.00000 0.00000 ( 1)  0.041  0.000
 101 F   1.00000 0.00000 0.00000 ( 1)  0.041  0.000
 102 S   1.00000 0.00000 0.00000 ( 1)  0.041  0.000
 103 D   1.00000 0.00000 0.00000 ( 1)  0.041  0.000
 104 F   1.00000 0.00000 0.00000 ( 1)  0.041  0.000
 105 L   1.00000 0.00000 0.00000 ( 1)  0.041  0.000
 106 M   1.00000 0.00000 0.00000 ( 1)  0.041  0.000
 107 M   1.00000 0.00000 0.00000 ( 1)  0.041  0.000
 108 A   0.99999 0.00001 0.00000 ( 1)  0.041  0.000
 109 M   0.00000 1.00000 0.00000 ( 2)  1.000  0.000
 110 M   1.00000 0.00000 0.00000 ( 1)  0.041  0.000
 111 A   1.00000 0.00000 0.00000 ( 1)  0.041  0.000
 112 P   1.00000 0.00000 0.00000 ( 1)  0.041  0.000
 113 P   0.88286 0.11714 0.00000 ( 1)  0.153  0.000
 114 L   1.00000 0.00000 0.00000 ( 1)  0.041  0.000
 115 C   1.00000 0.00000 0.00000 ( 1)  0.041  0.000
 116 I   1.00000 0.00000 0.00000 ( 1)  0.041  0.000
 117 N   1.00000 0.00000 0.00000 ( 1)  0.041  0.000
 118 S   1.00000 0.00000 0.00000 ( 1)  0.041  0.000
 119 Y   1.00000 0.00000 0.00000 ( 1)  0.041  0.000
 120 Y   1.00000 0.00000 0.00000 ( 1)  0.041  0.000
 121 Q   1.00000 0.00000 0.00000 ( 1)  0.041  0.000
 122 T   1.00000 0.00000 0.00000 ( 1)  0.041  0.000
 123 W   1.00000 0.00000 0.00000 ( 1)  0.041
 124 V   1.00000 0.00000 0.00000 ( 1)  0.041  0.000
 125 F   1.00000 0.00000 0.00000 ( 1)  0.041  0.000
 126 G   1.00000 0.00000 0.00000 ( 1)  0.041  0.000
 127 P   1.00000 0.00000 0.00000 ( 1)  0.041  0.000
 128 V   1.00000 0.00000 0.00000 ( 1)  0.041  0.000
 129 A   1.00000 0.00000 0.00000 ( 1)  0.041  0.000
 130 C   1.00000 0.00000 0.00000 ( 1)  0.041  0.000
 131 Q   1.00000 0.00000 0.00000 ( 1)  0.041  0.000
 132 F   1.00000 0.00000 0.00000 ( 1)  0.041  0.000
 133 Y   1.00000 0.00000 0.00000 ( 1)  0.041  0.000
 134 A   1.00000 0.00000 0.00000 ( 1)  0.041  0.000
 135 C   1.00000 0.00000 0.00000 ( 1)  0.041  0.000
 136 F   0.99940 0.00060 0.00000 ( 1)  0.041  0.000
 137 G   1.00000 0.00000 0.00000 ( 1)  0.041  0.000
 138 S   1.00000 0.00000 0.00000 ( 1)  0.041  0.000
 139 L   1.00000 0.00000 0.00000 ( 1)  0.041  0.000
 140 F   1.00000 0.00000 0.00000 ( 1)  0.041  0.000
 141 G   1.00000 0.00000 0.00000 ( 1)  0.041  0.000
 142 C   1.00000 0.00000 0.00000 ( 1)  0.041  0.000
 143 V   1.00000 0.00000 0.00000 ( 1)  0.041  0.000
 144 S   1.00000 0.00000 0.00000 ( 1)  0.041  0.000
 145 I   1.00000 0.00000 0.00000 ( 1)  0.041  0.000
 146 W   1.00000 0.00000 0.00000 ( 1)  0.041
 147 T   1.00000 0.00000 0.00000 ( 1)  0.041  0.000
 148 M   1.00000 0.00000 0.00000 ( 1)  0.041  0.000
 149 T   1.00000 0.00000 0.00000 ( 1)  0.041  0.000
 150 A   1.00000 0.00000 0.00000 ( 1)  0.041  0.000
 151 I   1.00000 0.00000 0.00000 ( 1)  0.041  0.000
 152 A   1.00000 0.00000 0.00000 ( 1)  0.041  0.000
 153 F   1.00000 0.00000 0.00000 ( 1)  0.041  0.000
 154 D   1.00000 0.00000 0.00000 ( 1)  0.041  0.000
 155 R   1.00000 0.00000 0.00000 ( 1)  0.041  0.000
 156 Y   1.00000 0.00000 0.00000 ( 1)  0.041  0.000
 157 N   1.00000 0.00000 0.00000 ( 1)  0.041  0.000
 158 V   1.00000 0.00000 0.00000 ( 1)  0.041  0.000
 159 I   1.00000 0.00000 0.00000 ( 1)  0.041  0.000
 160 V   1.00000 0.00000 0.00000 ( 1)  0.041  0.000
 161 K   1.00000 0.00000 0.00000 ( 1)  0.041  0.000
 162 G   1.00000 0.00000 0.00000 ( 1)  0.041  0.000
 163 I   1.00000 0.00000 0.00000 ( 1)  0.041  0.000
 164 A   1.00000 0.00000 0.00000 ( 1)  0.041  0.000
 165 A   1.00000 0.00000 0.00000 ( 1)  0.041  0.000
 166 K   1.00000 0.00000 0.00000 ( 1)  0.041  0.000
 167 P   1.00000 0.00000 0.00000 ( 1)  0.041  0.000
 168 L   1.00000 0.00000 0.00000 ( 1)  0.041  0.000
 169 T   1.00000 0.00000 0.00000 ( 1)  0.041  0.000
 170 V   1.00000 0.00000 0.00000 ( 1)  0.041  0.000
 171 N   1.00000 0.00000 0.00000 ( 1)  0.041  0.000
 172 G   1.00000 0.00000 0.00000 ( 1)  0.041  0.000
 173 A   1.00000 0.00000 0.00000 ( 1)  0.041  0.000
 174 L   1.00000 0.00000 0.00000 ( 1)  0.041  0.000
 175 L   1.00000 0.00000 0.00000 ( 1)  0.041  0.000
 176 Q   1.00000 0.00000 0.00000 ( 1)  0.041  0.000
 177 I   1.00000 0.00000 0.00000 ( 1)  0.041  0.000
 178 F   1.00000 0.00000 0.00000 ( 1)  0.041  0.000
 179 G   1.00000 0.00000 0.00000 ( 1)  0.041  0.000
 180 V   1.00000 0.00000 0.00000 ( 1)  0.041  0.000
 181 W   1.00000 0.00000 0.00000 ( 1)  0.041
 182 A   0.00000 1.00000 0.00000 ( 2)  1.000  0.000
 183 F   1.00000 0.00000 0.00000 ( 1)  0.041  0.000
 184 S   1.00000 0.00000 0.00000 ( 1)  0.041  0.000
 185 L   1.00000 0.00000 0.00000 ( 1)  0.041  0.000
 186 A   0.99999 0.00001 0.00000 ( 1)  0.041  0.000
 187 W   1.00000 0.00000 0.00000 ( 1)  0.041
 188 T   1.00000 0.00000 0.00000 ( 1)  0.041  0.000
 189 L   1.00000 0.00000 0.00000 ( 1)  0.041  0.000
 190 A   1.00000 0.00000 0.00000 ( 1)  0.041  0.000
 191 P   1.00000 0.00000 0.00000 ( 1)  0.041  0.000
 192 I   1.00000 0.00000 0.00000 ( 1)  0.041  0.000
 193 F   1.00000 0.00000 0.00000 ( 1)  0.041  0.000
 194 G   1.00000 0.00000 0.00000 ( 1)  0.041  0.000
 195 W   1.00000 0.00000 0.00000 ( 1)  0.041
 196 S   1.00000 0.00000 0.00000 ( 1)  0.041  0.000
 197 R   1.00000 0.00000 0.00000 ( 1)  0.041  0.000
 198 Y   1.00000 0.00000 0.00000 ( 1)  0.041  0.000
 199 V   1.00000 0.00000 0.00000 ( 1)  0.041  0.000
 200 P   1.00000 0.00000 0.00000 ( 1)  0.041  0.000
 201 E   1.00000 0.00000 0.00000 ( 1)  0.041  0.000
 202 G   1.00000 0.00000 0.00000 ( 1)  0.041  0.000
 203 N   1.00000 0.00000 0.00000 ( 1)  0.041  0.000
 204 M   1.00000 0.00000 0.00000 ( 1)  0.041  0.000
 205 T   1.00000 0.00000 0.00000 ( 1)  0.041  0.000
 206 A   1.00000 0.00000 0.00000 ( 1)  0.041  0.000
 207 C   1.00000 0.00000 0.00000 ( 1)  0.041  0.000
 208 G   1.00000 0.00000 0.00000 ( 1)  0.041  0.000
 209 T   1.00000 0.00000 0.00000 ( 1)  0.041  0.000
 210 D   1.00000 0.00000 0.00000 ( 1)  0.041  0.000
 211 Y   1.00000 0.00000 0.00000 ( 1)  0.041  0.000
 212 L   1.00000 0.00000 0.00000 ( 1)  0.041  0.000
 213 S   0.00000 1.00000 0.00000 ( 2)  1.000  0.000
 214 K   1.00000 0.00000 0.00000 ( 1)  0.041  0.000
 215 D   1.00000 0.00000 0.00000 ( 1)  0.041  0.000
 216 L   1.00000 0.00000 0.00000 ( 1)  0.041  0.000
 217 L   0.00000 1.00000 0.00000 ( 2)  1.000  0.000
 218 S   1.00000 0.00000 0.00000 ( 1)  0.041  0.000
 219 Q   1.00000 0.00000 0.00000 ( 1)  0.041  0.000
 220 I   1.00000 0.00000 0.00000 ( 1)  0.041  0.000
 221 Y   1.00000 0.00000 0.00000 ( 1)  0.041  0.000
 222 I   1.00000 0.00000 0.00000 ( 1)  0.041  0.000
 223 I   1.00000 0.00000 0.00000 ( 1)  0.041  0.000
 224 T   1.00000 0.00000 0.00000 ( 1)  0.041  0.000
 225 Y   1.00000 0.00000 0.00000 ( 1)  0.041  0.000
 226 S   1.00000 0.00000 0.00000 ( 1)  0.041  0.000
 227 I   1.00000 0.00000 0.00000 ( 1)  0.041  0.000
 228 A   1.00000 0.00000 0.00000 ( 1)  0.041  0.000
 229 C   1.00000 0.00000 0.00000 ( 1)  0.041  0.000
 230 Y   1.00000 0.00000 0.00000 ( 1)  0.041  0.000
 231 F   1.00000 0.00000 0.00000 ( 1)  0.041  0.000
 232 L   0.00000 1.00000 0.00000 ( 2)  1.000  0.000
 233 P   1.00000 0.00000 0.00000 ( 1)  0.041  0.000
 234 L   1.00000 0.00000 0.00000 ( 1)  0.041  0.000
 235 A   1.00000 0.00000 0.00000 ( 1)  0.041  0.000
 236 L   1.00000 0.00000 0.00000 ( 1)  0.041  0.000
 237 I   1.00000 0.00000 0.00000 ( 1)  0.041  0.000
 238 V   1.00000 0.00000 0.00000 ( 1)  0.041  0.000
 239 Y   1.00000 0.00000 0.00000 ( 1)  0.041  0.000
 240 S   1.00000 0.00000 0.00000 ( 1)  0.041  0.000
 241 Y   1.00000 0.00000 0.00000 ( 1)  0.041  0.000
 242 F   1.00000 0.00000 0.00000 ( 1)  0.041  0.000
 243 F   1.00000 0.00000 0.00000 ( 1)  0.041  0.000
 244 I   1.00000 0.00000 0.00000 ( 1)  0.041  0.000
 245 V   1.00000 0.00000 0.00000 ( 1)  0.041  0.000
 246 Q   1.00000 0.00000 0.00000 ( 1)  0.041  0.000
 247 A   1.00000 0.00000 0.00000 ( 1)  0.041  0.000
 248 V   1.00000 0.00000 0.00000 ( 1)  0.041  0.000
 249 A   1.00000 0.00000 0.00000 ( 1)  0.041  0.000
 250 A   1.00000 0.00000 0.00000 ( 1)  0.041  0.000
 251 H   1.00000 0.00000 0.00000 ( 1)  0.041
 252 E   1.00000 0.00000 0.00000 ( 1)  0.041  0.000
 253 K   1.00000 0.00000 0.00000 ( 1)  0.041  0.000
 254 A   1.00000 0.00000 0.00000 ( 1)  0.041  0.000
 255 M   1.00000 0.00000 0.00000 ( 1)  0.041  0.000
 256 R   1.00000 0.00000 0.00000 ( 1)  0.041  0.000
 257 E   1.00000 0.00000 0.00000 ( 1)  0.041  0.000
 258 Q   1.00000 0.00000 0.00000 ( 1)  0.041  0.000
 259 A   1.00000 0.00000 0.00000 ( 1)  0.041  0.000
 260 K   1.00000 0.00000 0.00000 ( 1)  0.041  0.000
 261 K   1.00000 0.00000 0.00000 ( 1)  0.041  0.000
 262 M   1.00000 0.00000 0.00000 ( 1)  0.041  0.000
 263 N   1.00000 0.00000 0.00000 ( 1)  0.041  0.000
 264 V   1.00000 0.00000 0.00000 ( 1)  0.041  0.000
 265 A   1.00000 0.00000 0.00000 ( 1)  0.041  0.000
 266 S   1.00000 0.00000 0.00000 ( 1)  0.041  0.000
 267 L   1.00000 0.00000 0.00000 ( 1)  0.041  0.000
 268 R   1.00000 0.00000 0.00000 ( 1)  0.041  0.000
 269 S   1.00000 0.00000 0.00000 ( 1)  0.041  0.000
 270 S   1.00000 0.00000 0.00000 ( 1)  0.041  0.000
 271 E   1.00000 0.00000 0.00000 ( 1)  0.041  0.000
 272 Q   1.00000 0.00000 0.00000 ( 1)  0.041  0.000
 273 A   1.00000 0.00000 0.00000 ( 1)  0.041  0.000
 274 N   1.00000 0.00000 0.00000 ( 1)  0.041  0.000
 275 T   1.00000 0.00000 0.00000 ( 1)  0.041  0.000
 276 S   1.00000 0.00000 0.00000 ( 1)  0.041  0.000
 277 A   1.00000 0.00000 0.00000 ( 1)  0.041  0.000
 278 E   1.00000 0.00000 0.00000 ( 1)  0.041  0.000
 279 C   1.00000 0.00000 0.00000 ( 1)  0.041  0.000
 280 K   1.00000 0.00000 0.00000 ( 1)  0.041  0.000
 281 L   1.00000 0.00000 0.00000 ( 1)  0.041  0.000
 282 A   1.00000 0.00000 0.00000 ( 1)  0.041  0.000
 283 K   1.00000 0.00000 0.00000 ( 1)  0.041  0.000
 284 V   1.00000 0.00000 0.00000 ( 1)  0.041  0.000
 285 A   1.00000 0.00000 0.00000 ( 1)  0.041  0.000
 286 L   1.00000 0.00000 0.00000 ( 1)  0.041  0.000
 287 M   1.00000 0.00000 0.00000 ( 1)  0.041  0.000
 288 T   1.00000 0.00000 0.00000 ( 1)  0.041  0.000
 289 I   1.00000 0.00000 0.00000 ( 1)  0.041  0.000
 290 S   1.00000 0.00000 0.00000 ( 1)  0.041  0.000
 291 L   1.00000 0.00000 0.00000 ( 1)  0.041  0.000
 292 W   1.00000 0.00000 0.00000 ( 1)  0.041
 293 F   1.00000 0.00000 0.00000 ( 1)  0.041  0.000
 294 M   1.00000 0.00000 0.00000 ( 1)  0.041  0.000
 295 A   1.00000 0.00000 0.00000 ( 1)  0.041  0.000
 296 W   1.00000 0.00000 0.00000 ( 1)  0.041
 297 T   1.00000 0.00000 0.00000 ( 1)  0.041  0.000
 298 P   1.00000 0.00000 0.00000 ( 1)  0.041  0.000
 299 Y   1.00000 0.00000 0.00000 ( 1)  0.041  0.000
 300 L   1.00000 0.00000 0.00000 ( 1)  0.041  0.000
 301 V   1.00000 0.00000 0.00000 ( 1)  0.041  0.000
 302 I   1.00000 0.00000 0.00000 ( 1)  0.041  0.000
 303 N   1.00000 0.00000 0.00000 ( 1)  0.041  0.000
 304 F   1.00000 0.00000 0.00000 ( 1)  0.041  0.000
 305 A   1.00000 0.00000 0.00000 ( 1)  0.041  0.000
 306 G   1.00000 0.00000 0.00000 ( 1)  0.041  0.000
 307 V   1.00000 0.00000 0.00000 ( 1)  0.041  0.000
 308 F   1.00000 0.00000 0.00000 ( 1)  0.041  0.000
 309 E   1.00000 0.00000 0.00000 ( 1)  0.041  0.000
 310 T   1.00000 0.00000 0.00000 ( 1)  0.041  0.000
 311 A   1.00000 0.00000 0.00000 ( 1)  0.041  0.000
 312 P   1.00000 0.00000 0.00000 ( 1)  0.041  0.000
 313 I   1.00000 0.00000 0.00000 ( 1)  0.041  0.000
 314 S   1.00000 0.00000 0.00000 ( 1)  0.041  0.000
 315 P   1.00000 0.00000 0.00000 ( 1)  0.041  0.000
 316 L   1.00000 0.00000 0.00000 ( 1)  0.041  0.000
 317 S   1.00000 0.00000 0.00000 ( 1)  0.041  0.000
 318 T   1.00000 0.00000 0.00000 ( 1)  0.041  0.000
 319 I   1.00000 0.00000 0.00000 ( 1)  0.041  0.000
 320 W   1.00000 0.00000 0.00000 ( 1)  0.041
 321 G   1.00000 0.00000 0.00000 ( 1)  0.041  0.000
 322 S   1.00000 0.00000 0.00000 ( 1)  0.041  0.000
 323 V   1.00000 0.00000 0.00000 ( 1)  0.041  0.000
 324 F   1.00000 0.00000 0.00000 ( 1)  0.041  0.000
 325 A   1.00000 0.00000 0.00000 ( 1)  0.041  0.000
 326 K   1.00000 0.00000 0.00000 ( 1)  0.041  0.000
 327 A   1.00000 0.00000 0.00000 ( 1)  0.041  0.000
 328 N   1.00000 0.00000 0.00000 ( 1)  0.041  0.000
 329 A   1.00000 0.00000 0.00000 ( 1)  0.041  0.000
 330 V   1.00000 0.00000 0.00000 ( 1)  0.041  0.000
 331 Y   1.00000 0.00000 0.00000 ( 1)  0.041  0.000
 332 N   1.00000 0.00000 0.00000 ( 1)  0.041  0.000
 333 P   1.00000 0.00000 0.00000 ( 1)  0.041  0.000
 334 I   1.00000 0.00000 0.00000 ( 1)  0.041  0.000
 335 V   1.00000 0.00000 0.00000 ( 1)  0.041  0.000
 336 Y   1.00000 0.00000 0.00000 ( 1)  0.041  0.000
 337 G   1.00000 0.00000 0.00000 ( 1)  0.041  0.000
 338 I   1.00000 0.00000 0.00000 ( 1)  0.041  0.000
 339 S   1.00000 0.00000 0.00000 ( 1)  0.041  0.000
 340 H   1.00000 0.00000 0.00000 ( 1)  0.041  0.000
 341 P   1.00000 0.00000 0.00000 ( 1)  0.041  0.000
 342 K   1.00000 0.00000 0.00000 ( 1)  0.041  0.000
 343 Y   1.00000 0.00000 0.00000 ( 1)  0.041  0.000
 344 R   1.00000 0.00000 0.00000 ( 1)  0.041  0.000
 345 A   1.00000 0.00000 0.00000 ( 1)  0.041  0.000
 346 A   1.00000 0.00000 0.00000 ( 1)  0.041  0.000
 347 L   1.00000 0.00000 0.00000 ( 1)  0.041  0.000
 348 Y   1.00000 0.00000 0.00000 ( 1)  0.041  0.000
 349 Q   1.00000 0.00000 0.00000 ( 1)  0.041  0.000
 350 R   1.00000 0.00000 0.00000 ( 1)  0.041  0.000
 351 F   1.00000 0.00000 0.00000 ( 1)  0.041  0.000
 352 P   1.00000 0.00000 0.00000 ( 1)  0.041  0.000
 353 S   1.00000 0.00000 0.00000 ( 1)  0.041  0.000
 354 L   1.00000 0.00000 0.00000 ( 1)  0.041  0.000
 355 A   1.00000 0.00000 0.00000 ( 1)  0.041  0.000
 356 C   1.00000 0.00000 0.00000 ( 1)  0.041  0.000
 357 Q   1.00000 0.00000 0.00000 ( 1)  0.041  0.000
 358 P   0.91042 0.08958 0.00000 ( 1)  0.127  0.000
 359 S   1.00000 0.00000 0.00000 ( 1)  0.041  0.000
 360 P   1.00000 0.00000 0.00000 ( 1)  0.041  0.000
 361 E   1.00000 0.00000 0.00000 ( 1)  0.041  0.000
 362 E   1.00000 0.00000 0.00000 ( 1)  0.041  0.000
 363 T   0.00000 1.00000 0.00000 ( 2)  1.000  0.000
 364 G   1.00000 0.00000 0.00000 ( 1)  0.041  0.000
 365 S   1.00000 0.00000 0.00000 ( 1)  0.041  0.000
 366 V   1.00000 0.00000 0.00000 ( 1)  0.041  0.000
 367 A   1.00000 0.00000 0.00000 ( 1)  0.041  0.000
 368 S   1.00000 0.00000 0.00000 ( 1)  0.041  0.000
 369 A   1.00000 0.00000 0.00000 ( 1)  0.041  0.000
 370 A   1.00000 0.00000 0.00000 ( 1)  0.041  0.000
 371 T   1.00000 0.00000 0.00000 ( 1)  0.041  0.000
 372 A   1.00000 0.00000 0.00000 ( 1)  0.041  0.000
 373 C   1.00000 0.00000 0.00000 ( 1)  0.041  0.000
 374 T   1.00000 0.00000 0.00000 ( 1)  0.041  0.000
 375 E   1.00000 0.00000 0.00000 ( 1)  0.041  0.000
 376 E   1.00000 0.00000 0.00000 ( 1)  0.041  0.000
 377 K   1.00000 0.00000 0.00000 ( 1)  0.041  0.000
 378 P   1.00000 0.00000 0.00000 ( 1)  0.041  0.000
 379 S   1.00000 0.00000 0.00000 ( 1)  0.041  0.000
 380 A   1.00000 0.00000 0.00000 ( 1)  0.041  0.000

Positively selected sites

	Prob(w>1)  mean w



lnL = -69105.403676

Bayes Empirical Bayes (BEB) probabilities for 3 classes (class) & postmean_w
(amino acids refer to 1st sequence: ColCroc|LWS3)

   1 M   1.00000 0.00000 0.00000 ( 1)  0.050 +-  0.000
   2 A   1.00000 0.00000 0.00000 ( 1)  0.050 +-  0.001
   3 T   0.00000 1.00000 0.00000 ( 2)  1.000 +-  0.000
   4 S   1.00000 0.00000 0.00000 ( 1)  0.050 +-  0.000
   5 M   1.00000 0.00000 0.00000 ( 1)  0.050 +-  0.000
   6 D   1.00000 0.00000 0.00000 ( 1)  0.050 +-  0.000
   7 P   1.00000 0.00000 0.00000 ( 1)  0.050 +-  0.000
   8 A   1.00000 0.00000 0.00000 ( 1)  0.050 +-  0.000
   9 P   1.00000 0.00000 0.00000 ( 1)  0.050 +-  0.000
  10 G   1.00000 0.00000 0.00000 ( 1)  0.050 +-  0.000
  11 V   0.00000 1.00000 0.00000 ( 2)  1.000 +-  0.000
  12 A   1.00000 0.00000 0.00000 ( 1)  0.050 +-  0.000
  13 A   1.00000 0.00000 0.00000 ( 1)  0.050 +-  0.000
  14 M   1.00000 0.00000 0.00000 ( 1)  0.050 +-  0.000
  15 Q   1.00000 0.00000 0.00000 ( 1)  0.050 +-  0.000
  16 T   1.00000 0.00000 0.00000 ( 1)  0.050 +-  0.000
  17 W   1.00000 0.00000 0.00000 ( 1)  0.050 +-  0.000
  18 G   1.00000 0.00000 0.00000 ( 1)  0.050 +-  0.000
  19 G   1.00000 0.00000 0.00000 ( 1)  0.050 +-  0.000
  20 H   1.00000 0.00000 0.00000 ( 1)  0.050 +-  0.000
  21 A   1.00000 0.00000 0.00000 ( 1)  0.050 +-  0.000
  22 E   1.00000 0.00000 0.00000 ( 1)  0.050 +-  0.000
  23 A   1.00000 0.00000 0.00000 ( 1)  0.050 +-  0.000
  24 Y   1.00000 0.00000 0.00000 ( 1)  0.050 +-  0.000
  25 S   1.00000 0.00000 0.00000 ( 1)  0.050 +-  0.000
  26 A   1.00000 0.00000 0.00000 ( 1)  0.050 +-  0.000
  27 N   1.00000 0.00000 0.00000 ( 1)  0.050 +-  0.000
  28 Q   1.00000 0.00000 0.00000 ( 1)  0.050 +-  0.000
  29 T   1.00000 0.00000 0.00000 ( 1)  0.050 +-  0.000
  30 V   1.00000 0.00000 0.00000 ( 1)  0.050 +-  0.000
  31 V   1.00000 0.00000 0.00000 ( 1)  0.050 +-  0.000
  32 D   1.00000 0.00000 0.00000 ( 1)  0.050 +-  0.000
  33 K   1.00000 0.00000 0.00000 ( 1)  0.050 +-  0.000
  34 V   1.00000 0.00000 0.00000 ( 1)  0.050 +-  0.000
  35 L   0.94587 0.05413 0.00000 ( 1)  0.101 +-  0.215
  36 P   1.00000 0.00000 0.00000 ( 1)  0.050 +-  0.000
  37 E   1.00000 0.00000 0.00000 ( 1)  0.050 +-  0.000
  38 M   1.00000 0.00000 0.00000 ( 1)  0.050 +-  0.000
  39 L   1.00000 0.00000 0.00000 ( 1)  0.050 +-  0.000
  40 H   1.00000 0.00000 0.00000 ( 1)  0.050 +-  0.000
  41 L   1.00000 0.00000 0.00000 ( 1)  0.050 +-  0.000
  42 I   1.00000 0.00000 0.00000 ( 1)  0.050 +-  0.000
  43 D   1.00000 0.00000 0.00000 ( 1)  0.050 +-  0.000
  44 A   1.00000 0.00000 0.00000 ( 1)  0.050 +-  0.000
  45 H   1.00000 0.00000 0.00000 ( 1)  0.050 +-  0.000
  46 W   1.00000 0.00000 0.00000 ( 1)  0.050 +-  0.000
  47 Y   1.00000 0.00000 0.00000 ( 1)  0.050 +-  0.000
  48 Q   1.00000 0.00000 0.00000 ( 1)  0.050 +-  0.000
  49 F   1.00000 0.00000 0.00000 ( 1)  0.050 +-  0.000
  50 P   1.00000 0.00000 0.00000 ( 1)  0.050 +-  0.000
  51 P   1.00000 0.00000 0.00000 ( 1)  0.050 +-  0.000
  52 M   1.00000 0.00000 0.00000 ( 1)  0.050 +-  0.000
  53 N   1.00000 0.00000 0.00000 ( 1)  0.050 +-  0.000
  54 P   1.00000 0.00000 0.00000 ( 1)  0.050 +-  0.000
  55 L   1.00000 0.00000 0.00000 ( 1)  0.050 +-  0.000
  56 W   1.00000 0.00000 0.00000 ( 1)  0.050 +-  0.000
  57 Y   1.00000 0.00000 0.00000 ( 1)  0.050 +-  0.000
  58 G   1.00000 0.00000 0.00000 ( 1)  0.050 +-  0.000
  59 L   1.00000 0.00000 0.00000 ( 1)  0.050 +-  0.000
  60 L   1.00000 0.00000 0.00000 ( 1)  0.050 +-  0.000
  61 G   1.00000 0.00000 0.00000 ( 1)  0.050 +-  0.000
  62 F   1.00000 0.00000 0.00000 ( 1)  0.050 +-  0.000
  63 T   1.00000 0.00000 0.00000 ( 1)  0.050 +-  0.000
  64 I   1.00000 0.00000 0.00000 ( 1)  0.050 +-  0.000
  65 C   1.00000 0.00000 0.00000 ( 1)  0.050 +-  0.000
  66 I   0.00000 1.00000 0.00000 ( 2)  1.000 +-  0.000
  67 L   1.00000 0.00000 0.00000 ( 1)  0.050 +-  0.000
  68 A   1.00000 0.00000 0.00000 ( 1)  0.050 +-  0.000
  69 F   1.00000 0.00000 0.00000 ( 1)  0.050 +-  0.000
  70 I   1.00000 0.00000 0.00000 ( 1)  0.050 +-  0.000
  71 S   1.00000 0.00000 0.00000 ( 1)  0.050 +-  0.000
  72 V   1.00000 0.00000 0.00000 ( 1)  0.050 +-  0.000
  73 T   1.00000 0.00000 0.00000 ( 1)  0.050 +-  0.000
  74 G   1.00000 0.00000 0.00000 ( 1)  0.050 +-  0.000
  75 N   1.00000 0.00000 0.00000 ( 1)  0.050 +-  0.000
  76 G   1.00000 0.00000 0.00000 ( 1)  0.050 +-  0.000
  77 M   1.00000 0.00000 0.00000 ( 1)  0.050 +-  0.000
  78 V   1.00000 0.00000 0.00000 ( 1)  0.050 +-  0.000
  79 I   1.00000 0.00000 0.00000 ( 1)  0.050 +-  0.000
  80 Y   1.00000 0.00000 0.00000 ( 1)  0.050 +-  0.000
  81 I   1.00000 0.00000 0.00000 ( 1)  0.050 +-  0.000
  82 F   1.00000 0.00000 0.00000 ( 1)  0.050 +-  0.000
  83 S   1.00000 0.00000 0.00000 ( 1)  0.050 +-  0.000
  84 T   0.99999 0.00001 0.00000 ( 1)  0.050 +-  0.003
  85 T   1.00000 0.00000 0.00000 ( 1)  0.050 +-  0.000
  86 K   1.00000 0.00000 0.00000 ( 1)  0.050 +-  0.000
  87 S   0.00000 1.00000 0.00000 ( 2)  1.000 +-  0.000
  88 L   1.00000 0.00000 0.00000 ( 1)  0.050 +-  0.000
  89 K   1.00000 0.00000 0.00000 ( 1)  0.050 +-  0.000
  90 T   1.00000 0.00000 0.00000 ( 1)  0.050 +-  0.000
  91 P   1.00000 0.00000 0.00000 ( 1)  0.050 +-  0.000
  92 S   1.00000 0.00000 0.00000 ( 1)  0.050 +-  0.000
  93 N   1.00000 0.00000 0.00000 ( 1)  0.050 +-  0.000
  94 L   1.00000 0.00000 0.00000 ( 1)  0.050 +-  0.000
  95 L   1.00000 0.00000 0.00000 ( 1)  0.050 +-  0.000
  96 V   1.00000 0.00000 0.00000 ( 1)  0.050 +-  0.000
  97 V   1.00000 0.00000 0.00000 ( 1)  0.050 +-  0.000
  98 N   1.00000 0.00000 0.00000 ( 1)  0.050 +-  0.000
  99 L   1.00000 0.00000 0.00000 ( 1)  0.050 +-  0.000
 100 A   1.00000 0.00000 0.00000 ( 1)  0.050 +-  0.000
 101 F   1.00000 0.00000 0.00000 ( 1)  0.050 +-  0.000
 102 S   1.00000 0.00000 0.00000 ( 1)  0.050 +-  0.000
 103 D   1.00000 0.00000 0.00000 ( 1)  0.050 +-  0.000
 104 F   1.00000 0.00000 0.00000 ( 1)  0.050 +-  0.000
 105 L   1.00000 0.00000 0.00000 ( 1)  0.050 +-  0.000
 106 M   1.00000 0.00000 0.00000 ( 1)  0.050 +-  0.000
 107 M   1.00000 0.00000 0.00000 ( 1)  0.050 +-  0.000
 108 A   1.00000 0.00000 0.00000 ( 1)  0.050 +-  0.000
 109 M   0.00000 1.00000 0.00000 ( 2)  1.000 +-  0.000
 110 M   1.00000 0.00000 0.00000 ( 1)  0.050 +-  0.000
 111 A   1.00000 0.00000 0.00000 ( 1)  0.050 +-  0.000
 112 P   1.00000 0.00000 0.00000 ( 1)  0.050 +-  0.000
 113 P   0.99943 0.00057 0.00000 ( 1)  0.051 +-  0.023
 114 L   1.00000 0.00000 0.00000 ( 1)  0.050 +-  0.000
 115 C   1.00000 0.00000 0.00000 ( 1)  0.050 +-  0.000
 116 I   1.00000 0.00000 0.00000 ( 1)  0.050 +-  0.000
 117 N   1.00000 0.00000 0.00000 ( 1)  0.050 +-  0.000
 118 S   1.00000 0.00000 0.00000 ( 1)  0.050 +-  0.000
 119 Y   1.00000 0.00000 0.00000 ( 1)  0.050 +-  0.000
 120 Y   1.00000 0.00000 0.00000 ( 1)  0.050 +-  0.000
 121 Q   1.00000 0.00000 0.00000 ( 1)  0.050 +-  0.000
 122 T   1.00000 0.00000 0.00000 ( 1)  0.050 +-  0.000
 123 W   1.00000 0.00000 0.00000 ( 1)  0.050 +-  0.000
 124 V   1.00000 0.00000 0.00000 ( 1)  0.050 +-  0.000
 125 F   1.00000 0.00000 0.00000 ( 1)  0.050 +-  0.000
 126 G   1.00000 0.00000 0.00000 ( 1)  0.050 +-  0.000
 127 P   1.00000 0.00000 0.00000 ( 1)  0.050 +-  0.000
 128 V   1.00000 0.00000 0.00000 ( 1)  0.050 +-  0.000
 129 A   1.00000 0.00000 0.00000 ( 1)  0.050 +-  0.000
 130 C   1.00000 0.00000 0.00000 ( 1)  0.050 +-  0.000
 131 Q   1.00000 0.00000 0.00000 ( 1)  0.050 +-  0.000
 132 F   1.00000 0.00000 0.00000 ( 1)  0.050 +-  0.000
 133 Y   1.00000 0.00000 0.00000 ( 1)  0.050 +-  0.000
 134 A   1.00000 0.00000 0.00000 ( 1)  0.050 +-  0.000
 135 C   1.00000 0.00000 0.00000 ( 1)  0.050 +-  0.000
 136 F   1.00000 0.00000 0.00000 ( 1)  0.050 +-  0.001
 137 G   1.00000 0.00000 0.00000 ( 1)  0.050 +-  0.000
 138 S   1.00000 0.00000 0.00000 ( 1)  0.050 +-  0.000
 139 L   1.00000 0.00000 0.00000 ( 1)  0.050 +-  0.000
 140 F   1.00000 0.00000 0.00000 ( 1)  0.050 +-  0.000
 141 G   1.00000 0.00000 0.00000 ( 1)  0.050 +-  0.000
 142 C   1.00000 0.00000 0.00000 ( 1)  0.050 +-  0.000
 143 V   1.00000 0.00000 0.00000 ( 1)  0.050 +-  0.000
 144 S   1.00000 0.00000 0.00000 ( 1)  0.050 +-  0.000
 145 I   1.00000 0.00000 0.00000 ( 1)  0.050 +-  0.000
 146 W   1.00000 0.00000 0.00000 ( 1)  0.050 +-  0.000
 147 T   1.00000 0.00000 0.00000 ( 1)  0.050 +-  0.000
 148 M   1.00000 0.00000 0.00000 ( 1)  0.050 +-  0.000
 149 T   1.00000 0.00000 0.00000 ( 1)  0.050 +-  0.000
 150 A   1.00000 0.00000 0.00000 ( 1)  0.050 +-  0.000
 151 I   1.00000 0.00000 0.00000 ( 1)  0.050 +-  0.000
 152 A   1.00000 0.00000 0.00000 ( 1)  0.050 +-  0.000
 153 F   1.00000 0.00000 0.00000 ( 1)  0.050 +-  0.000
 154 D   1.00000 0.00000 0.00000 ( 1)  0.050 +-  0.000
 155 R   1.00000 0.00000 0.00000 ( 1)  0.050 +-  0.000
 156 Y   1.00000 0.00000 0.00000 ( 1)  0.050 +-  0.000
 157 N   1.00000 0.00000 0.00000 ( 1)  0.050 +-  0.000
 158 V   1.00000 0.00000 0.00000 ( 1)  0.050 +-  0.000
 159 I   1.00000 0.00000 0.00000 ( 1)  0.050 +-  0.000
 160 V   1.00000 0.00000 0.00000 ( 1)  0.050 +-  0.000
 161 K   1.00000 0.00000 0.00000 ( 1)  0.050 +-  0.000
 162 G   1.00000 0.00000 0.00000 ( 1)  0.050 +-  0.000
 163 I   1.00000 0.00000 0.00000 ( 1)  0.050 +-  0.000
 164 A   1.00000 0.00000 0.00000 ( 1)  0.050 +-  0.000
 165 A   1.00000 0.00000 0.00000 ( 1)  0.050 +-  0.000
 166 K   1.00000 0.00000 0.00000 ( 1)  0.050 +-  0.000
 167 P   1.00000 0.00000 0.00000 ( 1)  0.050 +-  0.000
 168 L   1.00000 0.00000 0.00000 ( 1)  0.050 +-  0.000
 169 T   1.00000 0.00000 0.00000 ( 1)  0.050 +-  0.000
 170 V   1.00000 0.00000 0.00000 ( 1)  0.050 +-  0.000
 171 N   1.00000 0.00000 0.00000 ( 1)  0.050 +-  0.000
 172 G   1.00000 0.00000 0.00000 ( 1)  0.050 +-  0.000
 173 A   1.00000 0.00000 0.00000 ( 1)  0.050 +-  0.000
 174 L   1.00000 0.00000 0.00000 ( 1)  0.050 +-  0.000
 175 L   1.00000 0.00000 0.00000 ( 1)  0.050 +-  0.000
 176 Q   1.00000 0.00000 0.00000 ( 1)  0.050 +-  0.000
 177 I   1.00000 0.00000 0.00000 ( 1)  0.050 +-  0.000
 178 F   1.00000 0.00000 0.00000 ( 1)  0.050 +-  0.000
 179 G   1.00000 0.00000 0.00000 ( 1)  0.050 +-  0.000
 180 V   1.00000 0.00000 0.00000 ( 1)  0.050 +-  0.000
 181 W   1.00000 0.00000 0.00000 ( 1)  0.050 +-  0.000
 182 A   0.00000 0.99825 0.00175 ( 2)  1.001 +-  0.021
 183 F   1.00000 0.00000 0.00000 ( 1)  0.050 +-  0.000
 184 S   1.00000 0.00000 0.00000 ( 1)  0.050 +-  0.000
 185 L   1.00000 0.00000 0.00000 ( 1)  0.050 +-  0.000
 186 A   1.00000 0.00000 0.00000 ( 1)  0.050 +-  0.000
 187 W   1.00000 0.00000 0.00000 ( 1)  0.050 +-  0.000
 188 T   1.00000 0.00000 0.00000 ( 1)  0.050 +-  0.000
 189 L   1.00000 0.00000 0.00000 ( 1)  0.050 +-  0.000
 190 A   1.00000 0.00000 0.00000 ( 1)  0.050 +-  0.000
 191 P   1.00000 0.00000 0.00000 ( 1)  0.050 +-  0.000
 192 I   1.00000 0.00000 0.00000 ( 1)  0.050 +-  0.000
 193 F   1.00000 0.00000 0.00000 ( 1)  0.050 +-  0.000
 194 G   1.00000 0.00000 0.00000 ( 1)  0.050 +-  0.000
 195 W   1.00000 0.00000 0.00000 ( 1)  0.050 +-  0.000
 196 S   1.00000 0.00000 0.00000 ( 1)  0.050 +-  0.000
 197 R   1.00000 0.00000 0.00000 ( 1)  0.050 +-  0.000
 198 Y   1.00000 0.00000 0.00000 ( 1)  0.050 +-  0.000
 199 V   1.00000 0.00000 0.00000 ( 1)  0.050 +-  0.000
 200 P   1.00000 0.00000 0.00000 ( 1)  0.050 +-  0.000
 201 E   1.00000 0.00000 0.00000 ( 1)  0.050 +-  0.000
 202 G   1.00000 0.00000 0.00000 ( 1)  0.050 +-  0.000
 203 N   1.00000 0.00000 0.00000 ( 1)  0.050 +-  0.000
 204 M   1.00000 0.00000 0.00000 ( 1)  0.050 +-  0.000
 205 T   1.00000 0.00000 0.00000 ( 1)  0.050 +-  0.000
 206 A   1.00000 0.00000 0.00000 ( 1)  0.050 +-  0.000
 207 C   1.00000 0.00000 0.00000 ( 1)  0.050 +-  0.000
 208 G   1.00000 0.00000 0.00000 ( 1)  0.050 +-  0.000
 209 T   1.00000 0.00000 0.00000 ( 1)  0.050 +-  0.000
 210 D   1.00000 0.00000 0.00000 ( 1)  0.050 +-  0.000
 211 Y   1.00000 0.00000 0.00000 ( 1)  0.050 +-  0.000
 212 L   1.00000 0.00000 0.00000 ( 1)  0.050 +-  0.000
 213 S   0.00000 1.00000 0.00000 ( 2)  1.000 +-  0.000
 214 K   1.00000 0.00000 0.00000 ( 1)  0.050 +-  0.000
 215 D   1.00000 0.00000 0.00000 ( 1)  0.050 +-  0.000
 216 L   1.00000 0.00000 0.00000 ( 1)  0.050 +-  0.000
 217 L   0.00000 1.00000 0.00000 ( 2)  1.000 +-  0.001
 218 S   1.00000 0.00000 0.00000 ( 1)  0.050 +-  0.000
 219 Q   1.00000 0.00000 0.00000 ( 1)  0.050 +-  0.000
 220 I   1.00000 0.00000 0.00000 ( 1)  0.050 +-  0.000
 221 Y   1.00000 0.00000 0.00000 ( 1)  0.050 +-  0.000
 222 I   1.00000 0.00000 0.00000 ( 1)  0.050 +-  0.000
 223 I   1.00000 0.00000 0.00000 ( 1)  0.050 +-  0.000
 224 T   1.00000 0.00000 0.00000 ( 1)  0.050 +-  0.000
 225 Y   1.00000 0.00000 0.00000 ( 1)  0.050 +-  0.000
 226 S   1.00000 0.00000 0.00000 ( 1)  0.050 +-  0.000
 227 I   1.00000 0.00000 0.00000 ( 1)  0.050 +-  0.000
 228 A   1.00000 0.00000 0.00000 ( 1)  0.050 +-  0.000
 229 C   1.00000 0.00000 0.00000 ( 1)  0.050 +-  0.000
 230 Y   1.00000 0.00000 0.00000 ( 1)  0.050 +-  0.000
 231 F   1.00000 0.00000 0.00000 ( 1)  0.050 +-  0.000
 232 L   0.00000 1.00000 0.00000 ( 2)  1.000 +-  0.000
 233 P   1.00000 0.00000 0.00000 ( 1)  0.050 +-  0.000
 234 L   1.00000 0.00000 0.00000 ( 1)  0.050 +-  0.000
 235 A   1.00000 0.00000 0.00000 ( 1)  0.050 +-  0.000
 236 L   1.00000 0.00000 0.00000 ( 1)  0.050 +-  0.000
 237 I   1.00000 0.00000 0.00000 ( 1)  0.050 +-  0.000
 238 V   1.00000 0.00000 0.00000 ( 1)  0.050 +-  0.000
 239 Y   1.00000 0.00000 0.00000 ( 1)  0.050 +-  0.000
 240 S   1.00000 0.00000 0.00000 ( 1)  0.050 +-  0.000
 241 Y   1.00000 0.00000 0.00000 ( 1)  0.050 +-  0.000
 242 F   1.00000 0.00000 0.00000 ( 1)  0.050 +-  0.000
 243 F   1.00000 0.00000 0.00000 ( 1)  0.050 +-  0.000
 244 I   1.00000 0.00000 0.00000 ( 1)  0.050 +-  0.000
 245 V   1.00000 0.00000 0.00000 ( 1)  0.050 +-  0.000
 246 Q   1.00000 0.00000 0.00000 ( 1)  0.050 +-  0.000
 247 A   1.00000 0.00000 0.00000 ( 1)  0.050 +-  0.000
 248 V   1.00000 0.00000 0.00000 ( 1)  0.050 +-  0.000
 249 A   1.00000 0.00000 0.00000 ( 1)  0.050 +-  0.000
 250 A   1.00000 0.00000 0.00000 ( 1)  0.050 +-  0.000
 251 H   1.00000 0.00000 0.00000 ( 1)  0.050 +-  0.000
 252 E   1.00000 0.00000 0.00000 ( 1)  0.050 +-  0.000
 253 K   1.00000 0.00000 0.00000 ( 1)  0.050 +-  0.000
 254 A   1.00000 0.00000 0.00000 ( 1)  0.050 +-  0.000
 255 M   1.00000 0.00000 0.00000 ( 1)  0.050 +-  0.000
 256 R   1.00000 0.00000 0.00000 ( 1)  0.050 +-  0.000
 257 E   1.00000 0.00000 0.00000 ( 1)  0.050 +-  0.000
 258 Q   1.00000 0.00000 0.00000 ( 1)  0.050 +-  0.000
 259 A   1.00000 0.00000 0.00000 ( 1)  0.050 +-  0.000
 260 K   1.00000 0.00000 0.00000 ( 1)  0.050 +-  0.000
 261 K   1.00000 0.00000 0.00000 ( 1)  0.050 +-  0.000
 262 M   1.00000 0.00000 0.00000 ( 1)  0.050 +-  0.000
 263 N   1.00000 0.00000 0.00000 ( 1)  0.050 +-  0.000
 264 V   1.00000 0.00000 0.00000 ( 1)  0.050 +-  0.000
 265 A   1.00000 0.00000 0.00000 ( 1)  0.050 +-  0.000
 266 S   1.00000 0.00000 0.00000 ( 1)  0.050 +-  0.000
 267 L   1.00000 0.00000 0.00000 ( 1)  0.050 +-  0.000
 268 R   1.00000 0.00000 0.00000 ( 1)  0.050 +-  0.000
 269 S   1.00000 0.00000 0.00000 ( 1)  0.050 +-  0.000
 270 S   1.00000 0.00000 0.00000 ( 1)  0.050 +-  0.000
 271 E   1.00000 0.00000 0.00000 ( 1)  0.050 +-  0.000
 272 Q   1.00000 0.00000 0.00000 ( 1)  0.050 +-  0.000
 273 A   1.00000 0.00000 0.00000 ( 1)  0.050 +-  0.000
 274 N   1.00000 0.00000 0.00000 ( 1)  0.050 +-  0.000
 275 T   1.00000 0.00000 0.00000 ( 1)  0.050 +-  0.000
 276 S   1.00000 0.00000 0.00000 ( 1)  0.050 +-  0.000
 277 A   1.00000 0.00000 0.00000 ( 1)  0.050 +-  0.000
 278 E   1.00000 0.00000 0.00000 ( 1)  0.050 +-  0.000
 279 C   1.00000 0.00000 0.00000 ( 1)  0.050 +-  0.000
 280 K   1.00000 0.00000 0.00000 ( 1)  0.050 +-  0.000
 281 L   1.00000 0.00000 0.00000 ( 1)  0.050 +-  0.000
 282 A   1.00000 0.00000 0.00000 ( 1)  0.050 +-  0.000
 283 K   1.00000 0.00000 0.00000 ( 1)  0.050 +-  0.000
 284 V   1.00000 0.00000 0.00000 ( 1)  0.050 +-  0.000
 285 A   1.00000 0.00000 0.00000 ( 1)  0.050 +-  0.000
 286 L   1.00000 0.00000 0.00000 ( 1)  0.050 +-  0.000
 287 M   1.00000 0.00000 0.00000 ( 1)  0.050 +-  0.000
 288 T   1.00000 0.00000 0.00000 ( 1)  0.050 +-  0.000
 289 I   1.00000 0.00000 0.00000 ( 1)  0.050 +-  0.000
 290 S   1.00000 0.00000 0.00000 ( 1)  0.050 +-  0.000
 291 L   1.00000 0.00000 0.00000 ( 1)  0.050 +-  0.000
 292 W   1.00000 0.00000 0.00000 ( 1)  0.050 +-  0.000
 293 F   1.00000 0.00000 0.00000 ( 1)  0.050 +-  0.000
 294 M   1.00000 0.00000 0.00000 ( 1)  0.050 +-  0.000
 295 A   1.00000 0.00000 0.00000 ( 1)  0.050 +-  0.000
 296 W   1.00000 0.00000 0.00000 ( 1)  0.050 +-  0.000
 297 T   1.00000 0.00000 0.00000 ( 1)  0.050 +-  0.000
 298 P   1.00000 0.00000 0.00000 ( 1)  0.050 +-  0.000
 299 Y   1.00000 0.00000 0.00000 ( 1)  0.050 +-  0.000
 300 L   1.00000 0.00000 0.00000 ( 1)  0.050 +-  0.000
 301 V   1.00000 0.00000 0.00000 ( 1)  0.050 +-  0.000
 302 I   1.00000 0.00000 0.00000 ( 1)  0.050 +-  0.000
 303 N   1.00000 0.00000 0.00000 ( 1)  0.050 +-  0.000
 304 F   1.00000 0.00000 0.00000 ( 1)  0.050 +-  0.000
 305 A   1.00000 0.00000 0.00000 ( 1)  0.050 +-  0.000
 306 G   1.00000 0.00000 0.00000 ( 1)  0.050 +-  0.000
 307 V   1.00000 0.00000 0.00000 ( 1)  0.050 +-  0.000
 308 F   1.00000 0.00000 0.00000 ( 1)  0.050 +-  0.000
 309 E   1.00000 0.00000 0.00000 ( 1)  0.050 +-  0.000
 310 T   1.00000 0.00000 0.00000 ( 1)  0.050 +-  0.000
 311 A   1.00000 0.00000 0.00000 ( 1)  0.050 +-  0.000
 312 P   1.00000 0.00000 0.00000 ( 1)  0.050 +-  0.000
 313 I   1.00000 0.00000 0.00000 ( 1)  0.050 +-  0.000
 314 S   1.00000 0.00000 0.00000 ( 1)  0.050 +-  0.000
 315 P   1.00000 0.00000 0.00000 ( 1)  0.050 +-  0.000
 316 L   1.00000 0.00000 0.00000 ( 1)  0.050 +-  0.000
 317 S   1.00000 0.00000 0.00000 ( 1)  0.050 +-  0.000
 318 T   1.00000 0.00000 0.00000 ( 1)  0.050 +-  0.000
 319 I   1.00000 0.00000 0.00000 ( 1)  0.050 +-  0.000
 320 W   1.00000 0.00000 0.00000 ( 1)  0.050 +-  0.000
 321 G   1.00000 0.00000 0.00000 ( 1)  0.050 +-  0.000
 322 S   1.00000 0.00000 0.00000 ( 1)  0.050 +-  0.000
 323 V   1.00000 0.00000 0.00000 ( 1)  0.050 +-  0.000
 324 F   1.00000 0.00000 0.00000 ( 1)  0.050 +-  0.000
 325 A   1.00000 0.00000 0.00000 ( 1)  0.050 +-  0.000
 326 K   1.00000 0.00000 0.00000 ( 1)  0.050 +-  0.000
 327 A   1.00000 0.00000 0.00000 ( 1)  0.050 +-  0.000
 328 N   1.00000 0.00000 0.00000 ( 1)  0.050 +-  0.000
 329 A   1.00000 0.00000 0.00000 ( 1)  0.050 +-  0.000
 330 V   1.00000 0.00000 0.00000 ( 1)  0.050 +-  0.000
 331 Y   1.00000 0.00000 0.00000 ( 1)  0.050 +-  0.000
 332 N   1.00000 0.00000 0.00000 ( 1)  0.050 +-  0.000
 333 P   1.00000 0.00000 0.00000 ( 1)  0.050 +-  0.000
 334 I   1.00000 0.00000 0.00000 ( 1)  0.050 +-  0.000
 335 V   1.00000 0.00000 0.00000 ( 1)  0.050 +-  0.000
 336 Y   1.00000 0.00000 0.00000 ( 1)  0.050 +-  0.000
 337 G   1.00000 0.00000 0.00000 ( 1)  0.050 +-  0.000
 338 I   1.00000 0.00000 0.00000 ( 1)  0.050 +-  0.000
 339 S   1.00000 0.00000 0.00000 ( 1)  0.050 +-  0.000
 340 H   1.00000 0.00000 0.00000 ( 1)  0.050 +-  0.000
 341 P   1.00000 0.00000 0.00000 ( 1)  0.050 +-  0.000
 342 K   1.00000 0.00000 0.00000 ( 1)  0.050 +-  0.000
 343 Y   1.00000 0.00000 0.00000 ( 1)  0.050 +-  0.000
 344 R   1.00000 0.00000 0.00000 ( 1)  0.050 +-  0.000
 345 A   1.00000 0.00000 0.00000 ( 1)  0.050 +-  0.000
 346 A   1.00000 0.00000 0.00000 ( 1)  0.050 +-  0.000
 347 L   1.00000 0.00000 0.00000 ( 1)  0.050 +-  0.000
 348 Y   1.00000 0.00000 0.00000 ( 1)  0.050 +-  0.000
 349 Q   1.00000 0.00000 0.00000 ( 1)  0.050 +-  0.000
 350 R   1.00000 0.00000 0.00000 ( 1)  0.050 +-  0.000
 351 F   1.00000 0.00000 0.00000 ( 1)  0.050 +-  0.000
 352 P   1.00000 0.00000 0.00000 ( 1)  0.050 +-  0.000
 353 S   1.00000 0.00000 0.00000 ( 1)  0.050 +-  0.000
 354 L   1.00000 0.00000 0.00000 ( 1)  0.050 +-  0.000
 355 A   1.00000 0.00000 0.00000 ( 1)  0.050 +-  0.000
 356 C   1.00000 0.00000 0.00000 ( 1)  0.050 +-  0.000
 357 Q   1.00000 0.00000 0.00000 ( 1)  0.050 +-  0.000
 358 P   0.99963 0.00037 0.00000 ( 1)  0.050 +-  0.018
 359 S   1.00000 0.00000 0.00000 ( 1)  0.050 +-  0.000
 360 P   1.00000 0.00000 0.00000 ( 1)  0.050 +-  0.000
 361 E   1.00000 0.00000 0.00000 ( 1)  0.050 +-  0.000
 362 E   1.00000 0.00000 0.00000 ( 1)  0.050 +-  0.000
 363 T   0.00000 1.00000 0.00000 ( 2)  1.000 +-  0.000
 364 G   1.00000 0.00000 0.00000 ( 1)  0.050 +-  0.000
 365 S   1.00000 0.00000 0.00000 ( 1)  0.050 +-  0.000
 366 V   1.00000 0.00000 0.00000 ( 1)  0.050 +-  0.000
 367 A   1.00000 0.00000 0.00000 ( 1)  0.050 +-  0.000
 368 S   1.00000 0.00000 0.00000 ( 1)  0.050 +-  0.000
 369 A   1.00000 0.00000 0.00000 ( 1)  0.050 +-  0.000
 370 A   1.00000 0.00000 0.00000 ( 1)  0.050 +-  0.000
 371 T   1.00000 0.00000 0.00000 ( 1)  0.050 +-  0.000
 372 A   1.00000 0.00000 0.00000 ( 1)  0.050 +-  0.000
 373 C   1.00000 0.00000 0.00000 ( 1)  0.050 +-  0.000
 374 T   1.00000 0.00000 0.00000 ( 1)  0.050 +-  0.000
 375 E   1.00000 0.00000 0.00000 ( 1)  0.050 +-  0.000
 376 E   1.00000 0.00000 0.00000 ( 1)  0.050 +-  0.000
 377 K   1.00000 0.00000 0.00000 ( 1)  0.050 +-  0.000
 378 P   1.00000 0.00000 0.00000 ( 1)  0.050 +-  0.000
 379 S   1.00000 0.00000 0.00000 ( 1)  0.050 +-  0.000
 380 A   1.00000 0.00000 0.00000 ( 1)  0.050 +-  0.000

Positively selected sites

	Prob(w>1)  mean w

