Supplemental results for CODEML (seqf: align.fa  treef: tree.nwk)


MLEs of dN/dS (w) for site classes (K=11)

p:   0.09947  0.09947  0.09947  0.09947  0.09947  0.09947  0.09947  0.09947  0.09947  0.09947  0.00526
w:   0.00000  0.00013  0.00091  0.00334  0.00894  0.01991  0.03972  0.07467  0.13955  0.29453  1.00000

Naive Empirical Bayes (NEB) probabilities for 11 classes & postmean_w
(amino acids refer to 1st sequence: ColCroc|LWS3)

   1 M   0.00000 0.00001 0.00326 0.09246 0.47457 0.39898 0.03065 0.00006 0.00000 0.00000 0.00000 ( 5)  0.014
   2 A   0.00000 0.00000 0.00000 0.00000 0.00000 0.00000 0.00000 0.00000 0.01500 0.98500 0.00000 (10)  0.292
   3 T   0.00000 0.00000 0.00000 0.00000 0.00000 0.00000 0.00000 0.00000 0.00000 1.00000 0.00000 (10)  0.295
   4 S   0.00000 0.00000 0.00000 0.00000 0.00000 0.00000 0.00000 0.00001 0.27039 0.72960 0.00000 (10)  0.253
   5 M   0.00000 0.00000 0.00000 0.00000 0.00000 0.00000 0.00000 0.01236 0.97900 0.00864 0.00000 ( 9)  0.140
   6 D   0.00000 0.00001 0.00168 0.05325 0.35420 0.49486 0.09509 0.00092 0.00000 0.00000 0.00000 ( 6)  0.017
   7 P   0.00000 0.00000 0.00000 0.00000 0.00000 0.00000 0.00625 0.49558 0.49815 0.00001 0.00000 ( 9)  0.107
   8 A   0.00000 0.00000 0.00029 0.01107 0.11714 0.40555 0.39830 0.06715 0.00050 0.00000 0.00000 ( 6)  0.030
   9 P   0.00000 0.00014 0.00687 0.07188 0.28054 0.42475 0.19933 0.01642 0.00006 0.00000 0.00000 ( 6)  0.020
  10 G   0.00000 0.00023 0.01068 0.10501 0.35557 0.40802 0.11646 0.00403 0.00000 0.00000 0.00000 ( 6)  0.017
  11 V   0.00000 0.00000 0.00000 0.00000 0.00000 0.00000 0.00000 0.00000 0.00000 1.00000 0.00000 (10)  0.295
  12 A   0.00000 0.00000 0.00098 0.03352 0.26405 0.51478 0.18146 0.00521 0.00000 0.00000 0.00000 ( 6)  0.020
  13 A   0.00000 0.00000 0.00006 0.00707 0.14010 0.53864 0.30319 0.01095 0.00000 0.00000 0.00000 ( 6)  0.025
  14 M   0.00000 0.00000 0.00000 0.00000 0.00000 0.00004 0.01664 0.51894 0.46431 0.00006 0.00000 ( 8)  0.104
  15 Q   0.00000 0.00000 0.00000 0.00000 0.00079 0.03422 0.33696 0.56906 0.05897 0.00000 0.00000 ( 8)  0.065
  16 T   0.00000 0.00000 0.00000 0.00000 0.00000 0.00007 0.02409 0.60400 0.37181 0.00002 0.00000 ( 8)  0.098
  17 W   0.00000 0.00000 0.00001 0.00119 0.03401 0.26481 0.52704 0.17053 0.00241 0.00000 0.00000 ( 7)  0.040
  18 G   0.00000 0.00000 0.00000 0.00058 0.03372 0.34926 0.54984 0.06651 0.00009 0.00000 0.00000 ( 7)  0.034
  19 G   0.00000 0.00000 0.00000 0.00000 0.00000 0.00121 0.13055 0.80539 0.06284 0.00000 0.00000 ( 8)  0.074
  20 H   0.00000 0.00000 0.00000 0.00000 0.00000 0.00000 0.00024 0.06159 0.91896 0.01921 0.00000 ( 9)  0.139
  21 A   0.00000 0.00000 0.00000 0.00000 0.00000 0.00000 0.00088 0.27497 0.72412 0.00002 0.00000 ( 9)  0.122
  22 E   0.00000 0.00000 0.00000 0.00000 0.00000 0.00032 0.06903 0.80823 0.12242 0.00000 0.00000 ( 8)  0.080
  23 A   0.00000 0.00042 0.01893 0.16778 0.44813 0.32391 0.04049 0.00034 0.00000 0.00000 0.00000 ( 5)  0.013
  24 Y   0.00000 0.00000 0.00000 0.00000 0.00000 0.00002 0.01608 0.65562 0.32828 0.00000 0.00000 ( 8)  0.095
  25 S   0.00000 0.00000 0.00000 0.00042 0.02600 0.30017 0.57490 0.09825 0.00026 0.00000 0.00000 ( 7)  0.036
  26 A   0.00000 0.00000 0.00000 0.00000 0.00000 0.00000 0.00001 0.04387 0.95590 0.00022 0.00000 ( 9)  0.137
  27 N   0.28337 0.27658 0.23742 0.14739 0.04933 0.00580 0.00012 0.00000 0.00000 0.00000 0.00000 ( 1)  0.001
  28 Q   0.00000 0.00000 0.00000 0.00000 0.00000 0.00000 0.00000 0.00317 0.76476 0.23208 0.00000 ( 9)  0.175
  29 T   0.28263 0.27593 0.23722 0.14797 0.05009 0.00603 0.00013 0.00000 0.00000 0.00000 0.00000 ( 1)  0.001
  30 V   0.28195 0.27532 0.23703 0.14851 0.05080 0.00625 0.00014 0.00000 0.00000 0.00000 0.00000 ( 1)  0.001
  31 V   0.00000 0.00050 0.02226 0.19048 0.46935 0.28992 0.02735 0.00014 0.00000 0.00000 0.00000 ( 5)  0.012
  32 D   0.28767 0.28037 0.23844 0.14378 0.04502 0.00465 0.00008 0.00000 0.00000 0.00000 0.00000 ( 1)  0.001
  33 K   0.00000 0.00000 0.00000 0.00000 0.00096 0.05974 0.52536 0.40795 0.00598 0.00000 0.00000 ( 7)  0.053
  34 V   0.27271 0.26708 0.23420 0.15540 0.06062 0.00963 0.00035 0.00000 0.00000 0.00000 0.00000 ( 1)  0.002
  35 L   0.00000 0.00000 0.00000 0.00000 0.00000 0.00000 0.00000 0.00000 0.00211 0.99789 0.00000 (10)  0.294
  36 P   0.00000 0.00000 0.00001 0.00137 0.03820 0.28469 0.52472 0.14931 0.00170 0.00000 0.00000 ( 7)  0.038
  37 E   0.00000 0.00000 0.00000 0.00000 0.00000 0.00000 0.00000 0.00234 0.98334 0.01432 0.00000 ( 9)  0.142
  38 M   0.00000 0.00000 0.00000 0.00000 0.00000 0.00048 0.17020 0.82439 0.00492 0.00000 0.00000 ( 8)  0.069
  39 L   0.00000 0.00000 0.00000 0.00000 0.00000 0.00001 0.00503 0.32483 0.66976 0.00036 0.00000 ( 9)  0.118
  40 H   0.00027 0.01859 0.11967 0.30973 0.36689 0.16591 0.01871 0.00022 0.00000 0.00000 0.00000 ( 5)  0.008
  41 L   0.00000 0.00000 0.00000 0.00000 0.00012 0.03945 0.68050 0.27971 0.00022 0.00000 0.00000 ( 7)  0.049
  42 I   0.00000 0.00000 0.00000 0.00000 0.00000 0.00000 0.00000 0.02962 0.97029 0.00008 0.00000 ( 9)  0.138
  43 D   0.28041 0.27396 0.23662 0.14975 0.05239 0.00672 0.00017 0.00000 0.00000 0.00000 0.00000 ( 1)  0.001
  44 A   0.00000 0.00000 0.00000 0.00017 0.01189 0.18087 0.56997 0.23399 0.00312 0.00000 0.00000 ( 7)  0.044
  45 H   0.00000 0.00000 0.00000 0.00000 0.00000 0.00000 0.00338 0.42716 0.56945 0.00001 0.00000 ( 9)  0.112
  46 W   0.24145 0.23836 0.21978 0.17059 0.09532 0.03050 0.00390 0.00010 0.00000 0.00000 0.00000 ( 1)  0.002
  47 Y   0.00023 0.01578 0.10305 0.27890 0.36609 0.20241 0.03280 0.00075 0.00000 0.00000 0.00000 ( 5)  0.010
  48 Q   0.23249 0.22993 0.21443 0.17243 0.10451 0.03921 0.00669 0.00030 0.00000 0.00000 0.00000 ( 1)  0.003
  49 F   0.00035 0.02390 0.14988 0.35757 0.35139 0.11039 0.00648 0.00003 0.00000 0.00000 0.00000 ( 4)  0.007
  50 P   0.24425 0.24098 0.22135 0.16976 0.09230 0.02801 0.00326 0.00007 0.00000 0.00000 0.00000 ( 1)  0.002
  51 P   0.25304 0.24914 0.22594 0.16650 0.08261 0.02097 0.00178 0.00002 0.00000 0.00000 0.00000 ( 1)  0.002
  52 M   0.00000 0.00087 0.03737 0.27967 0.50615 0.17056 0.00536 0.00000 0.00000 0.00000 0.00000 ( 5)  0.009
  53 N   0.00038 0.02556 0.15904 0.37014 0.34363 0.09660 0.00465 0.00001 0.00000 0.00000 0.00000 ( 4)  0.007
  54 P   0.00020 0.01379 0.09097 0.25437 0.35986 0.23040 0.04865 0.00176 0.00000 0.00000 0.00000 ( 5)  0.011
  55 L   0.00000 0.00000 0.00021 0.00822 0.09218 0.35780 0.43325 0.10668 0.00166 0.00000 0.00000 ( 7)  0.033
  56 W   0.24145 0.23836 0.21978 0.17059 0.09532 0.03050 0.00390 0.00010 0.00000 0.00000 0.00000 ( 1)  0.002
  57 Y   0.00029 0.01994 0.12746 0.32306 0.36471 0.15012 0.01429 0.00013 0.00000 0.00000 0.00000 ( 5)  0.008
  58 G   0.00000 0.00000 0.00000 0.00000 0.00000 0.00007 0.01812 0.47079 0.51080 0.00021 0.00000 ( 9)  0.107
  59 L   0.00000 0.00000 0.00000 0.00030 0.01935 0.24968 0.58575 0.14415 0.00077 0.00000 0.00000 ( 7)  0.039
  60 L   0.25726 0.25303 0.22794 0.16452 0.07787 0.01806 0.00131 0.00001 0.00000 0.00000 0.00000 ( 1)  0.002
  61 G   0.00022 0.01533 0.10032 0.27351 0.36509 0.20866 0.03594 0.00091 0.00000 0.00000 0.00000 ( 5)  0.010
  62 F   0.00046 0.03092 0.18760 0.40384 0.31346 0.06212 0.00160 0.00000 0.00000 0.00000 0.00000 ( 4)  0.006
  63 T   0.00000 0.00000 0.00000 0.00000 0.00000 0.00000 0.00000 0.00203 0.96398 0.03399 0.00000 ( 9)  0.145
  64 I   0.00000 0.00000 0.00000 0.00000 0.00280 0.17472 0.73458 0.08786 0.00003 0.00000 0.00000 ( 7)  0.039
  65 C   0.00000 0.00000 0.00000 0.00000 0.00000 0.00012 0.04677 0.80906 0.14405 0.00000 0.00000 ( 8)  0.082
  66 I   0.00000 0.00000 0.00000 0.00000 0.00000 0.00000 0.00000 0.00000 0.00000 1.00000 0.00000 (10)  0.295
  67 L   0.00000 0.00022 0.01049 0.10336 0.35214 0.40937 0.12001 0.00440 0.00000 0.00000 0.00000 ( 6)  0.017
  68 A   0.00000 0.00000 0.00002 0.00245 0.06160 0.37582 0.48504 0.07477 0.00029 0.00000 0.00000 ( 7)  0.033
  69 F   0.00000 0.00000 0.00001 0.00275 0.11384 0.59927 0.28006 0.00407 0.00000 0.00000 0.00000 ( 6)  0.024
  70 I   0.00000 0.00000 0.00000 0.00000 0.00000 0.00000 0.00000 0.00374 0.99590 0.00036 0.00000 ( 9)  0.139
  71 S   0.00020 0.01385 0.09136 0.25517 0.36006 0.22948 0.04814 0.00174 0.00000 0.00000 0.00000 ( 5)  0.011
  72 V   0.00000 0.00000 0.00000 0.00000 0.00000 0.00001 0.02596 0.90137 0.07266 0.00000 0.00000 ( 8)  0.078
  73 T   0.00000 0.00000 0.00000 0.00000 0.00000 0.00000 0.00000 0.00013 0.49856 0.50131 0.00000 (10)  0.217
  74 G   0.27288 0.26723 0.23427 0.15531 0.06043 0.00953 0.00034 0.00000 0.00000 0.00000 0.00000 ( 1)  0.002
  75 N   0.28390 0.27705 0.23755 0.14695 0.04879 0.00564 0.00012 0.00000 0.00000 0.00000 0.00000 ( 1)  0.001
  76 G   0.00000 0.00000 0.00036 0.01372 0.13853 0.43745 0.36393 0.04580 0.00020 0.00000 0.00000 ( 6)  0.028
  77 M   0.30132 0.29217 0.24059 0.13118 0.03259 0.00214 0.00002 0.00000 0.00000 0.00000 0.00000 ( 1)  0.001
  78 V   0.28043 0.27398 0.23661 0.14970 0.05237 0.00674 0.00017 0.00000 0.00000 0.00000 0.00000 ( 1)  0.001
  79 I   0.00000 0.00000 0.00000 0.00000 0.00000 0.00000 0.00259 0.62931 0.36810 0.00000 0.00000 ( 8)  0.098
  80 Y   0.00000 0.00000 0.00000 0.00006 0.00893 0.20538 0.64117 0.14410 0.00037 0.00000 0.00000 ( 7)  0.040
  81 I   0.28572 0.27865 0.23798 0.14542 0.04696 0.00516 0.00010 0.00000 0.00000 0.00000 0.00000 ( 1)  0.001
  82 F   0.28974 0.28217 0.23887 0.14198 0.04302 0.00417 0.00006 0.00000 0.00000 0.00000 0.00000 ( 1)  0.001
  83 S   0.00000 0.00000 0.00000 0.00000 0.00000 0.00000 0.00000 0.01182 0.98582 0.00236 0.00000 ( 9)  0.139
  84 T   0.00000 0.00000 0.00000 0.00000 0.00000 0.00000 0.00000 0.00000 0.01446 0.98554 0.00000 (10)  0.292
  85 T   0.26260 0.25793 0.23032 0.16174 0.07185 0.01471 0.00085 0.00001 0.00000 0.00000 0.00000 ( 1)  0.002
  86 K   0.26597 0.26099 0.23171 0.15980 0.06807 0.01282 0.00063 0.00000 0.00000 0.00000 0.00000 ( 1)  0.002
  87 S   0.00000 0.00000 0.00000 0.00000 0.00000 0.00000 0.00000 0.00000 0.00000 1.00000 0.00000 (10)  0.295
  88 L   0.26382 0.25903 0.23081 0.16102 0.07049 0.01405 0.00078 0.00000 0.00000 0.00000 0.00000 ( 1)  0.002
  89 K   0.00022 0.01518 0.09941 0.27171 0.36479 0.21077 0.03696 0.00097 0.00000 0.00000 0.00000 ( 5)  0.010
  90 T   0.25828 0.25397 0.22842 0.16405 0.07672 0.01736 0.00120 0.00001 0.00000 0.00000 0.00000 ( 1)  0.002
  91 P   0.24423 0.24096 0.22134 0.16977 0.09232 0.02803 0.00327 0.00007 0.00000 0.00000 0.00000 ( 1)  0.002
  92 S   0.24154 0.23844 0.21982 0.17054 0.09521 0.03044 0.00390 0.00011 0.00000 0.00000 0.00000 ( 1)  0.002
  93 N   0.28307 0.27632 0.23734 0.14763 0.04963 0.00589 0.00013 0.00000 0.00000 0.00000 0.00000 ( 1)  0.001
  94 L   0.00000 0.00019 0.00904 0.09107 0.32641 0.41903 0.14688 0.00737 0.00001 0.00000 0.00000 ( 6)  0.018
  95 L   0.00018 0.01268 0.08418 0.23972 0.35373 0.24610 0.06051 0.00289 0.00001 0.00000 0.00000 ( 5)  0.012
  96 V   0.00027 0.01848 0.11902 0.30847 0.36675 0.16742 0.01934 0.00025 0.00000 0.00000 0.00000 ( 5)  0.009
  97 V   0.00000 0.00000 0.00000 0.00051 0.03044 0.32865 0.56074 0.07949 0.00016 0.00000 0.00000 ( 7)  0.035
  98 N   0.26915 0.26387 0.23293 0.15780 0.06454 0.01122 0.00048 0.00000 0.00000 0.00000 0.00000 ( 1)  0.002
  99 L   0.25247 0.24861 0.22565 0.16673 0.08325 0.02141 0.00186 0.00003 0.00000 0.00000 0.00000 ( 1)  0.002
 100 A   0.26289 0.25819 0.23044 0.16157 0.07153 0.01455 0.00083 0.00001 0.00000 0.00000 0.00000 ( 1)  0.002
 101 F   0.00042 0.02827 0.17361 0.38830 0.32914 0.07753 0.00272 0.00000 0.00000 0.00000 0.00000 ( 4)  0.006
 102 S   0.26378 0.25900 0.23082 0.16108 0.07053 0.01402 0.00077 0.00000 0.00000 0.00000 0.00000 ( 1)  0.002
 103 D   0.28024 0.27381 0.23657 0.14987 0.05256 0.00678 0.00017 0.00000 0.00000 0.00000 0.00000 ( 1)  0.001
 104 F   0.00000 0.00000 0.00001 0.00311 0.12433 0.61404 0.25551 0.00302 0.00000 0.00000 0.00000 ( 6)  0.024
 105 L   0.00000 0.00000 0.00000 0.00000 0.00002 0.00627 0.23240 0.71439 0.04692 0.00000 0.00000 ( 8)  0.069
 106 M   0.00000 0.00088 0.03762 0.28094 0.50622 0.16911 0.00523 0.00000 0.00000 0.00000 0.00000 ( 5)  0.009
 107 M   0.00053 0.03558 0.21137 0.42596 0.28412 0.04182 0.00063 0.00000 0.00000 0.00000 0.00000 ( 4)  0.005
 108 A   0.00000 0.00000 0.00000 0.00000 0.00000 0.00000 0.00000 0.00000 0.02073 0.97927 0.00000 (10)  0.291
 109 M   0.00000 0.00000 0.00000 0.00000 0.00000 0.00000 0.00000 0.00000 0.00000 0.00026 0.99974 (11)  1.000
 110 M   0.30132 0.29217 0.24059 0.13118 0.03259 0.00214 0.00002 0.00000 0.00000 0.00000 0.00000 ( 1)  0.001
 111 A   0.00000 0.00000 0.00000 0.00000 0.00000 0.00001 0.00965 0.45995 0.53032 0.00007 0.00000 ( 9)  0.109
 112 P   0.00000 0.00000 0.00000 0.00000 0.00000 0.00105 0.09428 0.74908 0.15558 0.00000 0.00000 ( 8)  0.081
 113 P   0.00000 0.00000 0.00000 0.00000 0.00000 0.00000 0.00000 0.00000 0.00274 0.99726 0.00000 (10)  0.294
 114 L   0.00000 0.00000 0.00025 0.02567 0.33469 0.56664 0.07256 0.00019 0.00000 0.00000 0.00000 ( 6)  0.017
 115 C   0.00000 0.00000 0.00000 0.00000 0.00051 0.05381 0.57948 0.36398 0.00222 0.00000 0.00000 ( 7)  0.052
 116 I   0.00000 0.00000 0.00000 0.00000 0.00000 0.00000 0.00000 0.00003 0.36284 0.63713 0.00000 (10)  0.238
 117 N   0.00000 0.00000 0.00000 0.00008 0.01222 0.25056 0.63695 0.10005 0.00013 0.00000 0.00000 ( 7)  0.038
 118 S   0.00000 0.00000 0.00001 0.00164 0.04428 0.31187 0.51856 0.12266 0.00098 0.00000 0.00000 ( 7)  0.037
 119 Y   0.00000 0.00000 0.00000 0.00040 0.02479 0.29159 0.57790 0.10501 0.00031 0.00000 0.00000 ( 7)  0.037
 120 Y   0.00000 0.00000 0.00000 0.00000 0.00000 0.00000 0.00000 0.00788 0.99074 0.00138 0.00000 ( 9)  0.139
 121 Q   0.00022 0.01524 0.09976 0.27243 0.36497 0.20994 0.03650 0.00094 0.00000 0.00000 0.00000 ( 5)  0.010
 122 T   0.00024 0.01628 0.10600 0.28459 0.36673 0.19572 0.02984 0.00061 0.00000 0.00000 0.00000 ( 5)  0.009
 123 W   0.24145 0.23836 0.21978 0.17059 0.09532 0.03050 0.00390 0.00010 0.00000 0.00000 0.00000 ( 1)  0.002
 124 V   0.00000 0.00000 0.00000 0.00000 0.00000 0.00000 0.00522 0.38792 0.60676 0.00009 0.00000 ( 9)  0.114
 125 F   0.00000 0.00000 0.00000 0.00000 0.00000 0.00106 0.14837 0.81893 0.03163 0.00000 0.00000 ( 8)  0.071
 126 G   0.24406 0.24080 0.22124 0.16982 0.09251 0.02818 0.00331 0.00008 0.00000 0.00000 0.00000 ( 1)  0.002
 127 P   0.00000 0.00000 0.00000 0.00000 0.00000 0.00000 0.00000 0.00006 0.17236 0.82758 0.00000 (10)  0.268
 128 V   0.00000 0.00000 0.00000 0.00000 0.00000 0.00000 0.00000 0.00321 0.93791 0.05888 0.00000 ( 9)  0.148
 129 A   0.00000 0.00027 0.01245 0.11938 0.38175 0.39202 0.09186 0.00227 0.00000 0.00000 0.00000 ( 6)  0.015
 130 C   0.25048 0.24678 0.22466 0.16757 0.08547 0.02288 0.00213 0.00003 0.00000 0.00000 0.00000 ( 1)  0.002
 131 Q   0.00000 0.00000 0.00002 0.00219 0.05617 0.35781 0.49722 0.08620 0.00040 0.00000 0.00000 ( 7)  0.034
 132 F   0.00000 0.00000 0.00000 0.00000 0.00000 0.00000 0.00000 0.00687 0.95687 0.03626 0.00000 ( 9)  0.145
 133 Y   0.26467 0.25981 0.23119 0.16057 0.06953 0.01352 0.00071 0.00000 0.00000 0.00000 0.00000 ( 1)  0.002
 134 A   0.00000 0.00000 0.00003 0.00437 0.09736 0.47021 0.39859 0.02941 0.00003 0.00000 0.00000 ( 6)  0.028
 135 C   0.00000 0.00023 0.01089 0.10672 0.35905 0.40651 0.11291 0.00369 0.00000 0.00000 0.00000 ( 6)  0.016
 136 F   0.00000 0.00000 0.00000 0.00000 0.00000 0.00000 0.00000 0.00000 0.00823 0.99177 0.00000 (10)  0.293
 137 G   0.25965 0.25523 0.22904 0.16334 0.07517 0.01648 0.00107 0.00001 0.00000 0.00000 0.00000 ( 1)  0.002
 138 S   0.24308 0.23988 0.22069 0.17010 0.09356 0.02905 0.00354 0.00009 0.00000 0.00000 0.00000 ( 1)  0.002
 139 L   0.00016 0.01102 0.07379 0.21619 0.34050 0.26913 0.08325 0.00595 0.00003 0.00000 0.00000 ( 5)  0.013
 140 F   0.00000 0.00000 0.00000 0.00011 0.01773 0.34937 0.59958 0.03320 0.00000 0.00000 0.00000 ( 7)  0.033
 141 G   0.25485 0.25082 0.22682 0.16569 0.08058 0.01967 0.00156 0.00002 0.00000 0.00000 0.00000 ( 1)  0.002
 142 C   0.00000 0.00000 0.00056 0.02053 0.18743 0.48656 0.28529 0.01959 0.00003 0.00000 0.00000 ( 6)  0.024
 143 V   0.00000 0.00000 0.00000 0.00000 0.00000 0.00000 0.00000 0.00020 0.68754 0.31226 0.00000 ( 9)  0.188
 144 S   0.25526 0.25119 0.22701 0.16549 0.08012 0.01940 0.00151 0.00002 0.00000 0.00000 0.00000 ( 1)  0.002
 145 I   0.28256 0.27587 0.23719 0.14802 0.05017 0.00606 0.00014 0.00000 0.00000 0.00000 0.00000 ( 1)  0.001
 146 W   0.24145 0.23836 0.21978 0.17059 0.09532 0.03050 0.00390 0.00010 0.00000 0.00000 0.00000 ( 1)  0.002
 147 T   0.00000 0.00000 0.00000 0.00000 0.00006 0.01587 0.38959 0.58413 0.01035 0.00000 0.00000 ( 8)  0.061
 148 M   0.30132 0.29217 0.24059 0.13118 0.03259 0.00214 0.00002 0.00000 0.00000 0.00000 0.00000 ( 1)  0.001
 149 T   0.26145 0.25687 0.22982 0.16237 0.07315 0.01540 0.00094 0.00001 0.00000 0.00000 0.00000 ( 1)  0.002
 150 A   0.00000 0.00000 0.00000 0.00000 0.00186 0.17827 0.76646 0.05341 0.00000 0.00000 0.00000 ( 7)  0.038
 151 I   0.28437 0.27746 0.23765 0.14654 0.04833 0.00554 0.00011 0.00000 0.00000 0.00000 0.00000 ( 1)  0.001
 152 A   0.27811 0.27192 0.23594 0.15149 0.05481 0.00752 0.00021 0.00000 0.00000 0.00000 0.00000 ( 1)  0.001
 153 F   0.29257 0.28464 0.23940 0.13945 0.04033 0.00357 0.00005 0.00000 0.00000 0.00000 0.00000 ( 1)  0.001
 154 D   0.28492 0.27795 0.23780 0.14611 0.04776 0.00536 0.00010 0.00000 0.00000 0.00000 0.00000 ( 1)  0.001
 155 R   0.23578 0.23303 0.21645 0.17188 0.10122 0.03590 0.00554 0.00021 0.00000 0.00000 0.00000 ( 1)  0.003
 156 Y   0.26784 0.26269 0.23244 0.15864 0.06599 0.01186 0.00054 0.00000 0.00000 0.00000 0.00000 ( 1)  0.002
 157 N   0.27348 0.26778 0.23447 0.15488 0.05978 0.00929 0.00033 0.00000 0.00000 0.00000 0.00000 ( 1)  0.001
 158 V   0.28040 0.27395 0.23660 0.14973 0.05241 0.00674 0.00017 0.00000 0.00000 0.00000 0.00000 ( 1)  0.001
 159 I   0.29630 0.28787 0.23998 0.13599 0.03694 0.00289 0.00003 0.00000 0.00000 0.00000 0.00000 ( 1)  0.001
 160 V   0.26588 0.26090 0.23166 0.15982 0.06819 0.01291 0.00065 0.00000 0.00000 0.00000 0.00000 ( 1)  0.002
 161 K   0.00025 0.01711 0.11096 0.29386 0.36717 0.18475 0.02545 0.00044 0.00000 0.00000 0.00000 ( 5)  0.009
 162 G   0.25067 0.24695 0.22476 0.16750 0.08526 0.02274 0.00210 0.00003 0.00000 0.00000 0.00000 ( 1)  0.002
 163 I   0.00044 0.02990 0.18228 0.39810 0.31956 0.06774 0.00197 0.00000 0.00000 0.00000 0.00000 ( 4)  0.006
 164 A   0.28241 0.27573 0.23716 0.14814 0.05032 0.00610 0.00014 0.00000 0.00000 0.00000 0.00000 ( 1)  0.001
 165 A   0.00036 0.02454 0.15339 0.36238 0.34840 0.10511 0.00579 0.00002 0.00000 0.00000 0.00000 ( 4)  0.007
 166 K   0.00000 0.00026 0.01218 0.11726 0.37832 0.39476 0.09480 0.00241 0.00000 0.00000 0.00000 ( 6)  0.016
 167 P   0.25316 0.24926 0.22600 0.16644 0.08247 0.02089 0.00176 0.00002 0.00000 0.00000 0.00000 ( 1)  0.002
 168 L   0.00000 0.00000 0.00000 0.00000 0.00140 0.14891 0.77420 0.07548 0.00001 0.00000 0.00000 ( 7)  0.039
 169 T   0.00000 0.00000 0.00000 0.00000 0.00000 0.00000 0.00000 0.02579 0.97397 0.00023 0.00000 ( 9)  0.138
 170 V   0.00000 0.00000 0.00000 0.00000 0.00000 0.00000 0.00528 0.73637 0.25835 0.00000 0.00000 ( 8)  0.091
 171 N   0.00000 0.00000 0.00000 0.00000 0.00110 0.09371 0.68671 0.21810 0.00037 0.00000 0.00000 ( 7)  0.045
 172 G   0.00017 0.01203 0.08015 0.23081 0.34937 0.25530 0.06838 0.00376 0.00001 0.00000 0.00000 ( 5)  0.012
 173 A   0.26486 0.25998 0.23125 0.16044 0.06932 0.01344 0.00070 0.00000 0.00000 0.00000 0.00000 ( 1)  0.002
 174 L   0.00000 0.00000 0.00000 0.00001 0.00208 0.07304 0.48860 0.42299 0.01327 0.00000 0.00000 ( 7)  0.054
 175 L   0.00000 0.00000 0.00000 0.00000 0.00000 0.00045 0.05143 0.63716 0.31092 0.00005 0.00000 ( 8)  0.093
 176 Q   0.00014 0.00983 0.06625 0.19823 0.32762 0.28429 0.10374 0.00983 0.00007 0.00000 0.00000 ( 5)  0.014
 177 I   0.00000 0.00052 0.02306 0.19572 0.47325 0.28221 0.02513 0.00012 0.00000 0.00000 0.00000 ( 5)  0.012
 178 F   0.00000 0.00000 0.00000 0.00000 0.00000 0.00000 0.00070 0.17287 0.82602 0.00040 0.00000 ( 9)  0.128
 179 G   0.00000 0.00000 0.00000 0.00000 0.00017 0.02359 0.40078 0.56051 0.01495 0.00000 0.00000 ( 8)  0.060
 180 V   0.00000 0.00000 0.00000 0.00001 0.00539 0.26037 0.69578 0.03845 0.00000 0.00000 0.00000 ( 7)  0.036
 181 W   0.24145 0.23836 0.21978 0.17059 0.09532 0.03050 0.00390 0.00010 0.00000 0.00000 0.00000 ( 1)  0.002
 182 A   0.00000 0.00000 0.00000 0.00000 0.00000 0.00000 0.00000 0.00000 0.00000 0.00000 1.00000 (11)  1.000
 183 F   0.29339 0.28535 0.23954 0.13870 0.03957 0.00341 0.00004 0.00000 0.00000 0.00000 0.00000 ( 1)  0.001
 184 S   0.00000 0.00000 0.00000 0.00000 0.00000 0.00000 0.00102 0.15246 0.84435 0.00216 0.00000 ( 9)  0.130
 185 L   0.00000 0.00000 0.00000 0.00000 0.00000 0.00036 0.05902 0.74001 0.20061 0.00000 0.00000 ( 8)  0.086
 186 A   0.00000 0.00000 0.00000 0.00000 0.00000 0.00000 0.00000 0.00000 0.03465 0.96535 0.00000 (10)  0.289
 187 W   0.24145 0.23836 0.21978 0.17059 0.09532 0.03050 0.00390 0.00010 0.00000 0.00000 0.00000 ( 1)  0.002
 188 T   0.26562 0.26067 0.23156 0.15999 0.06847 0.01303 0.00066 0.00000 0.00000 0.00000 0.00000 ( 1)  0.002
 189 L   0.00000 0.00000 0.00000 0.00000 0.00000 0.00000 0.00000 0.00048 0.65679 0.34273 0.00000 ( 9)  0.193
 190 A   0.00025 0.01724 0.11174 0.29536 0.36734 0.18298 0.02467 0.00041 0.00000 0.00000 0.00000 ( 5)  0.009
 191 P   0.24187 0.23875 0.22002 0.17046 0.09486 0.03013 0.00381 0.00010 0.00000 0.00000 0.00000 ( 1)  0.002
 192 I   0.00000 0.00000 0.00000 0.00000 0.00000 0.00006 0.05604 0.91353 0.03037 0.00000 0.00000 ( 8)  0.075
 193 F   0.00000 0.00000 0.00000 0.00104 0.06462 0.53923 0.38722 0.00789 0.00000 0.00000 0.00000 ( 6)  0.027
 194 G   0.25557 0.25148 0.22716 0.16536 0.07977 0.01917 0.00147 0.00002 0.00000 0.00000 0.00000 ( 1)  0.002
 195 W   0.24145 0.23836 0.21978 0.17059 0.09532 0.03050 0.00390 0.00010 0.00000 0.00000 0.00000 ( 1)  0.002
 196 S   0.00000 0.00000 0.00010 0.01172 0.20146 0.58547 0.19835 0.00290 0.00000 0.00000 0.00000 ( 6)  0.022
 197 R   0.00000 0.00000 0.00000 0.00014 0.01009 0.16161 0.55718 0.26635 0.00462 0.00000 0.00000 ( 7)  0.046
 198 Y   0.25481 0.25078 0.22680 0.16571 0.08062 0.01970 0.00156 0.00002 0.00000 0.00000 0.00000 ( 1)  0.002
 199 V   0.00000 0.00031 0.01442 0.13476 0.40634 0.37200 0.07094 0.00122 0.00000 0.00000 0.00000 ( 5)  0.014
 200 P   0.25197 0.24816 0.22541 0.16696 0.08380 0.02175 0.00192 0.00003 0.00000 0.00000 0.00000 ( 1)  0.002
 201 E   0.25816 0.25386 0.22837 0.16412 0.07686 0.01742 0.00120 0.00001 0.00000 0.00000 0.00000 ( 1)  0.002
 202 G   0.25551 0.25143 0.22713 0.16538 0.07983 0.01921 0.00148 0.00002 0.00000 0.00000 0.00000 ( 1)  0.002
 203 N   0.28658 0.27941 0.23820 0.14472 0.04610 0.00492 0.00009 0.00000 0.00000 0.00000 0.00000 ( 1)  0.001
 204 M   0.30132 0.29217 0.24059 0.13118 0.03259 0.00214 0.00002 0.00000 0.00000 0.00000 0.00000 ( 1)  0.001
 205 T   0.00000 0.00039 0.01782 0.15991 0.43939 0.33569 0.04634 0.00046 0.00000 0.00000 0.00000 ( 5)  0.013
 206 A   0.00000 0.00039 0.01755 0.15795 0.43702 0.33858 0.04801 0.00050 0.00000 0.00000 0.00000 ( 5)  0.013
 207 C   0.26140 0.25683 0.22981 0.16243 0.07321 0.01539 0.00093 0.00001 0.00000 0.00000 0.00000 ( 1)  0.002
 208 G   0.24506 0.24174 0.22180 0.16950 0.09142 0.02731 0.00310 0.00007 0.00000 0.00000 0.00000 ( 1)  0.002
 209 T   0.27115 0.26568 0.23366 0.15647 0.06233 0.01031 0.00040 0.00000 0.00000 0.00000 0.00000 ( 1)  0.002
 210 D   0.28682 0.27962 0.23825 0.14451 0.04585 0.00486 0.00009 0.00000 0.00000 0.00000 0.00000 ( 1)  0.001
 211 Y   0.26583 0.26087 0.23166 0.15988 0.06823 0.01289 0.00064 0.00000 0.00000 0.00000 0.00000 ( 1)  0.002
 212 L   0.00000 0.00000 0.00002 0.00236 0.06064 0.37903 0.48887 0.06889 0.00019 0.00000 0.00000 ( 7)  0.033
 213 S   0.00000 0.00000 0.00000 0.00000 0.00000 0.00000 0.00000 0.00000 0.00000 1.00000 0.00000 (10)  0.295
 214 K   0.00028 0.01894 0.12169 0.31326 0.36645 0.16172 0.01746 0.00019 0.00000 0.00000 0.00000 ( 5)  0.008
 215 D   0.00000 0.00000 0.00000 0.00000 0.00000 0.00000 0.00000 0.00435 0.99256 0.00309 0.00000 ( 9)  0.140
 216 L   0.00000 0.00000 0.00000 0.00000 0.00020 0.01738 0.28196 0.63607 0.06438 0.00000 0.00000 ( 8)  0.068
 217 L   0.00000 0.00000 0.00000 0.00000 0.00000 0.00000 0.00000 0.00000 0.00001 0.99999 0.00000 (10)  0.295
 218 S   0.00000 0.00000 0.00008 0.00985 0.17838 0.57405 0.23300 0.00464 0.00000 0.00000 0.00000 ( 6)  0.023
 219 Q   0.00000 0.00000 0.00000 0.00008 0.00610 0.11206 0.49636 0.37072 0.01468 0.00000 0.00000 ( 7)  0.052
 220 I   0.00000 0.00000 0.00007 0.00887 0.16549 0.56448 0.25493 0.00616 0.00000 0.00000 0.00000 ( 6)  0.023
 221 Y   0.26782 0.26267 0.23243 0.15866 0.06602 0.01187 0.00054 0.00000 0.00000 0.00000 0.00000 ( 1)  0.002
 222 I   0.29683 0.28832 0.24006 0.13549 0.03647 0.00281 0.00003 0.00000 0.00000 0.00000 0.00000 ( 1)  0.001
 223 I   0.00000 0.00000 0.00000 0.00000 0.00009 0.01391 0.30297 0.64714 0.03589 0.00000 0.00000 ( 8)  0.066
 224 T   0.00000 0.00000 0.00000 0.00000 0.00000 0.00000 0.00000 0.00030 0.99141 0.00829 0.00000 ( 9)  0.141
 225 Y   0.26679 0.26174 0.23203 0.15929 0.06716 0.01239 0.00059 0.00000 0.00000 0.00000 0.00000 ( 1)  0.002
 226 S   0.00000 0.00000 0.00000 0.00002 0.00350 0.10730 0.56466 0.31996 0.00457 0.00000 0.00000 ( 7)  0.049
 227 I   0.00000 0.00000 0.00000 0.00000 0.00000 0.00006 0.04427 0.88542 0.07026 0.00000 0.00000 ( 8)  0.078
 228 A   0.00000 0.00000 0.00000 0.00000 0.00020 0.05473 0.73336 0.21160 0.00011 0.00000 0.00000 ( 7)  0.046
 229 C   0.00000 0.00000 0.00000 0.00000 0.00000 0.00000 0.00000 0.00001 0.40387 0.59612 0.00000 (10)  0.232
 230 Y   0.26659 0.26156 0.23196 0.15941 0.06738 0.01249 0.00060 0.00000 0.00000 0.00000 0.00000 ( 1)  0.002
 231 F   0.00000 0.00000 0.00000 0.00001 0.00395 0.21628 0.72182 0.05794 0.00001 0.00000 0.00000 ( 7)  0.037
 232 L   0.00000 0.00000 0.00000 0.00000 0.00000 0.00000 0.00000 0.00000 0.00000 1.00000 0.00000 (10)  0.295
 233 P   0.24864 0.24507 0.22371 0.16828 0.08750 0.02433 0.00242 0.00004 0.00000 0.00000 0.00000 ( 1)  0.002
 234 L   0.25138 0.24761 0.22511 0.16719 0.08446 0.02222 0.00201 0.00003 0.00000 0.00000 0.00000 ( 1)  0.002
 235 A   0.00000 0.00000 0.00000 0.00000 0.00000 0.00000 0.00000 0.00067 0.80053 0.19880 0.00000 ( 9)  0.170
 236 L   0.00000 0.00034 0.01544 0.14251 0.41759 0.36122 0.06203 0.00088 0.00000 0.00000 0.00000 ( 5)  0.014
 237 I   0.29722 0.28865 0.24011 0.13513 0.03613 0.00274 0.00003 0.00000 0.00000 0.00000 0.00000 ( 1)  0.001
 238 V   0.00000 0.00000 0.00000 0.00054 0.05497 0.55009 0.38780 0.00660 0.00000 0.00000 0.00000 ( 6)  0.027
 239 Y   0.26455 0.25971 0.23114 0.16064 0.06966 0.01358 0.00071 0.00000 0.00000 0.00000 0.00000 ( 1)  0.002
 240 S   0.25547 0.25139 0.22712 0.16541 0.07988 0.01924 0.00148 0.00002 0.00000 0.00000 0.00000 ( 1)  0.002
 241 Y   0.26556 0.26062 0.23155 0.16004 0.06853 0.01304 0.00066 0.00000 0.00000 0.00000 0.00000 ( 1)  0.002
 242 F   0.00000 0.00000 0.00000 0.00000 0.00000 0.00271 0.31138 0.68305 0.00286 0.00000 0.00000 ( 8)  0.064
 243 F   0.00000 0.00000 0.00000 0.00043 0.04581 0.51008 0.43361 0.01008 0.00000 0.00000 0.00000 ( 6)  0.029
 244 I   0.27957 0.27321 0.23638 0.15039 0.05327 0.00700 0.00018 0.00000 0.00000 0.00000 0.00000 ( 1)  0.001
 245 V   0.00000 0.00000 0.00000 0.00000 0.00012 0.02645 0.49900 0.47083 0.00359 0.00000 0.00000 ( 7)  0.056
 246 Q   0.00000 0.00000 0.00024 0.00961 0.10475 0.38397 0.41714 0.08345 0.00084 0.00000 0.00000 ( 7)  0.032
 247 A   0.00000 0.00000 0.00120 0.03989 0.29598 0.51335 0.14667 0.00291 0.00000 0.00000 0.00000 ( 6)  0.019
 248 V   0.25153 0.24775 0.22518 0.16712 0.08429 0.02210 0.00199 0.00003 0.00000 0.00000 0.00000 ( 1)  0.002
 249 A   0.00000 0.00000 0.00000 0.00000 0.00000 0.00020 0.03862 0.64404 0.31711 0.00002 0.00000 ( 8)  0.094
 250 A   0.00000 0.00000 0.00087 0.03007 0.24563 0.51290 0.20346 0.00707 0.00000 0.00000 0.00000 ( 6)  0.021
 251 H   0.27018 0.26481 0.23332 0.15714 0.06339 0.01072 0.00044 0.00000 0.00000 0.00000 0.00000 ( 1)  0.002
 252 E   0.26142 0.25685 0.22982 0.16241 0.07318 0.01539 0.00093 0.00001 0.00000 0.00000 0.00000 ( 1)  0.002
 253 K   0.00000 0.00000 0.00000 0.00000 0.00000 0.00000 0.00056 0.15273 0.84628 0.00043 0.00000 ( 9)  0.130
 254 A   0.00000 0.00000 0.00000 0.00000 0.00000 0.00000 0.00000 0.00001 0.20125 0.79874 0.00000 (10)  0.263
 255 M   0.30132 0.29217 0.24059 0.13118 0.03259 0.00214 0.00002 0.00000 0.00000 0.00000 0.00000 ( 1)  0.001
 256 R   0.25656 0.25239 0.22764 0.16491 0.07866 0.01847 0.00136 0.00001 0.00000 0.00000 0.00000 ( 1)  0.002
 257 E   0.25267 0.24880 0.22576 0.16667 0.08303 0.02123 0.00182 0.00002 0.00000 0.00000 0.00000 ( 1)  0.002
 258 Q   0.23291 0.23033 0.21469 0.17236 0.10409 0.03879 0.00655 0.00029 0.00000 0.00000 0.00000 ( 1)  0.003
 259 A   0.27190 0.26635 0.23391 0.15595 0.06152 0.01000 0.00038 0.00000 0.00000 0.00000 0.00000 ( 1)  0.002
 260 K   0.26416 0.25935 0.23098 0.16087 0.07010 0.01380 0.00074 0.00000 0.00000 0.00000 0.00000 ( 1)  0.002
 261 K   0.25247 0.24862 0.22566 0.16675 0.08325 0.02138 0.00185 0.00002 0.00000 0.00000 0.00000 ( 1)  0.002
 262 M   0.30132 0.29217 0.24059 0.13118 0.03259 0.00214 0.00002 0.00000 0.00000 0.00000 0.00000 ( 1)  0.001
 263 N   0.28225 0.27560 0.23713 0.14828 0.05047 0.00613 0.00014 0.00000 0.00000 0.00000 0.00000 ( 1)  0.001
 264 V   0.26791 0.26275 0.23245 0.15857 0.06592 0.01186 0.00054 0.00000 0.00000 0.00000 0.00000 ( 1)  0.002
 265 A   0.00029 0.02006 0.12816 0.32415 0.36430 0.14886 0.01405 0.00013 0.00000 0.00000 0.00000 ( 5)  0.008
 266 S   0.25912 0.25474 0.22880 0.16362 0.07577 0.01681 0.00112 0.00001 0.00000 0.00000 0.00000 ( 1)  0.002
 267 L   0.26440 0.25956 0.23105 0.16069 0.06984 0.01372 0.00074 0.00000 0.00000 0.00000 0.00000 ( 1)  0.002
 268 R   0.24413 0.24086 0.22128 0.16979 0.09243 0.02813 0.00330 0.00008 0.00000 0.00000 0.00000 ( 1)  0.002
 269 S   0.24106 0.23799 0.21954 0.17065 0.09571 0.03089 0.00403 0.00011 0.00000 0.00000 0.00000 ( 1)  0.002
 270 S   0.00000 0.00000 0.00000 0.00000 0.00000 0.00107 0.09505 0.74757 0.15630 0.00000 0.00000 ( 8)  0.081
 271 E   0.00000 0.00000 0.00000 0.00000 0.00099 0.06096 0.52998 0.40244 0.00562 0.00000 0.00000 ( 7)  0.053
 272 Q   0.00000 0.00000 0.00000 0.00000 0.00000 0.00000 0.00000 0.00897 0.97148 0.01954 0.00000 ( 9)  0.142
 273 A   0.00000 0.00000 0.00000 0.00000 0.00067 0.06511 0.61547 0.31727 0.00147 0.00000 0.00000 ( 7)  0.050
 274 N   0.28435 0.27745 0.23767 0.14658 0.04832 0.00551 0.00011 0.00000 0.00000 0.00000 0.00000 ( 1)  0.001
 275 T   0.00037 0.02505 0.15619 0.36626 0.34609 0.10083 0.00520 0.00002 0.00000 0.00000 0.00000 ( 4)  0.007
 276 S   0.00036 0.02432 0.15218 0.36086 0.34961 0.10671 0.00593 0.00002 0.00000 0.00000 0.00000 ( 4)  0.007
 277 A   0.00000 0.00000 0.00103 0.03481 0.27100 0.51551 0.17314 0.00451 0.00000 0.00000 0.00000 ( 6)  0.020
 278 E   0.25922 0.25484 0.22886 0.16358 0.07566 0.01673 0.00110 0.00001 0.00000 0.00000 0.00000 ( 1)  0.002
 279 C   0.00000 0.00000 0.00000 0.00082 0.04050 0.37806 0.52784 0.05273 0.00005 0.00000 0.00000 ( 7)  0.033
 280 K   0.24843 0.24488 0.22360 0.16836 0.08774 0.02450 0.00246 0.00004 0.00000 0.00000 0.00000 ( 1)  0.002
 281 L   0.24697 0.24351 0.22282 0.16885 0.08934 0.02572 0.00274 0.00005 0.00000 0.00000 0.00000 ( 1)  0.002
 282 A   0.26889 0.26364 0.23283 0.15794 0.06483 0.01137 0.00050 0.00000 0.00000 0.00000 0.00000 ( 1)  0.002
 283 K   0.26555 0.26061 0.23155 0.16005 0.06854 0.01304 0.00066 0.00000 0.00000 0.00000 0.00000 ( 1)  0.002
 284 V   0.26213 0.25749 0.23011 0.16200 0.07239 0.01499 0.00088 0.00001 0.00000 0.00000 0.00000 ( 1)  0.002
 285 A   0.26030 0.25582 0.22932 0.16299 0.07445 0.01609 0.00102 0.00001 0.00000 0.00000 0.00000 ( 1)  0.002
 286 L   0.24580 0.24242 0.22217 0.16922 0.09061 0.02674 0.00298 0.00006 0.00000 0.00000 0.00000 ( 1)  0.002
 287 M   0.00000 0.00089 0.03823 0.28416 0.50632 0.16547 0.00492 0.00000 0.00000 0.00000 0.00000 ( 5)  0.009
 288 T   0.28447 0.27755 0.23768 0.14647 0.04822 0.00550 0.00011 0.00000 0.00000 0.00000 0.00000 ( 1)  0.001
 289 I   0.28658 0.27941 0.23818 0.14469 0.04611 0.00494 0.00009 0.00000 0.00000 0.00000 0.00000 ( 1)  0.001
 290 S   0.25633 0.25217 0.22752 0.16500 0.07892 0.01866 0.00139 0.00001 0.00000 0.00000 0.00000 ( 1)  0.002
 291 L   0.24427 0.24100 0.22135 0.16973 0.09227 0.02802 0.00328 0.00008 0.00000 0.00000 0.00000 ( 1)  0.002
 292 W   0.24145 0.23836 0.21978 0.17059 0.09532 0.03050 0.00390 0.00010 0.00000 0.00000 0.00000 ( 1)  0.002
 293 F   0.29392 0.28581 0.23963 0.13821 0.03908 0.00331 0.00004 0.00000 0.00000 0.00000 0.00000 ( 1)  0.001
 294 M   0.00053 0.03565 0.21173 0.42626 0.28366 0.04156 0.00062 0.00000 0.00000 0.00000 0.00000 ( 4)  0.005
 295 A   0.26440 0.25956 0.23106 0.16070 0.06984 0.01371 0.00073 0.00000 0.00000 0.00000 0.00000 ( 1)  0.002
 296 W   0.24145 0.23836 0.21978 0.17059 0.09532 0.03050 0.00390 0.00010 0.00000 0.00000 0.00000 ( 1)  0.002
 297 T   0.26286 0.25816 0.23043 0.16159 0.07156 0.01456 0.00083 0.00001 0.00000 0.00000 0.00000 ( 1)  0.002
 298 P   0.24212 0.23899 0.22016 0.17039 0.09460 0.02990 0.00375 0.00010 0.00000 0.00000 0.00000 ( 1)  0.002
 299 Y   0.26503 0.26014 0.23133 0.16036 0.06913 0.01332 0.00069 0.00000 0.00000 0.00000 0.00000 ( 1)  0.002
 300 L   0.25066 0.24694 0.22474 0.16748 0.08526 0.02277 0.00212 0.00003 0.00000 0.00000 0.00000 ( 1)  0.002
 301 V   0.00000 0.00000 0.00006 0.00683 0.13658 0.53407 0.31052 0.01194 0.00000 0.00000 0.00000 ( 6)  0.025
 302 I   0.29849 0.28974 0.24027 0.13392 0.03501 0.00255 0.00002 0.00000 0.00000 0.00000 0.00000 ( 1)  0.001
 303 N   0.28583 0.27875 0.23802 0.14535 0.04684 0.00511 0.00009 0.00000 0.00000 0.00000 0.00000 ( 1)  0.001
 304 F   0.00000 0.00000 0.00000 0.00000 0.00000 0.00003 0.02277 0.73545 0.24175 0.00000 0.00000 ( 8)  0.090
 305 A   0.00000 0.00000 0.00000 0.00000 0.00000 0.00000 0.00002 0.04416 0.95537 0.00045 0.00000 ( 9)  0.137
 306 G   0.24753 0.24404 0.22312 0.16866 0.08872 0.02525 0.00263 0.00005 0.00000 0.00000 0.00000 ( 1)  0.002
 307 V   0.00000 0.00000 0.00000 0.00012 0.01695 0.30415 0.61305 0.06568 0.00005 0.00000 0.00000 ( 7)  0.035
 308 F   0.00045 0.03038 0.18477 0.40085 0.31676 0.06501 0.00178 0.00000 0.00000 0.00000 0.00000 ( 4)  0.006
 309 E   0.00000 0.00000 0.00083 0.02890 0.23912 0.51179 0.21155 0.00782 0.00000 0.00000 0.00000 ( 6)  0.021
 310 T   0.00000 0.00000 0.00000 0.00000 0.00000 0.00393 0.26477 0.71889 0.01240 0.00000 0.00000 ( 8)  0.066
 311 A   0.00000 0.00000 0.00000 0.00000 0.00000 0.00000 0.00000 0.00000 0.14534 0.85466 0.00000 (10)  0.272
 312 P   0.00000 0.00000 0.00000 0.00000 0.00000 0.00000 0.00000 0.00091 0.89099 0.10810 0.00000 ( 9)  0.156
 313 I   0.00049 0.03338 0.20027 0.41621 0.29811 0.05055 0.00099 0.00000 0.00000 0.00000 0.00000 ( 4)  0.005
 314 S   0.00000 0.00000 0.00000 0.00000 0.00000 0.00000 0.00647 0.65126 0.34227 0.00000 0.00000 ( 8)  0.097
 315 P   0.25267 0.24881 0.22576 0.16666 0.08302 0.02123 0.00182 0.00002 0.00000 0.00000 0.00000 ( 1)  0.002
 316 L   0.26172 0.25711 0.22993 0.16221 0.07285 0.01525 0.00092 0.00001 0.00000 0.00000 0.00000 ( 1)  0.002
 317 S   0.00000 0.00000 0.00000 0.00000 0.00001 0.00636 0.34313 0.64440 0.00611 0.00000 0.00000 ( 8)  0.063
 318 T   0.28254 0.27585 0.23719 0.14804 0.05018 0.00606 0.00014 0.00000 0.00000 0.00000 0.00000 ( 1)  0.001
 319 I   0.00050 0.03379 0.20232 0.41808 0.29556 0.04885 0.00091 0.00000 0.00000 0.00000 0.00000 ( 4)  0.005
 320 W   0.24145 0.23836 0.21978 0.17059 0.09532 0.03050 0.00390 0.00010 0.00000 0.00000 0.00000 ( 1)  0.002
 321 G   0.00026 0.01804 0.11638 0.30369 0.36687 0.17307 0.02137 0.00032 0.00000 0.00000 0.00000 ( 5)  0.009
 322 S   0.24728 0.24380 0.22298 0.16873 0.08899 0.02548 0.00269 0.00005 0.00000 0.00000 0.00000 ( 1)  0.002
 323 V   0.00000 0.00000 0.00000 0.00000 0.00004 0.01545 0.45578 0.52539 0.00334 0.00000 0.00000 ( 8)  0.058
 324 F   0.29037 0.28273 0.23899 0.14142 0.04240 0.00402 0.00006 0.00000 0.00000 0.00000 0.00000 ( 1)  0.001
 325 A   0.27778 0.27162 0.23584 0.15174 0.05516 0.00763 0.00022 0.00000 0.00000 0.00000 0.00000 ( 1)  0.001
 326 K   0.26221 0.25757 0.23016 0.16198 0.07229 0.01491 0.00087 0.00001 0.00000 0.00000 0.00000 ( 1)  0.002
 327 A   0.26689 0.26183 0.23206 0.15921 0.06705 0.01236 0.00059 0.00000 0.00000 0.00000 0.00000 ( 1)  0.002
 328 N   0.27528 0.26939 0.23507 0.15360 0.05783 0.00856 0.00027 0.00000 0.00000 0.00000 0.00000 ( 1)  0.001
 329 A   0.00037 0.02527 0.15741 0.36783 0.34492 0.09917 0.00502 0.00002 0.00000 0.00000 0.00000 ( 4)  0.007
 330 V   0.00040 0.02744 0.16920 0.38297 0.33370 0.08304 0.00323 0.00001 0.00000 0.00000 0.00000 ( 4)  0.006
 331 Y   0.26569 0.26074 0.23160 0.15996 0.06839 0.01297 0.00065 0.00000 0.00000 0.00000 0.00000 ( 1)  0.002
 332 N   0.27347 0.26776 0.23447 0.15488 0.05979 0.00930 0.00033 0.00000 0.00000 0.00000 0.00000 ( 1)  0.001
 333 P   0.25140 0.24762 0.22512 0.16720 0.08445 0.02218 0.00199 0.00003 0.00000 0.00000 0.00000 ( 1)  0.002
 334 I   0.27575 0.26981 0.23522 0.15325 0.05733 0.00838 0.00026 0.00000 0.00000 0.00000 0.00000 ( 1)  0.001
 335 V   0.24910 0.24549 0.22394 0.16808 0.08699 0.02400 0.00236 0.00004 0.00000 0.00000 0.00000 ( 1)  0.002
 336 Y   0.24824 0.24470 0.22350 0.16842 0.08794 0.02466 0.00249 0.00004 0.00000 0.00000 0.00000 ( 1)  0.002
 337 G   0.25773 0.25347 0.22818 0.16433 0.07734 0.01770 0.00124 0.00001 0.00000 0.00000 0.00000 ( 1)  0.002
 338 I   0.29850 0.28976 0.24027 0.13390 0.03500 0.00254 0.00002 0.00000 0.00000 0.00000 0.00000 ( 1)  0.001
 339 S   0.27929 0.27297 0.23631 0.15062 0.05355 0.00708 0.00018 0.00000 0.00000 0.00000 0.00000 ( 1)  0.001
 340 H   0.26076 0.25625 0.22954 0.16278 0.07392 0.01577 0.00097 0.00001 0.00000 0.00000 0.00000 ( 1)  0.002
 341 P   0.25379 0.24984 0.22631 0.16618 0.08177 0.02041 0.00167 0.00002 0.00000 0.00000 0.00000 ( 1)  0.002
 342 K   0.00000 0.00019 0.00887 0.08966 0.32358 0.42038 0.14972 0.00759 0.00001 0.00000 0.00000 ( 6)  0.018
 343 Y   0.26691 0.26185 0.23208 0.15922 0.06702 0.01233 0.00058 0.00000 0.00000 0.00000 0.00000 ( 1)  0.002
 344 R   0.00000 0.00000 0.00001 0.00101 0.02945 0.24069 0.52423 0.20063 0.00398 0.00000 0.00000 ( 7)  0.041
 345 A   0.00000 0.00000 0.00000 0.00000 0.00001 0.00393 0.21623 0.74450 0.03533 0.00000 0.00000 ( 8)  0.069
 346 A   0.00000 0.00000 0.00000 0.00000 0.00031 0.03653 0.49445 0.46289 0.00582 0.00000 0.00000 ( 7)  0.056
 347 L   0.24421 0.24094 0.22131 0.16975 0.09234 0.02808 0.00329 0.00008 0.00000 0.00000 0.00000 ( 1)  0.002
 348 Y   0.00000 0.00000 0.00095 0.03274 0.26037 0.51553 0.18507 0.00533 0.00000 0.00000 0.00000 ( 6)  0.020
 349 Q   0.00000 0.00000 0.00000 0.00000 0.00000 0.00000 0.00000 0.00589 0.95570 0.03840 0.00000 ( 9)  0.145
 350 R   0.00000 0.00000 0.00000 0.00000 0.00000 0.00000 0.00005 0.04760 0.95001 0.00235 0.00000 ( 9)  0.137
 351 F   0.29600 0.28761 0.23995 0.13628 0.03719 0.00294 0.00003 0.00000 0.00000 0.00000 0.00000 ( 1)  0.001
 352 P   0.25410 0.25012 0.22646 0.16604 0.08142 0.02019 0.00164 0.00002 0.00000 0.00000 0.00000 ( 1)  0.002
 353 S   0.00000 0.00000 0.00000 0.00000 0.00000 0.00000 0.00000 0.00000 0.03981 0.96019 0.00000 (10)  0.288
 354 L   0.24682 0.24337 0.22273 0.16890 0.08950 0.02585 0.00277 0.00005 0.00000 0.00000 0.00000 ( 1)  0.002
 355 A   0.00000 0.00000 0.00000 0.00000 0.00000 0.00013 0.03776 0.70851 0.25359 0.00000 0.00000 ( 8)  0.090
 356 C   0.26834 0.26314 0.23264 0.15833 0.06543 0.01160 0.00051 0.00000 0.00000 0.00000 0.00000 ( 1)  0.002
 357 Q   0.00000 0.00000 0.00000 0.00000 0.00000 0.00000 0.00000 0.00093 0.56074 0.43833 0.00000 ( 9)  0.207
 358 P   0.00000 0.00000 0.00000 0.00000 0.00000 0.00000 0.00000 0.00000 0.00330 0.99670 0.00000 (10)  0.294
 359 S   0.00000 0.00000 0.00000 0.00000 0.00000 0.00000 0.00000 0.00134 0.74013 0.25853 0.00000 ( 9)  0.180
 360 P   0.00000 0.00000 0.00000 0.00000 0.00000 0.00000 0.00000 0.00275 0.92934 0.06792 0.00000 ( 9)  0.150
 361 E   0.00000 0.00000 0.00000 0.00000 0.00000 0.00000 0.00022 0.20832 0.79145 0.00001 0.00000 ( 9)  0.126
 362 E   0.00000 0.00000 0.00000 0.00000 0.00000 0.00000 0.00062 0.22810 0.77125 0.00003 0.00000 ( 9)  0.125
 363 T   0.00000 0.00000 0.00000 0.00000 0.00000 0.00000 0.00000 0.00000 0.00000 1.00000 0.00000 (10)  0.295
 364 G   0.00000 0.00000 0.00000 0.00000 0.00000 0.00000 0.00001 0.02469 0.97448 0.00083 0.00000 ( 9)  0.138
 365 S   0.26758 0.26245 0.23233 0.15879 0.06629 0.01201 0.00056 0.00000 0.00000 0.00000 0.00000 ( 1)  0.002
 366 V   0.00000 0.00000 0.00000 0.00000 0.00000 0.00001 0.01331 0.67410 0.31257 0.00000 0.00000 ( 8)  0.094
 367 A   0.00000 0.00041 0.01872 0.16628 0.44645 0.32617 0.04161 0.00036 0.00000 0.00000 0.00000 ( 5)  0.013
 368 S   0.26487 0.25999 0.23124 0.16041 0.06932 0.01347 0.00071 0.00000 0.00000 0.00000 0.00000 ( 1)  0.002
 369 A   0.00000 0.00000 0.00000 0.00000 0.00000 0.00000 0.00003 0.05054 0.94882 0.00060 0.00000 ( 9)  0.136
 370 A   0.00000 0.00000 0.00000 0.00000 0.00000 0.00000 0.00000 0.00180 0.99513 0.00308 0.00000 ( 9)  0.140
 371 T   0.28411 0.27723 0.23760 0.14677 0.04858 0.00560 0.00011 0.00000 0.00000 0.00000 0.00000 ( 1)  0.001
 372 A   0.00000 0.00000 0.00000 0.00000 0.00040 0.06381 0.68978 0.24570 0.00032 0.00000 0.00000 ( 7)  0.047
 373 C   0.00000 0.00000 0.00000 0.00000 0.00000 0.00000 0.00000 0.01189 0.98739 0.00072 0.00000 ( 9)  0.139
 374 T   0.00000 0.00000 0.00000 0.00000 0.00000 0.00012 0.04636 0.80585 0.14767 0.00000 0.00000 ( 8)  0.083
 375 E   0.00000 0.00000 0.00000 0.00000 0.00000 0.00020 0.05032 0.76868 0.18080 0.00000 0.00000 ( 8)  0.085
 376 E   0.26728 0.26218 0.23223 0.15899 0.06661 0.01214 0.00057 0.00000 0.00000 0.00000 0.00000 ( 1)  0.002
 377 K   0.26188 0.25727 0.23002 0.16216 0.07266 0.01510 0.00089 0.00001 0.00000 0.00000 0.00000 ( 1)  0.002
 378 P   0.00000 0.00000 0.00058 0.02109 0.19124 0.48948 0.27936 0.01822 0.00002 0.00000 0.00000 ( 6)  0.024
 379 S   0.00000 0.00000 0.00000 0.00000 0.00003 0.01164 0.39526 0.58699 0.00609 0.00000 0.00000 ( 8)  0.061
 380 A   0.27139 0.26590 0.23374 0.15631 0.06206 0.01020 0.00040 0.00000 0.00000 0.00000 0.00000 ( 1)  0.002

Positively selected sites

	Prob(w>1)  mean w



lnL = -67175.403006

Bayes Empirical Bayes (BEB) probabilities for 11 classes (class) & postmean_w
(amino acids refer to 1st sequence: ColCroc|LWS3)

   1 M   1.00000 0.00000 0.00000 0.00000 0.00000 0.00000 0.00000 0.00000 0.00000 0.00000 0.00000 ( 1)  0.050 +-  0.000
   2 A   0.00000 0.04400 0.83099 0.12310 0.00190 0.00001 0.00000 0.00000 0.00000 0.00000 0.00000 ( 3)  0.258 +-  0.041
   3 T   0.00000 0.00000 0.03762 0.57920 0.34886 0.03331 0.00099 0.00001 0.00000 0.00000 0.00000 ( 4)  0.388 +-  0.062
   4 S   0.00000 0.27396 0.71712 0.00891 0.00001 0.00000 0.00000 0.00000 0.00000 0.00000 0.00000 ( 3)  0.223 +-  0.046
   5 M   0.00107 0.95528 0.04356 0.00008 0.00000 0.00000 0.00000 0.00000 0.00000 0.00000 0.00000 ( 2)  0.154 +-  0.021
   6 D   1.00000 0.00000 0.00000 0.00000 0.00000 0.00000 0.00000 0.00000 0.00000 0.00000 0.00000 ( 1)  0.050 +-  0.000
   7 P   0.67858 0.32116 0.00026 0.00000 0.00000 0.00000 0.00000 0.00000 0.00000 0.00000 0.00000 ( 1)  0.082 +-  0.047
   8 A   0.99995 0.00005 0.00000 0.00000 0.00000 0.00000 0.00000 0.00000 0.00000 0.00000 0.00000 ( 1)  0.050 +-  0.001
   9 P   0.99999 0.00001 0.00000 0.00000 0.00000 0.00000 0.00000 0.00000 0.00000 0.00000 0.00000 ( 1)  0.050 +-  0.000
  10 G   1.00000 0.00000 0.00000 0.00000 0.00000 0.00000 0.00000 0.00000 0.00000 0.00000 0.00000 ( 1)  0.050 +-  0.000
  11 V   0.00000 0.00002 0.17732 0.73135 0.08974 0.00156 0.00001 0.00000 0.00000 0.00000 0.00000 ( 4)  0.342 +-  0.052
  12 A   1.00000 0.00000 0.00000 0.00000 0.00000 0.00000 0.00000 0.00000 0.00000 0.00000 0.00000 ( 1)  0.050 +-  0.000
  13 A   1.00000 0.00000 0.00000 0.00000 0.00000 0.00000 0.00000 0.00000 0.00000 0.00000 0.00000 ( 1)  0.050 +-  0.000
  14 M   0.78986 0.20962 0.00051 0.00000 0.00000 0.00000 0.00000 0.00000 0.00000 0.00000 0.00000 ( 1)  0.071 +-  0.041
  15 Q   0.99573 0.00426 0.00001 0.00000 0.00000 0.00000 0.00000 0.00000 0.00000 0.00000 0.00000 ( 1)  0.050 +-  0.007
  16 T   0.87084 0.12897 0.00019 0.00000 0.00000 0.00000 0.00000 0.00000 0.00000 0.00000 0.00000 ( 1)  0.063 +-  0.034
  17 W   0.99985 0.00015 0.00000 0.00000 0.00000 0.00000 0.00000 0.00000 0.00000 0.00000 0.00000 ( 1)  0.050 +-  0.001
  18 G   1.00000 0.00000 0.00000 0.00000 0.00000 0.00000 0.00000 0.00000 0.00000 0.00000 0.00000 ( 1)  0.050 +-  0.000
  19 G   0.99465 0.00535 0.00000 0.00000 0.00000 0.00000 0.00000 0.00000 0.00000 0.00000 0.00000 ( 1)  0.051 +-  0.007
  20 H   0.03377 0.90461 0.06116 0.00046 0.00000 0.00000 0.00000 0.00000 0.00000 0.00000 0.00000 ( 2)  0.153 +-  0.031
  21 A   0.24452 0.75466 0.00082 0.00000 0.00000 0.00000 0.00000 0.00000 0.00000 0.00000 0.00000 ( 2)  0.126 +-  0.043
  22 E   0.98326 0.01673 0.00000 0.00000 0.00000 0.00000 0.00000 0.00000 0.00000 0.00000 0.00000 ( 1)  0.052 +-  0.013
  23 A   1.00000 0.00000 0.00000 0.00000 0.00000 0.00000 0.00000 0.00000 0.00000 0.00000 0.00000 ( 1)  0.050 +-  0.000
  24 Y   0.87596 0.12399 0.00005 0.00000 0.00000 0.00000 0.00000 0.00000 0.00000 0.00000 0.00000 ( 1)  0.062 +-  0.033
  25 S   0.99999 0.00001 0.00000 0.00000 0.00000 0.00000 0.00000 0.00000 0.00000 0.00000 0.00000 ( 1)  0.050 +-  0.000
  26 A   0.00716 0.98852 0.00431 0.00000 0.00000 0.00000 0.00000 0.00000 0.00000 0.00000 0.00000 ( 2)  0.150 +-  0.011
  27 N   1.00000 0.00000 0.00000 0.00000 0.00000 0.00000 0.00000 0.00000 0.00000 0.00000 0.00000 ( 1)  0.050 +-  0.000
  28 Q   0.00018 0.68775 0.30627 0.00578 0.00002 0.00000 0.00000 0.00000 0.00000 0.00000 0.00000 ( 2)  0.182 +-  0.048
  29 T   1.00000 0.00000 0.00000 0.00000 0.00000 0.00000 0.00000 0.00000 0.00000 0.00000 0.00000 ( 1)  0.050 +-  0.000
  30 V   1.00000 0.00000 0.00000 0.00000 0.00000 0.00000 0.00000 0.00000 0.00000 0.00000 0.00000 ( 1)  0.050 +-  0.000
  31 V   1.00000 0.00000 0.00000 0.00000 0.00000 0.00000 0.00000 0.00000 0.00000 0.00000 0.00000 ( 1)  0.050 +-  0.000
  32 D   1.00000 0.00000 0.00000 0.00000 0.00000 0.00000 0.00000 0.00000 0.00000 0.00000 0.00000 ( 1)  0.050 +-  0.000
  33 K   0.99976 0.00024 0.00000 0.00000 0.00000 0.00000 0.00000 0.00000 0.00000 0.00000 0.00000 ( 1)  0.050 +-  0.002
  34 V   1.00000 0.00000 0.00000 0.00000 0.00000 0.00000 0.00000 0.00000 0.00000 0.00000 0.00000 ( 1)  0.050 +-  0.000
  35 L   0.00000 0.00951 0.64666 0.32738 0.01624 0.00021 0.00000 0.00000 0.00000 0.00000 0.00000 ( 3)  0.285 +-  0.053
  36 P   0.99989 0.00011 0.00000 0.00000 0.00000 0.00000 0.00000 0.00000 0.00000 0.00000 0.00000 ( 1)  0.050 +-  0.001
  37 E   0.00004 0.93333 0.06654 0.00009 0.00000 0.00000 0.00000 0.00000 0.00000 0.00000 0.00000 ( 2)  0.157 +-  0.025
  38 M   0.99983 0.00017 0.00000 0.00000 0.00000 0.00000 0.00000 0.00000 0.00000 0.00000 0.00000 ( 1)  0.050 +-  0.001
  39 L   0.47665 0.52020 0.00314 0.00000 0.00000 0.00000 0.00000 0.00000 0.00000 0.00000 0.00000 ( 2)  0.103 +-  0.051
  40 H   1.00000 0.00000 0.00000 0.00000 0.00000 0.00000 0.00000 0.00000 0.00000 0.00000 0.00000 ( 1)  0.050 +-  0.000
  41 L   1.00000 0.00000 0.00000 0.00000 0.00000 0.00000 0.00000 0.00000 0.00000 0.00000 0.00000 ( 1)  0.050 +-  0.000
  42 I   0.00259 0.99496 0.00246 0.00000 0.00000 0.00000 0.00000 0.00000 0.00000 0.00000 0.00000 ( 2)  0.150 +-  0.007
  43 D   1.00000 0.00000 0.00000 0.00000 0.00000 0.00000 0.00000 0.00000 0.00000 0.00000 0.00000 ( 1)  0.050 +-  0.000
  44 A   0.99984 0.00016 0.00000 0.00000 0.00000 0.00000 0.00000 0.00000 0.00000 0.00000 0.00000 ( 1)  0.050 +-  0.001
  45 H   0.54240 0.45727 0.00033 0.00000 0.00000 0.00000 0.00000 0.00000 0.00000 0.00000 0.00000 ( 1)  0.096 +-  0.050
  46 W   1.00000 0.00000 0.00000 0.00000 0.00000 0.00000 0.00000 0.00000 0.00000 0.00000 0.00000 ( 1)  0.050 +-  0.000
  47 Y   1.00000 0.00000 0.00000 0.00000 0.00000 0.00000 0.00000 0.00000 0.00000 0.00000 0.00000 ( 1)  0.050 +-  0.000
  48 Q   0.99999 0.00001 0.00000 0.00000 0.00000 0.00000 0.00000 0.00000 0.00000 0.00000 0.00000 ( 1)  0.050 +-  0.000
  49 F   1.00000 0.00000 0.00000 0.00000 0.00000 0.00000 0.00000 0.00000 0.00000 0.00000 0.00000 ( 1)  0.050 +-  0.000
  50 P   1.00000 0.00000 0.00000 0.00000 0.00000 0.00000 0.00000 0.00000 0.00000 0.00000 0.00000 ( 1)  0.050 +-  0.000
  51 P   1.00000 0.00000 0.00000 0.00000 0.00000 0.00000 0.00000 0.00000 0.00000 0.00000 0.00000 ( 1)  0.050 +-  0.000
  52 M   1.00000 0.00000 0.00000 0.00000 0.00000 0.00000 0.00000 0.00000 0.00000 0.00000 0.00000 ( 1)  0.050 +-  0.000
  53 N   1.00000 0.00000 0.00000 0.00000 0.00000 0.00000 0.00000 0.00000 0.00000 0.00000 0.00000 ( 1)  0.050 +-  0.000
  54 P   1.00000 0.00000 0.00000 0.00000 0.00000 0.00000 0.00000 0.00000 0.00000 0.00000 0.00000 ( 1)  0.050 +-  0.000
  55 L   0.99985 0.00015 0.00000 0.00000 0.00000 0.00000 0.00000 0.00000 0.00000 0.00000 0.00000 ( 1)  0.050 +-  0.001
  56 W   1.00000 0.00000 0.00000 0.00000 0.00000 0.00000 0.00000 0.00000 0.00000 0.00000 0.00000 ( 1)  0.050 +-  0.000
  57 Y   1.00000 0.00000 0.00000 0.00000 0.00000 0.00000 0.00000 0.00000 0.00000 0.00000 0.00000 ( 1)  0.050 +-  0.000
  58 G   0.76065 0.23818 0.00117 0.00000 0.00000 0.00000 0.00000 0.00000 0.00000 0.00000 0.00000 ( 1)  0.074 +-  0.043
  59 L   0.99996 0.00004 0.00000 0.00000 0.00000 0.00000 0.00000 0.00000 0.00000 0.00000 0.00000 ( 1)  0.050 +-  0.001
  60 L   1.00000 0.00000 0.00000 0.00000 0.00000 0.00000 0.00000 0.00000 0.00000 0.00000 0.00000 ( 1)  0.050 +-  0.000
  61 G   1.00000 0.00000 0.00000 0.00000 0.00000 0.00000 0.00000 0.00000 0.00000 0.00000 0.00000 ( 1)  0.050 +-  0.000
  62 F   1.00000 0.00000 0.00000 0.00000 0.00000 0.00000 0.00000 0.00000 0.00000 0.00000 0.00000 ( 1)  0.050 +-  0.000
  63 T   0.00004 0.88924 0.11043 0.00029 0.00000 0.00000 0.00000 0.00000 0.00000 0.00000 0.00000 ( 2)  0.161 +-  0.032
  64 I   1.00000 0.00000 0.00000 0.00000 0.00000 0.00000 0.00000 0.00000 0.00000 0.00000 0.00000 ( 1)  0.050 +-  0.000
  65 C   0.97554 0.02446 0.00000 0.00000 0.00000 0.00000 0.00000 0.00000 0.00000 0.00000 0.00000 ( 1)  0.052 +-  0.015
  66 I   0.00000 0.00000 0.02482 0.62325 0.33067 0.02089 0.00037 0.00000 0.00000 0.00000 0.00000 ( 4)  0.385 +-  0.057
  67 L   1.00000 0.00000 0.00000 0.00000 0.00000 0.00000 0.00000 0.00000 0.00000 0.00000 0.00000 ( 1)  0.050 +-  0.000
  68 A   0.99998 0.00002 0.00000 0.00000 0.00000 0.00000 0.00000 0.00000 0.00000 0.00000 0.00000 ( 1)  0.050 +-  0.000
  69 F   1.00000 0.00000 0.00000 0.00000 0.00000 0.00000 0.00000 0.00000 0.00000 0.00000 0.00000 ( 1)  0.050 +-  0.000
  70 I   0.00005 0.99296 0.00699 0.00000 0.00000 0.00000 0.00000 0.00000 0.00000 0.00000 0.00000 ( 2)  0.151 +-  0.008
  71 S   1.00000 0.00000 0.00000 0.00000 0.00000 0.00000 0.00000 0.00000 0.00000 0.00000 0.00000 ( 1)  0.050 +-  0.000
  72 V   0.98775 0.01225 0.00000 0.00000 0.00000 0.00000 0.00000 0.00000 0.00000 0.00000 0.00000 ( 1)  0.051 +-  0.011
  73 T   0.00000 0.45981 0.53153 0.00864 0.00002 0.00000 0.00000 0.00000 0.00000 0.00000 0.00000 ( 3)  0.205 +-  0.051
  74 G   1.00000 0.00000 0.00000 0.00000 0.00000 0.00000 0.00000 0.00000 0.00000 0.00000 0.00000 ( 1)  0.050 +-  0.000
  75 N   1.00000 0.00000 0.00000 0.00000 0.00000 0.00000 0.00000 0.00000 0.00000 0.00000 0.00000 ( 1)  0.050 +-  0.000
  76 G   0.99998 0.00002 0.00000 0.00000 0.00000 0.00000 0.00000 0.00000 0.00000 0.00000 0.00000 ( 1)  0.050 +-  0.000
  77 M   1.00000 0.00000 0.00000 0.00000 0.00000 0.00000 0.00000 0.00000 0.00000 0.00000 0.00000 ( 1)  0.050 +-  0.000
  78 V   1.00000 0.00000 0.00000 0.00000 0.00000 0.00000 0.00000 0.00000 0.00000 0.00000 0.00000 ( 1)  0.050 +-  0.000
  79 I   0.71764 0.28235 0.00001 0.00000 0.00000 0.00000 0.00000 0.00000 0.00000 0.00000 0.00000 ( 1)  0.078 +-  0.045
  80 Y   0.99999 0.00001 0.00000 0.00000 0.00000 0.00000 0.00000 0.00000 0.00000 0.00000 0.00000 ( 1)  0.050 +-  0.000
  81 I   1.00000 0.00000 0.00000 0.00000 0.00000 0.00000 0.00000 0.00000 0.00000 0.00000 0.00000 ( 1)  0.050 +-  0.000
  82 F   1.00000 0.00000 0.00000 0.00000 0.00000 0.00000 0.00000 0.00000 0.00000 0.00000 0.00000 ( 1)  0.050 +-  0.000
  83 S   0.00078 0.97892 0.02029 0.00001 0.00000 0.00000 0.00000 0.00000 0.00000 0.00000 0.00000 ( 2)  0.152 +-  0.014
  84 T   0.00000 0.04321 0.81416 0.13990 0.00271 0.00002 0.00000 0.00000 0.00000 0.00000 0.00000 ( 3)  0.260 +-  0.043
  85 T   1.00000 0.00000 0.00000 0.00000 0.00000 0.00000 0.00000 0.00000 0.00000 0.00000 0.00000 ( 1)  0.050 +-  0.000
  86 K   1.00000 0.00000 0.00000 0.00000 0.00000 0.00000 0.00000 0.00000 0.00000 0.00000 0.00000 ( 1)  0.050 +-  0.000
  87 S   0.00000 0.00001 0.08751 0.73738 0.17005 0.00502 0.00004 0.00000 0.00000 0.00000 0.00000 ( 4)  0.359 +-  0.052
  88 L   1.00000 0.00000 0.00000 0.00000 0.00000 0.00000 0.00000 0.00000 0.00000 0.00000 0.00000 ( 1)  0.050 +-  0.000
  89 K   1.00000 0.00000 0.00000 0.00000 0.00000 0.00000 0.00000 0.00000 0.00000 0.00000 0.00000 ( 1)  0.050 +-  0.000
  90 T   1.00000 0.00000 0.00000 0.00000 0.00000 0.00000 0.00000 0.00000 0.00000 0.00000 0.00000 ( 1)  0.050 +-  0.000
  91 P   1.00000 0.00000 0.00000 0.00000 0.00000 0.00000 0.00000 0.00000 0.00000 0.00000 0.00000 ( 1)  0.050 +-  0.000
  92 S   1.00000 0.00000 0.00000 0.00000 0.00000 0.00000 0.00000 0.00000 0.00000 0.00000 0.00000 ( 1)  0.050 +-  0.000
  93 N   1.00000 0.00000 0.00000 0.00000 0.00000 0.00000 0.00000 0.00000 0.00000 0.00000 0.00000 ( 1)  0.050 +-  0.000
  94 L   1.00000 0.00000 0.00000 0.00000 0.00000 0.00000 0.00000 0.00000 0.00000 0.00000 0.00000 ( 1)  0.050 +-  0.000
  95 L   0.99999 0.00001 0.00000 0.00000 0.00000 0.00000 0.00000 0.00000 0.00000 0.00000 0.00000 ( 1)  0.050 +-  0.000
  96 V   1.00000 0.00000 0.00000 0.00000 0.00000 0.00000 0.00000 0.00000 0.00000 0.00000 0.00000 ( 1)  0.050 +-  0.000
  97 V   0.99999 0.00001 0.00000 0.00000 0.00000 0.00000 0.00000 0.00000 0.00000 0.00000 0.00000 ( 1)  0.050 +-  0.000
  98 N   1.00000 0.00000 0.00000 0.00000 0.00000 0.00000 0.00000 0.00000 0.00000 0.00000 0.00000 ( 1)  0.050 +-  0.000
  99 L   1.00000 0.00000 0.00000 0.00000 0.00000 0.00000 0.00000 0.00000 0.00000 0.00000 0.00000 ( 1)  0.050 +-  0.000
 100 A   1.00000 0.00000 0.00000 0.00000 0.00000 0.00000 0.00000 0.00000 0.00000 0.00000 0.00000 ( 1)  0.050 +-  0.000
 101 F   1.00000 0.00000 0.00000 0.00000 0.00000 0.00000 0.00000 0.00000 0.00000 0.00000 0.00000 ( 1)  0.050 +-  0.000
 102 S   1.00000 0.00000 0.00000 0.00000 0.00000 0.00000 0.00000 0.00000 0.00000 0.00000 0.00000 ( 1)  0.050 +-  0.000
 103 D   1.00000 0.00000 0.00000 0.00000 0.00000 0.00000 0.00000 0.00000 0.00000 0.00000 0.00000 ( 1)  0.050 +-  0.000
 104 F   1.00000 0.00000 0.00000 0.00000 0.00000 0.00000 0.00000 0.00000 0.00000 0.00000 0.00000 ( 1)  0.050 +-  0.000
 105 L   0.99688 0.00312 0.00000 0.00000 0.00000 0.00000 0.00000 0.00000 0.00000 0.00000 0.00000 ( 1)  0.050 +-  0.006
 106 M   1.00000 0.00000 0.00000 0.00000 0.00000 0.00000 0.00000 0.00000 0.00000 0.00000 0.00000 ( 1)  0.050 +-  0.000
 107 M   1.00000 0.00000 0.00000 0.00000 0.00000 0.00000 0.00000 0.00000 0.00000 0.00000 0.00000 ( 1)  0.050 +-  0.000
 108 A   0.00000 0.05328 0.87267 0.07352 0.00053 0.00000 0.00000 0.00000 0.00000 0.00000 0.00000 ( 3)  0.252 +-  0.036
 109 M   0.00000 0.00000 0.00000 0.00004 0.01631 0.25403 0.48311 0.21405 0.03110 0.00137 0.00000 ( 7)  0.649 +-  0.082
 110 M   1.00000 0.00000 0.00000 0.00000 0.00000 0.00000 0.00000 0.00000 0.00000 0.00000 0.00000 ( 1)  0.050 +-  0.000
 111 A   0.69034 0.30893 0.00073 0.00000 0.00000 0.00000 0.00000 0.00000 0.00000 0.00000 0.00000 ( 1)  0.081 +-  0.046
 112 P   0.97903 0.02096 0.00001 0.00000 0.00000 0.00000 0.00000 0.00000 0.00000 0.00000 0.00000 ( 1)  0.052 +-  0.014
 113 P   0.00000 0.01226 0.76431 0.21839 0.00502 0.00003 0.00000 0.00000 0.00000 0.00000 0.00000 ( 3)  0.272 +-  0.045
 114 L   1.00000 0.00000 0.00000 0.00000 0.00000 0.00000 0.00000 0.00000 0.00000 0.00000 0.00000 ( 1)  0.050 +-  0.000
 115 C   0.99993 0.00007 0.00000 0.00000 0.00000 0.00000 0.00000 0.00000 0.00000 0.00000 0.00000 ( 1)  0.050 +-  0.001
 116 I   0.00000 0.35753 0.63187 0.01058 0.00002 0.00000 0.00000 0.00000 0.00000 0.00000 0.00000 ( 3)  0.215 +-  0.050
 117 N   0.99999 0.00001 0.00000 0.00000 0.00000 0.00000 0.00000 0.00000 0.00000 0.00000 0.00000 ( 1)  0.050 +-  0.000
 118 S   0.99994 0.00006 0.00000 0.00000 0.00000 0.00000 0.00000 0.00000 0.00000 0.00000 0.00000 ( 1)  0.050 +-  0.001
 119 Y   0.99998 0.00002 0.00000 0.00000 0.00000 0.00000 0.00000 0.00000 0.00000 0.00000 0.00000 ( 1)  0.050 +-  0.000
 120 Y   0.00032 0.98442 0.01525 0.00000 0.00000 0.00000 0.00000 0.00000 0.00000 0.00000 0.00000 ( 2)  0.151 +-  0.012
 121 Q   1.00000 0.00000 0.00000 0.00000 0.00000 0.00000 0.00000 0.00000 0.00000 0.00000 0.00000 ( 1)  0.050 +-  0.000
 122 T   1.00000 0.00000 0.00000 0.00000 0.00000 0.00000 0.00000 0.00000 0.00000 0.00000 0.00000 ( 1)  0.050 +-  0.000
 123 W   1.00000 0.00000 0.00000 0.00000 0.00000 0.00000 0.00000 0.00000 0.00000 0.00000 0.00000 ( 1)  0.050 +-  0.000
 124 V   0.55045 0.44838 0.00117 0.00000 0.00000 0.00000 0.00000 0.00000 0.00000 0.00000 0.00000 ( 1)  0.095 +-  0.050
 125 F   0.99795 0.00205 0.00000 0.00000 0.00000 0.00000 0.00000 0.00000 0.00000 0.00000 0.00000 ( 1)  0.050 +-  0.005
 126 G   1.00000 0.00000 0.00000 0.00000 0.00000 0.00000 0.00000 0.00000 0.00000 0.00000 0.00000 ( 1)  0.050 +-  0.000
 127 P   0.00000 0.24090 0.71379 0.04485 0.00046 0.00000 0.00000 0.00000 0.00000 0.00000 0.00000 ( 3)  0.230 +-  0.050
 128 V   0.00010 0.85542 0.14369 0.00079 0.00000 0.00000 0.00000 0.00000 0.00000 0.00000 0.00000 ( 2)  0.165 +-  0.035
 129 A   1.00000 0.00000 0.00000 0.00000 0.00000 0.00000 0.00000 0.00000 0.00000 0.00000 0.00000 ( 1)  0.050 +-  0.000
 130 C   1.00000 0.00000 0.00000 0.00000 0.00000 0.00000 0.00000 0.00000 0.00000 0.00000 0.00000 ( 1)  0.050 +-  0.000
 131 Q   0.99997 0.00003 0.00000 0.00000 0.00000 0.00000 0.00000 0.00000 0.00000 0.00000 0.00000 ( 1)  0.050 +-  0.001
 132 F   0.00042 0.89544 0.10362 0.00052 0.00000 0.00000 0.00000 0.00000 0.00000 0.00000 0.00000 ( 2)  0.160 +-  0.031
 133 Y   1.00000 0.00000 0.00000 0.00000 0.00000 0.00000 0.00000 0.00000 0.00000 0.00000 0.00000 ( 1)  0.050 +-  0.000
 134 A   1.00000 0.00000 0.00000 0.00000 0.00000 0.00000 0.00000 0.00000 0.00000 0.00000 0.00000 ( 1)  0.050 +-  0.000
 135 C   1.00000 0.00000 0.00000 0.00000 0.00000 0.00000 0.00000 0.00000 0.00000 0.00000 0.00000 ( 1)  0.050 +-  0.000
 136 F   0.00000 0.02772 0.86062 0.11055 0.00112 0.00000 0.00000 0.00000 0.00000 0.00000 0.00000 ( 3)  0.259 +-  0.037
 137 G   1.00000 0.00000 0.00000 0.00000 0.00000 0.00000 0.00000 0.00000 0.00000 0.00000 0.00000 ( 1)  0.050 +-  0.000
 138 S   1.00000 0.00000 0.00000 0.00000 0.00000 0.00000 0.00000 0.00000 0.00000 0.00000 0.00000 ( 1)  0.050 +-  0.000
 139 L   0.99998 0.00002 0.00000 0.00000 0.00000 0.00000 0.00000 0.00000 0.00000 0.00000 0.00000 ( 1)  0.050 +-  0.000
 140 F   1.00000 0.00000 0.00000 0.00000 0.00000 0.00000 0.00000 0.00000 0.00000 0.00000 0.00000 ( 1)  0.050 +-  0.000
 141 G   1.00000 0.00000 0.00000 0.00000 0.00000 0.00000 0.00000 0.00000 0.00000 0.00000 0.00000 ( 1)  0.050 +-  0.000
 142 C   1.00000 0.00000 0.00000 0.00000 0.00000 0.00000 0.00000 0.00000 0.00000 0.00000 0.00000 ( 1)  0.050 +-  0.000
 143 V   0.00000 0.58725 0.40890 0.00384 0.00001 0.00000 0.00000 0.00000 0.00000 0.00000 0.00000 ( 2)  0.192 +-  0.050
 144 S   1.00000 0.00000 0.00000 0.00000 0.00000 0.00000 0.00000 0.00000 0.00000 0.00000 0.00000 ( 1)  0.050 +-  0.000
 145 I   1.00000 0.00000 0.00000 0.00000 0.00000 0.00000 0.00000 0.00000 0.00000 0.00000 0.00000 ( 1)  0.050 +-  0.000
 146 W   1.00000 0.00000 0.00000 0.00000 0.00000 0.00000 0.00000 0.00000 0.00000 0.00000 0.00000 ( 1)  0.050 +-  0.000
 147 T   0.99959 0.00041 0.00000 0.00000 0.00000 0.00000 0.00000 0.00000 0.00000 0.00000 0.00000 ( 1)  0.050 +-  0.002
 148 M   1.00000 0.00000 0.00000 0.00000 0.00000 0.00000 0.00000 0.00000 0.00000 0.00000 0.00000 ( 1)  0.050 +-  0.000
 149 T   1.00000 0.00000 0.00000 0.00000 0.00000 0.00000 0.00000 0.00000 0.00000 0.00000 0.00000 ( 1)  0.050 +-  0.000
 150 A   1.00000 0.00000 0.00000 0.00000 0.00000 0.00000 0.00000 0.00000 0.00000 0.00000 0.00000 ( 1)  0.050 +-  0.000
 151 I   1.00000 0.00000 0.00000 0.00000 0.00000 0.00000 0.00000 0.00000 0.00000 0.00000 0.00000 ( 1)  0.050 +-  0.000
 152 A   1.00000 0.00000 0.00000 0.00000 0.00000 0.00000 0.00000 0.00000 0.00000 0.00000 0.00000 ( 1)  0.050 +-  0.000
 153 F   1.00000 0.00000 0.00000 0.00000 0.00000 0.00000 0.00000 0.00000 0.00000 0.00000 0.00000 ( 1)  0.050 +-  0.000
 154 D   1.00000 0.00000 0.00000 0.00000 0.00000 0.00000 0.00000 0.00000 0.00000 0.00000 0.00000 ( 1)  0.050 +-  0.000
 155 R   0.99999 0.00001 0.00000 0.00000 0.00000 0.00000 0.00000 0.00000 0.00000 0.00000 0.00000 ( 1)  0.050 +-  0.000
 156 Y   1.00000 0.00000 0.00000 0.00000 0.00000 0.00000 0.00000 0.00000 0.00000 0.00000 0.00000 ( 1)  0.050 +-  0.000
 157 N   1.00000 0.00000 0.00000 0.00000 0.00000 0.00000 0.00000 0.00000 0.00000 0.00000 0.00000 ( 1)  0.050 +-  0.000
 158 V   1.00000 0.00000 0.00000 0.00000 0.00000 0.00000 0.00000 0.00000 0.00000 0.00000 0.00000 ( 1)  0.050 +-  0.000
 159 I   1.00000 0.00000 0.00000 0.00000 0.00000 0.00000 0.00000 0.00000 0.00000 0.00000 0.00000 ( 1)  0.050 +-  0.000
 160 V   1.00000 0.00000 0.00000 0.00000 0.00000 0.00000 0.00000 0.00000 0.00000 0.00000 0.00000 ( 1)  0.050 +-  0.000
 161 K   1.00000 0.00000 0.00000 0.00000 0.00000 0.00000 0.00000 0.00000 0.00000 0.00000 0.00000 ( 1)  0.050 +-  0.000
 162 G   1.00000 0.00000 0.00000 0.00000 0.00000 0.00000 0.00000 0.00000 0.00000 0.00000 0.00000 ( 1)  0.050 +-  0.000
 163 I   1.00000 0.00000 0.00000 0.00000 0.00000 0.00000 0.00000 0.00000 0.00000 0.00000 0.00000 ( 1)  0.050 +-  0.000
 164 A   1.00000 0.00000 0.00000 0.00000 0.00000 0.00000 0.00000 0.00000 0.00000 0.00000 0.00000 ( 1)  0.050 +-  0.000
 165 A   1.00000 0.00000 0.00000 0.00000 0.00000 0.00000 0.00000 0.00000 0.00000 0.00000 0.00000 ( 1)  0.050 +-  0.000
 166 K   1.00000 0.00000 0.00000 0.00000 0.00000 0.00000 0.00000 0.00000 0.00000 0.00000 0.00000 ( 1)  0.050 +-  0.000
 167 P   1.00000 0.00000 0.00000 0.00000 0.00000 0.00000 0.00000 0.00000 0.00000 0.00000 0.00000 ( 1)  0.050 +-  0.000
 168 L   1.00000 0.00000 0.00000 0.00000 0.00000 0.00000 0.00000 0.00000 0.00000 0.00000 0.00000 ( 1)  0.050 +-  0.000
 169 T   0.00237 0.99299 0.00463 0.00000 0.00000 0.00000 0.00000 0.00000 0.00000 0.00000 0.00000 ( 2)  0.150 +-  0.008
 170 V   0.86409 0.13591 0.00000 0.00000 0.00000 0.00000 0.00000 0.00000 0.00000 0.00000 0.00000 ( 1)  0.064 +-  0.034
 171 N   0.99999 0.00001 0.00000 0.00000 0.00000 0.00000 0.00000 0.00000 0.00000 0.00000 0.00000 ( 1)  0.050 +-  0.000
 172 G   0.99999 0.00001 0.00000 0.00000 0.00000 0.00000 0.00000 0.00000 0.00000 0.00000 0.00000 ( 1)  0.050 +-  0.000
 173 A   1.00000 0.00000 0.00000 0.00000 0.00000 0.00000 0.00000 0.00000 0.00000 0.00000 0.00000 ( 1)  0.050 +-  0.000
 174 L   0.99933 0.00067 0.00000 0.00000 0.00000 0.00000 0.00000 0.00000 0.00000 0.00000 0.00000 ( 1)  0.050 +-  0.003
 175 L   0.92631 0.07351 0.00018 0.00000 0.00000 0.00000 0.00000 0.00000 0.00000 0.00000 0.00000 ( 1)  0.057 +-  0.026
 176 Q   0.99996 0.00004 0.00000 0.00000 0.00000 0.00000 0.00000 0.00000 0.00000 0.00000 0.00000 ( 1)  0.050 +-  0.001
 177 I   1.00000 0.00000 0.00000 0.00000 0.00000 0.00000 0.00000 0.00000 0.00000 0.00000 0.00000 ( 1)  0.050 +-  0.000
 178 F   0.14247 0.85236 0.00516 0.00000 0.00000 0.00000 0.00000 0.00000 0.00000 0.00000 0.00000 ( 2)  0.136 +-  0.036
 179 G   0.99932 0.00068 0.00000 0.00000 0.00000 0.00000 0.00000 0.00000 0.00000 0.00000 0.00000 ( 1)  0.050 +-  0.003
 180 V   1.00000 0.00000 0.00000 0.00000 0.00000 0.00000 0.00000 0.00000 0.00000 0.00000 0.00000 ( 1)  0.050 +-  0.000
 181 W   1.00000 0.00000 0.00000 0.00000 0.00000 0.00000 0.00000 0.00000 0.00000 0.00000 0.00000 ( 1)  0.050 +-  0.000
 182 A   0.00000 0.00000 0.00000 0.00000 0.00000 0.00022 0.01559 0.17524 0.48251 0.31830 0.00814 ( 9)  0.866 +-  0.094
 183 F   1.00000 0.00000 0.00000 0.00000 0.00000 0.00000 0.00000 0.00000 0.00000 0.00000 0.00000 ( 1)  0.050 +-  0.000
 184 S   0.14607 0.83963 0.01426 0.00003 0.00000 0.00000 0.00000 0.00000 0.00000 0.00000 0.00000 ( 2)  0.137 +-  0.038
 185 L   0.96404 0.03594 0.00002 0.00000 0.00000 0.00000 0.00000 0.00000 0.00000 0.00000 0.00000 ( 1)  0.054 +-  0.019
 186 A   0.00000 0.07855 0.84543 0.07528 0.00073 0.00000 0.00000 0.00000 0.00000 0.00000 0.00000 ( 3)  0.250 +-  0.040
 187 W   1.00000 0.00000 0.00000 0.00000 0.00000 0.00000 0.00000 0.00000 0.00000 0.00000 0.00000 ( 1)  0.050 +-  0.000
 188 T   1.00000 0.00000 0.00000 0.00000 0.00000 0.00000 0.00000 0.00000 0.00000 0.00000 0.00000 ( 1)  0.050 +-  0.000
 189 L   0.00000 0.58515 0.40831 0.00651 0.00002 0.00000 0.00000 0.00000 0.00000 0.00000 0.00000 ( 2)  0.192 +-  0.051
 190 A   1.00000 0.00000 0.00000 0.00000 0.00000 0.00000 0.00000 0.00000 0.00000 0.00000 0.00000 ( 1)  0.050 +-  0.000
 191 P   1.00000 0.00000 0.00000 0.00000 0.00000 0.00000 0.00000 0.00000 0.00000 0.00000 0.00000 ( 1)  0.050 +-  0.000
 192 I   0.99722 0.00278 0.00000 0.00000 0.00000 0.00000 0.00000 0.00000 0.00000 0.00000 0.00000 ( 1)  0.050 +-  0.005
 193 F   1.00000 0.00000 0.00000 0.00000 0.00000 0.00000 0.00000 0.00000 0.00000 0.00000 0.00000 ( 1)  0.050 +-  0.000
 194 G   1.00000 0.00000 0.00000 0.00000 0.00000 0.00000 0.00000 0.00000 0.00000 0.00000 0.00000 ( 1)  0.050 +-  0.000
 195 W   1.00000 0.00000 0.00000 0.00000 0.00000 0.00000 0.00000 0.00000 0.00000 0.00000 0.00000 ( 1)  0.050 +-  0.000
 196 S   1.00000 0.00000 0.00000 0.00000 0.00000 0.00000 0.00000 0.00000 0.00000 0.00000 0.00000 ( 1)  0.050 +-  0.000
 197 R   0.99976 0.00024 0.00000 0.00000 0.00000 0.00000 0.00000 0.00000 0.00000 0.00000 0.00000 ( 1)  0.050 +-  0.002
 198 Y   1.00000 0.00000 0.00000 0.00000 0.00000 0.00000 0.00000 0.00000 0.00000 0.00000 0.00000 ( 1)  0.050 +-  0.000
 199 V   1.00000 0.00000 0.00000 0.00000 0.00000 0.00000 0.00000 0.00000 0.00000 0.00000 0.00000 ( 1)  0.050 +-  0.000
 200 P   1.00000 0.00000 0.00000 0.00000 0.00000 0.00000 0.00000 0.00000 0.00000 0.00000 0.00000 ( 1)  0.050 +-  0.000
 201 E   1.00000 0.00000 0.00000 0.00000 0.00000 0.00000 0.00000 0.00000 0.00000 0.00000 0.00000 ( 1)  0.050 +-  0.000
 202 G   1.00000 0.00000 0.00000 0.00000 0.00000 0.00000 0.00000 0.00000 0.00000 0.00000 0.00000 ( 1)  0.050 +-  0.000
 203 N   1.00000 0.00000 0.00000 0.00000 0.00000 0.00000 0.00000 0.00000 0.00000 0.00000 0.00000 ( 1)  0.050 +-  0.000
 204 M   1.00000 0.00000 0.00000 0.00000 0.00000 0.00000 0.00000 0.00000 0.00000 0.00000 0.00000 ( 1)  0.050 +-  0.000
 205 T   1.00000 0.00000 0.00000 0.00000 0.00000 0.00000 0.00000 0.00000 0.00000 0.00000 0.00000 ( 1)  0.050 +-  0.000
 206 A   1.00000 0.00000 0.00000 0.00000 0.00000 0.00000 0.00000 0.00000 0.00000 0.00000 0.00000 ( 1)  0.050 +-  0.000
 207 C   1.00000 0.00000 0.00000 0.00000 0.00000 0.00000 0.00000 0.00000 0.00000 0.00000 0.00000 ( 1)  0.050 +-  0.000
 208 G   1.00000 0.00000 0.00000 0.00000 0.00000 0.00000 0.00000 0.00000 0.00000 0.00000 0.00000 ( 1)  0.050 +-  0.000
 209 T   1.00000 0.00000 0.00000 0.00000 0.00000 0.00000 0.00000 0.00000 0.00000 0.00000 0.00000 ( 1)  0.050 +-  0.000
 210 D   1.00000 0.00000 0.00000 0.00000 0.00000 0.00000 0.00000 0.00000 0.00000 0.00000 0.00000 ( 1)  0.050 +-  0.000
 211 Y   1.00000 0.00000 0.00000 0.00000 0.00000 0.00000 0.00000 0.00000 0.00000 0.00000 0.00000 ( 1)  0.050 +-  0.000
 212 L   0.99999 0.00001 0.00000 0.00000 0.00000 0.00000 0.00000 0.00000 0.00000 0.00000 0.00000 ( 1)  0.050 +-  0.000
 213 S   0.00000 0.00000 0.08795 0.80997 0.10098 0.00110 0.00000 0.00000 0.00000 0.00000 0.00000 ( 4)  0.352 +-  0.044
 214 K   1.00000 0.00000 0.00000 0.00000 0.00000 0.00000 0.00000 0.00000 0.00000 0.00000 0.00000 ( 1)  0.050 +-  0.000
 215 D   0.00011 0.97412 0.02575 0.00001 0.00000 0.00000 0.00000 0.00000 0.00000 0.00000 0.00000 ( 2)  0.153 +-  0.016
 216 L   0.99528 0.00472 0.00000 0.00000 0.00000 0.00000 0.00000 0.00000 0.00000 0.00000 0.00000 ( 1)  0.050 +-  0.007
 217 L   0.00000 0.00009 0.38122 0.59426 0.02429 0.00014 0.00000 0.00000 0.00000 0.00000 0.00000 ( 4)  0.314 +-  0.053
 218 S   1.00000 0.00000 0.00000 0.00000 0.00000 0.00000 0.00000 0.00000 0.00000 0.00000 0.00000 ( 1)  0.050 +-  0.000
 219 Q   0.99915 0.00085 0.00000 0.00000 0.00000 0.00000 0.00000 0.00000 0.00000 0.00000 0.00000 ( 1)  0.050 +-  0.003
 220 I   1.00000 0.00000 0.00000 0.00000 0.00000 0.00000 0.00000 0.00000 0.00000 0.00000 0.00000 ( 1)  0.050 +-  0.000
 221 Y   1.00000 0.00000 0.00000 0.00000 0.00000 0.00000 0.00000 0.00000 0.00000 0.00000 0.00000 ( 1)  0.050 +-  0.000
 222 I   1.00000 0.00000 0.00000 0.00000 0.00000 0.00000 0.00000 0.00000 0.00000 0.00000 0.00000 ( 1)  0.050 +-  0.000
 223 I   0.99788 0.00212 0.00000 0.00000 0.00000 0.00000 0.00000 0.00000 0.00000 0.00000 0.00000 ( 1)  0.050 +-  0.005
 224 T   0.00000 0.94378 0.05620 0.00002 0.00000 0.00000 0.00000 0.00000 0.00000 0.00000 0.00000 ( 2)  0.156 +-  0.023
 225 Y   1.00000 0.00000 0.00000 0.00000 0.00000 0.00000 0.00000 0.00000 0.00000 0.00000 0.00000 ( 1)  0.050 +-  0.000
 226 S   0.99980 0.00020 0.00000 0.00000 0.00000 0.00000 0.00000 0.00000 0.00000 0.00000 0.00000 ( 1)  0.050 +-  0.001
 227 I   0.99065 0.00935 0.00000 0.00000 0.00000 0.00000 0.00000 0.00000 0.00000 0.00000 0.00000 ( 1)  0.051 +-  0.010
 228 A   1.00000 0.00000 0.00000 0.00000 0.00000 0.00000 0.00000 0.00000 0.00000 0.00000 0.00000 ( 1)  0.050 +-  0.000
 229 C   0.00000 0.36622 0.62757 0.00620 0.00001 0.00000 0.00000 0.00000 0.00000 0.00000 0.00000 ( 3)  0.214 +-  0.049
 230 Y   1.00000 0.00000 0.00000 0.00000 0.00000 0.00000 0.00000 0.00000 0.00000 0.00000 0.00000 ( 1)  0.050 +-  0.000
 231 F   1.00000 0.00000 0.00000 0.00000 0.00000 0.00000 0.00000 0.00000 0.00000 0.00000 0.00000 ( 1)  0.050 +-  0.000
 232 L   0.00000 0.00000 0.17433 0.78759 0.03792 0.00015 0.00000 0.00000 0.00000 0.00000 0.00000 ( 4)  0.336 +-  0.044
 233 P   1.00000 0.00000 0.00000 0.00000 0.00000 0.00000 0.00000 0.00000 0.00000 0.00000 0.00000 ( 1)  0.050 +-  0.000
 234 L   1.00000 0.00000 0.00000 0.00000 0.00000 0.00000 0.00000 0.00000 0.00000 0.00000 0.00000 ( 1)  0.050 +-  0.000
 235 A   0.00001 0.69397 0.30319 0.00283 0.00000 0.00000 0.00000 0.00000 0.00000 0.00000 0.00000 ( 2)  0.181 +-  0.047
 236 L   1.00000 0.00000 0.00000 0.00000 0.00000 0.00000 0.00000 0.00000 0.00000 0.00000 0.00000 ( 1)  0.050 +-  0.000
 237 I   1.00000 0.00000 0.00000 0.00000 0.00000 0.00000 0.00000 0.00000 0.00000 0.00000 0.00000 ( 1)  0.050 +-  0.000
 238 V   1.00000 0.00000 0.00000 0.00000 0.00000 0.00000 0.00000 0.00000 0.00000 0.00000 0.00000 ( 1)  0.050 +-  0.000
 239 Y   1.00000 0.00000 0.00000 0.00000 0.00000 0.00000 0.00000 0.00000 0.00000 0.00000 0.00000 ( 1)  0.050 +-  0.000
 240 S   1.00000 0.00000 0.00000 0.00000 0.00000 0.00000 0.00000 0.00000 0.00000 0.00000 0.00000 ( 1)  0.050 +-  0.000
 241 Y   1.00000 0.00000 0.00000 0.00000 0.00000 0.00000 0.00000 0.00000 0.00000 0.00000 0.00000 ( 1)  0.050 +-  0.000
 242 F   0.99992 0.00008 0.00000 0.00000 0.00000 0.00000 0.00000 0.00000 0.00000 0.00000 0.00000 ( 1)  0.050 +-  0.001
 243 F   1.00000 0.00000 0.00000 0.00000 0.00000 0.00000 0.00000 0.00000 0.00000 0.00000 0.00000 ( 1)  0.050 +-  0.000
 244 I   1.00000 0.00000 0.00000 0.00000 0.00000 0.00000 0.00000 0.00000 0.00000 0.00000 0.00000 ( 1)  0.050 +-  0.000
 245 V   0.99989 0.00011 0.00000 0.00000 0.00000 0.00000 0.00000 0.00000 0.00000 0.00000 0.00000 ( 1)  0.050 +-  0.001
 246 Q   0.99992 0.00008 0.00000 0.00000 0.00000 0.00000 0.00000 0.00000 0.00000 0.00000 0.00000 ( 1)  0.050 +-  0.001
 247 A   1.00000 0.00000 0.00000 0.00000 0.00000 0.00000 0.00000 0.00000 0.00000 0.00000 0.00000 ( 1)  0.050 +-  0.000
 248 V   1.00000 0.00000 0.00000 0.00000 0.00000 0.00000 0.00000 0.00000 0.00000 0.00000 0.00000 ( 1)  0.050 +-  0.000
 249 A   0.91563 0.08423 0.00013 0.00000 0.00000 0.00000 0.00000 0.00000 0.00000 0.00000 0.00000 ( 1)  0.058 +-  0.028
 250 A   1.00000 0.00000 0.00000 0.00000 0.00000 0.00000 0.00000 0.00000 0.00000 0.00000 0.00000 ( 1)  0.050 +-  0.000
 251 H   1.00000 0.00000 0.00000 0.00000 0.00000 0.00000 0.00000 0.00000 0.00000 0.00000 0.00000 ( 1)  0.050 +-  0.000
 252 E   1.00000 0.00000 0.00000 0.00000 0.00000 0.00000 0.00000 0.00000 0.00000 0.00000 0.00000 ( 1)  0.050 +-  0.000
 253 K   0.11600 0.87835 0.00565 0.00000 0.00000 0.00000 0.00000 0.00000 0.00000 0.00000 0.00000 ( 2)  0.139 +-  0.033
 254 A   0.00000 0.24761 0.73011 0.02219 0.00009 0.00000 0.00000 0.00000 0.00000 0.00000 0.00000 ( 3)  0.227 +-  0.047
 255 M   1.00000 0.00000 0.00000 0.00000 0.00000 0.00000 0.00000 0.00000 0.00000 0.00000 0.00000 ( 1)  0.050 +-  0.000
 256 R   1.00000 0.00000 0.00000 0.00000 0.00000 0.00000 0.00000 0.00000 0.00000 0.00000 0.00000 ( 1)  0.050 +-  0.000
 257 E   1.00000 0.00000 0.00000 0.00000 0.00000 0.00000 0.00000 0.00000 0.00000 0.00000 0.00000 ( 1)  0.050 +-  0.000
 258 Q   0.99999 0.00001 0.00000 0.00000 0.00000 0.00000 0.00000 0.00000 0.00000 0.00000 0.00000 ( 1)  0.050 +-  0.000
 259 A   1.00000 0.00000 0.00000 0.00000 0.00000 0.00000 0.00000 0.00000 0.00000 0.00000 0.00000 ( 1)  0.050 +-  0.000
 260 K   1.00000 0.00000 0.00000 0.00000 0.00000 0.00000 0.00000 0.00000 0.00000 0.00000 0.00000 ( 1)  0.050 +-  0.000
 261 K   1.00000 0.00000 0.00000 0.00000 0.00000 0.00000 0.00000 0.00000 0.00000 0.00000 0.00000 ( 1)  0.050 +-  0.000
 262 M   1.00000 0.00000 0.00000 0.00000 0.00000 0.00000 0.00000 0.00000 0.00000 0.00000 0.00000 ( 1)  0.050 +-  0.000
 263 N   1.00000 0.00000 0.00000 0.00000 0.00000 0.00000 0.00000 0.00000 0.00000 0.00000 0.00000 ( 1)  0.050 +-  0.000
 264 V   1.00000 0.00000 0.00000 0.00000 0.00000 0.00000 0.00000 0.00000 0.00000 0.00000 0.00000 ( 1)  0.050 +-  0.000
 265 A   1.00000 0.00000 0.00000 0.00000 0.00000 0.00000 0.00000 0.00000 0.00000 0.00000 0.00000 ( 1)  0.050 +-  0.000
 266 S   1.00000 0.00000 0.00000 0.00000 0.00000 0.00000 0.00000 0.00000 0.00000 0.00000 0.00000 ( 1)  0.050 +-  0.000
 267 L   1.00000 0.00000 0.00000 0.00000 0.00000 0.00000 0.00000 0.00000 0.00000 0.00000 0.00000 ( 1)  0.050 +-  0.000
 268 R   1.00000 0.00000 0.00000 0.00000 0.00000 0.00000 0.00000 0.00000 0.00000 0.00000 0.00000 ( 1)  0.050 +-  0.000
 269 S   1.00000 0.00000 0.00000 0.00000 0.00000 0.00000 0.00000 0.00000 0.00000 0.00000 0.00000 ( 1)  0.050 +-  0.000
 270 S   0.97893 0.02106 0.00001 0.00000 0.00000 0.00000 0.00000 0.00000 0.00000 0.00000 0.00000 ( 1)  0.052 +-  0.014
 271 E   0.99978 0.00022 0.00000 0.00000 0.00000 0.00000 0.00000 0.00000 0.00000 0.00000 0.00000 ( 1)  0.050 +-  0.001
 272 Q   0.00065 0.92737 0.07175 0.00023 0.00000 0.00000 0.00000 0.00000 0.00000 0.00000 0.00000 ( 2)  0.157 +-  0.026
 273 A   0.99996 0.00004 0.00000 0.00000 0.00000 0.00000 0.00000 0.00000 0.00000 0.00000 0.00000 ( 1)  0.050 +-  0.001
 274 N   1.00000 0.00000 0.00000 0.00000 0.00000 0.00000 0.00000 0.00000 0.00000 0.00000 0.00000 ( 1)  0.050 +-  0.000
 275 T   1.00000 0.00000 0.00000 0.00000 0.00000 0.00000 0.00000 0.00000 0.00000 0.00000 0.00000 ( 1)  0.050 +-  0.000
 276 S   1.00000 0.00000 0.00000 0.00000 0.00000 0.00000 0.00000 0.00000 0.00000 0.00000 0.00000 ( 1)  0.050 +-  0.000
 277 A   1.00000 0.00000 0.00000 0.00000 0.00000 0.00000 0.00000 0.00000 0.00000 0.00000 0.00000 ( 1)  0.050 +-  0.000
 278 E   1.00000 0.00000 0.00000 0.00000 0.00000 0.00000 0.00000 0.00000 0.00000 0.00000 0.00000 ( 1)  0.050 +-  0.000
 279 C   1.00000 0.00000 0.00000 0.00000 0.00000 0.00000 0.00000 0.00000 0.00000 0.00000 0.00000 ( 1)  0.050 +-  0.000
 280 K   1.00000 0.00000 0.00000 0.00000 0.00000 0.00000 0.00000 0.00000 0.00000 0.00000 0.00000 ( 1)  0.050 +-  0.000
 281 L   1.00000 0.00000 0.00000 0.00000 0.00000 0.00000 0.00000 0.00000 0.00000 0.00000 0.00000 ( 1)  0.050 +-  0.000
 282 A   1.00000 0.00000 0.00000 0.00000 0.00000 0.00000 0.00000 0.00000 0.00000 0.00000 0.00000 ( 1)  0.050 +-  0.000
 283 K   1.00000 0.00000 0.00000 0.00000 0.00000 0.00000 0.00000 0.00000 0.00000 0.00000 0.00000 ( 1)  0.050 +-  0.000
 284 V   1.00000 0.00000 0.00000 0.00000 0.00000 0.00000 0.00000 0.00000 0.00000 0.00000 0.00000 ( 1)  0.050 +-  0.000
 285 A   1.00000 0.00000 0.00000 0.00000 0.00000 0.00000 0.00000 0.00000 0.00000 0.00000 0.00000 ( 1)  0.050 +-  0.000
 286 L   1.00000 0.00000 0.00000 0.00000 0.00000 0.00000 0.00000 0.00000 0.00000 0.00000 0.00000 ( 1)  0.050 +-  0.000
 287 M   1.00000 0.00000 0.00000 0.00000 0.00000 0.00000 0.00000 0.00000 0.00000 0.00000 0.00000 ( 1)  0.050 +-  0.000
 288 T   1.00000 0.00000 0.00000 0.00000 0.00000 0.00000 0.00000 0.00000 0.00000 0.00000 0.00000 ( 1)  0.050 +-  0.000
 289 I   1.00000 0.00000 0.00000 0.00000 0.00000 0.00000 0.00000 0.00000 0.00000 0.00000 0.00000 ( 1)  0.050 +-  0.000
 290 S   1.00000 0.00000 0.00000 0.00000 0.00000 0.00000 0.00000 0.00000 0.00000 0.00000 0.00000 ( 1)  0.050 +-  0.000
 291 L   1.00000 0.00000 0.00000 0.00000 0.00000 0.00000 0.00000 0.00000 0.00000 0.00000 0.00000 ( 1)  0.050 +-  0.000
 292 W   1.00000 0.00000 0.00000 0.00000 0.00000 0.00000 0.00000 0.00000 0.00000 0.00000 0.00000 ( 1)  0.050 +-  0.000
 293 F   1.00000 0.00000 0.00000 0.00000 0.00000 0.00000 0.00000 0.00000 0.00000 0.00000 0.00000 ( 1)  0.050 +-  0.000
 294 M   1.00000 0.00000 0.00000 0.00000 0.00000 0.00000 0.00000 0.00000 0.00000 0.00000 0.00000 ( 1)  0.050 +-  0.000
 295 A   1.00000 0.00000 0.00000 0.00000 0.00000 0.00000 0.00000 0.00000 0.00000 0.00000 0.00000 ( 1)  0.050 +-  0.000
 296 W   1.00000 0.00000 0.00000 0.00000 0.00000 0.00000 0.00000 0.00000 0.00000 0.00000 0.00000 ( 1)  0.050 +-  0.000
 297 T   1.00000 0.00000 0.00000 0.00000 0.00000 0.00000 0.00000 0.00000 0.00000 0.00000 0.00000 ( 1)  0.050 +-  0.000
 298 P   1.00000 0.00000 0.00000 0.00000 0.00000 0.00000 0.00000 0.00000 0.00000 0.00000 0.00000 ( 1)  0.050 +-  0.000
 299 Y   1.00000 0.00000 0.00000 0.00000 0.00000 0.00000 0.00000 0.00000 0.00000 0.00000 0.00000 ( 1)  0.050 +-  0.000
 300 L   1.00000 0.00000 0.00000 0.00000 0.00000 0.00000 0.00000 0.00000 0.00000 0.00000 0.00000 ( 1)  0.050 +-  0.000
 301 V   1.00000 0.00000 0.00000 0.00000 0.00000 0.00000 0.00000 0.00000 0.00000 0.00000 0.00000 ( 1)  0.050 +-  0.000
 302 I   1.00000 0.00000 0.00000 0.00000 0.00000 0.00000 0.00000 0.00000 0.00000 0.00000 0.00000 ( 1)  0.050 +-  0.000
 303 N   1.00000 0.00000 0.00000 0.00000 0.00000 0.00000 0.00000 0.00000 0.00000 0.00000 0.00000 ( 1)  0.050 +-  0.000
 304 F   0.93125 0.06874 0.00002 0.00000 0.00000 0.00000 0.00000 0.00000 0.00000 0.00000 0.00000 ( 1)  0.057 +-  0.025
 305 A   0.00826 0.98508 0.00666 0.00000 0.00000 0.00000 0.00000 0.00000 0.00000 0.00000 0.00000 ( 2)  0.150 +-  0.012
 306 G   1.00000 0.00000 0.00000 0.00000 0.00000 0.00000 0.00000 0.00000 0.00000 0.00000 0.00000 ( 1)  0.050 +-  0.000
 307 V   1.00000 0.00000 0.00000 0.00000 0.00000 0.00000 0.00000 0.00000 0.00000 0.00000 0.00000 ( 1)  0.050 +-  0.000
 308 F   1.00000 0.00000 0.00000 0.00000 0.00000 0.00000 0.00000 0.00000 0.00000 0.00000 0.00000 ( 1)  0.050 +-  0.000
 309 E   1.00000 0.00000 0.00000 0.00000 0.00000 0.00000 0.00000 0.00000 0.00000 0.00000 0.00000 ( 1)  0.050 +-  0.000
 310 T   0.99948 0.00052 0.00000 0.00000 0.00000 0.00000 0.00000 0.00000 0.00000 0.00000 0.00000 ( 1)  0.050 +-  0.002
 311 A   0.00000 0.18760 0.79427 0.01809 0.00004 0.00000 0.00000 0.00000 0.00000 0.00000 0.00000 ( 3)  0.233 +-  0.042
 312 P   0.00001 0.77824 0.22062 0.00113 0.00000 0.00000 0.00000 0.00000 0.00000 0.00000 0.00000 ( 2)  0.172 +-  0.042
 313 I   1.00000 0.00000 0.00000 0.00000 0.00000 0.00000 0.00000 0.00000 0.00000 0.00000 0.00000 ( 1)  0.050 +-  0.000
 314 S   0.81435 0.18563 0.00002 0.00000 0.00000 0.00000 0.00000 0.00000 0.00000 0.00000 0.00000 ( 1)  0.069 +-  0.039
 315 P   1.00000 0.00000 0.00000 0.00000 0.00000 0.00000 0.00000 0.00000 0.00000 0.00000 0.00000 ( 1)  0.050 +-  0.000
 316 L   1.00000 0.00000 0.00000 0.00000 0.00000 0.00000 0.00000 0.00000 0.00000 0.00000 0.00000 ( 1)  0.050 +-  0.000
 317 S   0.99980 0.00020 0.00000 0.00000 0.00000 0.00000 0.00000 0.00000 0.00000 0.00000 0.00000 ( 1)  0.050 +-  0.001
 318 T   1.00000 0.00000 0.00000 0.00000 0.00000 0.00000 0.00000 0.00000 0.00000 0.00000 0.00000 ( 1)  0.050 +-  0.000
 319 I   1.00000 0.00000 0.00000 0.00000 0.00000 0.00000 0.00000 0.00000 0.00000 0.00000 0.00000 ( 1)  0.050 +-  0.000
 320 W   1.00000 0.00000 0.00000 0.00000 0.00000 0.00000 0.00000 0.00000 0.00000 0.00000 0.00000 ( 1)  0.050 +-  0.000
 321 G   1.00000 0.00000 0.00000 0.00000 0.00000 0.00000 0.00000 0.00000 0.00000 0.00000 0.00000 ( 1)  0.050 +-  0.000
 322 S   1.00000 0.00000 0.00000 0.00000 0.00000 0.00000 0.00000 0.00000 0.00000 0.00000 0.00000 ( 1)  0.050 +-  0.000
 323 V   0.99990 0.00010 0.00000 0.00000 0.00000 0.00000 0.00000 0.00000 0.00000 0.00000 0.00000 ( 1)  0.050 +-  0.001
 324 F   1.00000 0.00000 0.00000 0.00000 0.00000 0.00000 0.00000 0.00000 0.00000 0.00000 0.00000 ( 1)  0.050 +-  0.000
 325 A   1.00000 0.00000 0.00000 0.00000 0.00000 0.00000 0.00000 0.00000 0.00000 0.00000 0.00000 ( 1)  0.050 +-  0.000
 326 K   1.00000 0.00000 0.00000 0.00000 0.00000 0.00000 0.00000 0.00000 0.00000 0.00000 0.00000 ( 1)  0.050 +-  0.000
 327 A   1.00000 0.00000 0.00000 0.00000 0.00000 0.00000 0.00000 0.00000 0.00000 0.00000 0.00000 ( 1)  0.050 +-  0.000
 328 N   1.00000 0.00000 0.00000 0.00000 0.00000 0.00000 0.00000 0.00000 0.00000 0.00000 0.00000 ( 1)  0.050 +-  0.000
 329 A   1.00000 0.00000 0.00000 0.00000 0.00000 0.00000 0.00000 0.00000 0.00000 0.00000 0.00000 ( 1)  0.050 +-  0.000
 330 V   1.00000 0.00000 0.00000 0.00000 0.00000 0.00000 0.00000 0.00000 0.00000 0.00000 0.00000 ( 1)  0.050 +-  0.000
 331 Y   1.00000 0.00000 0.00000 0.00000 0.00000 0.00000 0.00000 0.00000 0.00000 0.00000 0.00000 ( 1)  0.050 +-  0.000
 332 N   1.00000 0.00000 0.00000 0.00000 0.00000 0.00000 0.00000 0.00000 0.00000 0.00000 0.00000 ( 1)  0.050 +-  0.000
 333 P   1.00000 0.00000 0.00000 0.00000 0.00000 0.00000 0.00000 0.00000 0.00000 0.00000 0.00000 ( 1)  0.050 +-  0.000
 334 I   1.00000 0.00000 0.00000 0.00000 0.00000 0.00000 0.00000 0.00000 0.00000 0.00000 0.00000 ( 1)  0.050 +-  0.000
 335 V   1.00000 0.00000 0.00000 0.00000 0.00000 0.00000 0.00000 0.00000 0.00000 0.00000 0.00000 ( 1)  0.050 +-  0.000
 336 Y   1.00000 0.00000 0.00000 0.00000 0.00000 0.00000 0.00000 0.00000 0.00000 0.00000 0.00000 ( 1)  0.050 +-  0.000
 337 G   1.00000 0.00000 0.00000 0.00000 0.00000 0.00000 0.00000 0.00000 0.00000 0.00000 0.00000 ( 1)  0.050 +-  0.000
 338 I   1.00000 0.00000 0.00000 0.00000 0.00000 0.00000 0.00000 0.00000 0.00000 0.00000 0.00000 ( 1)  0.050 +-  0.000
 339 S   1.00000 0.00000 0.00000 0.00000 0.00000 0.00000 0.00000 0.00000 0.00000 0.00000 0.00000 ( 1)  0.050 +-  0.000
 340 H   1.00000 0.00000 0.00000 0.00000 0.00000 0.00000 0.00000 0.00000 0.00000 0.00000 0.00000 ( 1)  0.050 +-  0.000
 341 P   1.00000 0.00000 0.00000 0.00000 0.00000 0.00000 0.00000 0.00000 0.00000 0.00000 0.00000 ( 1)  0.050 +-  0.000
 342 K   1.00000 0.00000 0.00000 0.00000 0.00000 0.00000 0.00000 0.00000 0.00000 0.00000 0.00000 ( 1)  0.050 +-  0.000
 343 Y   1.00000 0.00000 0.00000 0.00000 0.00000 0.00000 0.00000 0.00000 0.00000 0.00000 0.00000 ( 1)  0.050 +-  0.000
 344 R   0.99974 0.00026 0.00000 0.00000 0.00000 0.00000 0.00000 0.00000 0.00000 0.00000 0.00000 ( 1)  0.050 +-  0.002
 345 A   0.99784 0.00216 0.00000 0.00000 0.00000 0.00000 0.00000 0.00000 0.00000 0.00000 0.00000 ( 1)  0.050 +-  0.005
 346 A   0.99979 0.00021 0.00000 0.00000 0.00000 0.00000 0.00000 0.00000 0.00000 0.00000 0.00000 ( 1)  0.050 +-  0.001
 347 L   1.00000 0.00000 0.00000 0.00000 0.00000 0.00000 0.00000 0.00000 0.00000 0.00000 0.00000 ( 1)  0.050 +-  0.000
 348 Y   1.00000 0.00000 0.00000 0.00000 0.00000 0.00000 0.00000 0.00000 0.00000 0.00000 0.00000 ( 1)  0.050 +-  0.000
 349 Q   0.00033 0.88910 0.11007 0.00049 0.00000 0.00000 0.00000 0.00000 0.00000 0.00000 0.00000 ( 2)  0.161 +-  0.032
 350 R   0.01355 0.96820 0.01823 0.00002 0.00000 0.00000 0.00000 0.00000 0.00000 0.00000 0.00000 ( 2)  0.150 +-  0.018
 351 F   1.00000 0.00000 0.00000 0.00000 0.00000 0.00000 0.00000 0.00000 0.00000 0.00000 0.00000 ( 1)  0.050 +-  0.000
 352 P   1.00000 0.00000 0.00000 0.00000 0.00000 0.00000 0.00000 0.00000 0.00000 0.00000 0.00000 ( 1)  0.050 +-  0.000
 353 S   0.00000 0.08713 0.83642 0.07566 0.00078 0.00000 0.00000 0.00000 0.00000 0.00000 0.00000 ( 3)  0.249 +-  0.041
 354 L   1.00000 0.00000 0.00000 0.00000 0.00000 0.00000 0.00000 0.00000 0.00000 0.00000 0.00000 ( 1)  0.050 +-  0.000
 355 A   0.93958 0.06039 0.00004 0.00000 0.00000 0.00000 0.00000 0.00000 0.00000 0.00000 0.00000 ( 1)  0.056 +-  0.024
 356 C   1.00000 0.00000 0.00000 0.00000 0.00000 0.00000 0.00000 0.00000 0.00000 0.00000 0.00000 ( 1)  0.050 +-  0.000
 357 Q   0.00003 0.53228 0.45483 0.01279 0.00007 0.00000 0.00000 0.00000 0.00000 0.00000 0.00000 ( 2)  0.198 +-  0.053
 358 P   0.00000 0.01420 0.79371 0.18851 0.00356 0.00002 0.00000 0.00000 0.00000 0.00000 0.00000 ( 3)  0.268 +-  0.043
 359 S   0.00003 0.65709 0.33754 0.00533 0.00002 0.00000 0.00000 0.00000 0.00000 0.00000 0.00000 ( 2)  0.185 +-  0.049
 360 P   0.00008 0.84241 0.15659 0.00093 0.00000 0.00000 0.00000 0.00000 0.00000 0.00000 0.00000 ( 2)  0.166 +-  0.037
 361 E   0.10887 0.89072 0.00041 0.00000 0.00000 0.00000 0.00000 0.00000 0.00000 0.00000 0.00000 ( 2)  0.139 +-  0.031
 362 E   0.17811 0.82082 0.00106 0.00000 0.00000 0.00000 0.00000 0.00000 0.00000 0.00000 0.00000 ( 2)  0.132 +-  0.038
 363 T   0.00000 0.00000 0.04081 0.73810 0.21492 0.00612 0.00004 0.00000 0.00000 0.00000 0.00000 ( 4)  0.369 +-  0.050
 364 G   0.00285 0.98696 0.01018 0.00000 0.00000 0.00000 0.00000 0.00000 0.00000 0.00000 0.00000 ( 2)  0.151 +-  0.011
 365 S   1.00000 0.00000 0.00000 0.00000 0.00000 0.00000 0.00000 0.00000 0.00000 0.00000 0.00000 ( 1)  0.050 +-  0.000
 366 V   0.87581 0.12416 0.00004 0.00000 0.00000 0.00000 0.00000 0.00000 0.00000 0.00000 0.00000 ( 1)  0.062 +-  0.033
 367 A   1.00000 0.00000 0.00000 0.00000 0.00000 0.00000 0.00000 0.00000 0.00000 0.00000 0.00000 ( 1)  0.050 +-  0.000
 368 S   1.00000 0.00000 0.00000 0.00000 0.00000 0.00000 0.00000 0.00000 0.00000 0.00000 0.00000 ( 1)  0.050 +-  0.000
 369 A   0.01166 0.98043 0.00790 0.00000 0.00000 0.00000 0.00000 0.00000 0.00000 0.00000 0.00000 ( 2)  0.150 +-  0.014
 370 A   0.00002 0.97243 0.02754 0.00001 0.00000 0.00000 0.00000 0.00000 0.00000 0.00000 0.00000 ( 2)  0.153 +-  0.016
 371 T   1.00000 0.00000 0.00000 0.00000 0.00000 0.00000 0.00000 0.00000 0.00000 0.00000 0.00000 ( 1)  0.050 +-  0.000
 372 A   0.99999 0.00001 0.00000 0.00000 0.00000 0.00000 0.00000 0.00000 0.00000 0.00000 0.00000 ( 1)  0.050 +-  0.000
 373 C   0.00061 0.98971 0.00968 0.00000 0.00000 0.00000 0.00000 0.00000 0.00000 0.00000 0.00000 ( 2)  0.151 +-  0.010
 374 T   0.97456 0.02543 0.00000 0.00000 0.00000 0.00000 0.00000 0.00000 0.00000 0.00000 0.00000 ( 1)  0.053 +-  0.016
 375 E   0.96716 0.03283 0.00001 0.00000 0.00000 0.00000 0.00000 0.00000 0.00000 0.00000 0.00000 ( 1)  0.053 +-  0.018
 376 E   1.00000 0.00000 0.00000 0.00000 0.00000 0.00000 0.00000 0.00000 0.00000 0.00000 0.00000 ( 1)  0.050 +-  0.000
 377 K   1.00000 0.00000 0.00000 0.00000 0.00000 0.00000 0.00000 0.00000 0.00000 0.00000 0.00000 ( 1)  0.050 +-  0.000
 378 P   1.00000 0.00000 0.00000 0.00000 0.00000 0.00000 0.00000 0.00000 0.00000 0.00000 0.00000 ( 1)  0.050 +-  0.000
 379 S   0.99979 0.00021 0.00000 0.00000 0.00000 0.00000 0.00000 0.00000 0.00000 0.00000 0.00000 ( 1)  0.050 +-  0.001
 380 A   1.00000 0.00000 0.00000 0.00000 0.00000 0.00000 0.00000 0.00000 0.00000 0.00000 0.00000 ( 1)  0.050 +-  0.000

Positively selected sites

	Prob(w>1)  mean w

