Supplemental results for CODEML (seqf: align.fa  treef: tree.nwk)


MLEs of dN/dS (w) for site classes (K=10)

p:   0.10000  0.10000  0.10000  0.10000  0.10000  0.10000  0.10000  0.10000  0.10000  0.10000
w:   0.00000  0.00014  0.00101  0.00374  0.01003  0.02235  0.04458  0.08370  0.15586  0.32532

Naive Empirical Bayes (NEB) probabilities for 10 classes & postmean_w
(amino acids refer to 1st sequence: ColCroc|Blue5)

   1 N   0.00000 0.00000 0.00001 0.00935 0.37550 0.59942 0.01572 0.00000 0.00000 0.00000 ( 6)  0.018
   2 V   0.00000 0.00000 0.00000 0.00000 0.00000 0.00006 0.06213 0.91523 0.02258 0.00000 ( 8)  0.083
   3 N   0.00000 0.00000 0.00000 0.00000 0.00000 0.00000 0.00000 0.00000 0.00000 1.00000 (10)  0.325
   4 N   0.00000 0.00000 0.00025 0.02601 0.33818 0.56437 0.07099 0.00019 0.00000 0.00000 ( 6)  0.019
   5 F   0.00000 0.00000 0.00000 0.00000 0.00000 0.00000 0.00000 0.00031 0.99883 0.00086 ( 9)  0.156
   6 S   0.00000 0.00000 0.00000 0.00000 0.00000 0.00000 0.00773 0.76926 0.22301 0.00000 ( 8)  0.099
   7 A   0.00000 0.00000 0.00000 0.00000 0.00000 0.00000 0.00000 0.00000 0.04797 0.95203 (10)  0.317
   8 E   0.00000 0.00000 0.00000 0.00000 0.00000 0.00000 0.00000 0.00000 0.00000 1.00000 (10)  0.325
   9 A   0.00000 0.00000 0.00000 0.00000 0.00000 0.00105 0.42360 0.57520 0.00015 0.00000 ( 8)  0.067
  10 R   0.00000 0.00000 0.00000 0.00000 0.00000 0.00076 0.18529 0.80714 0.00681 0.00000 ( 8)  0.077
  11 P   0.00000 0.00000 0.00000 0.00000 0.00000 0.00002 0.02434 0.79482 0.18081 0.00000 ( 8)  0.096
  12 V   0.00000 0.00000 0.00000 0.00000 0.00000 0.00000 0.00030 0.87506 0.12465 0.00000 ( 8)  0.093
  13 A   0.00000 0.00000 0.00000 0.00045 0.04790 0.51889 0.42309 0.00968 0.00000 0.00000 ( 6)  0.032
  14 Y   0.00000 0.00000 0.00000 0.00000 0.00000 0.00000 0.00000 0.00002 0.46369 0.53628 (10)  0.247
  15 P   0.00000 0.00000 0.00000 0.00000 0.00000 0.00006 0.02859 0.71147 0.25988 0.00000 ( 8)  0.101
  16 F   0.00000 0.00000 0.00000 0.00000 0.00000 0.00000 0.00014 0.11765 0.88204 0.00018 ( 9)  0.147
  17 K   0.00000 0.00000 0.00000 0.00000 0.00000 0.00000 0.00244 0.47296 0.52460 0.00000 ( 9)  0.121
  18 M   0.00000 0.00000 0.00000 0.00000 0.00057 0.24087 0.75528 0.00327 0.00000 0.00000 ( 7)  0.039
  19 V   0.00000 0.00000 0.00016 0.01748 0.26374 0.59048 0.12722 0.00091 0.00000 0.00000 ( 6)  0.022
  20 S   0.00000 0.00000 0.00000 0.00000 0.00000 0.00000 0.00010 0.12053 0.87931 0.00007 ( 9)  0.147
  21 D   0.00000 0.00000 0.00000 0.00000 0.00000 0.00000 0.00000 0.00000 0.00037 0.99963 (10)  0.325
  22 E   0.00000 0.00000 0.00000 0.00000 0.00011 0.04938 0.77778 0.17269 0.00004 0.00000 ( 7)  0.050
  23 V   0.00000 0.00000 0.00000 0.00000 0.00001 0.01396 0.66067 0.32524 0.00012 0.00000 ( 7)  0.057
  24 Q   0.00000 0.00000 0.00000 0.00000 0.00000 0.00000 0.00052 0.33251 0.66697 0.00000 ( 9)  0.132
  25 Q   0.00000 0.00000 0.00000 0.00000 0.00000 0.00000 0.00019 0.39599 0.60382 0.00000 ( 9)  0.127
  26 N   0.00000 0.00000 0.00002 0.00778 0.23471 0.65820 0.09909 0.00020 0.00000 0.00000 ( 6)  0.022
  27 M   0.00103 0.06906 0.35729 0.46089 0.10957 0.00215 0.00000 0.00000 0.00000 0.00000 ( 4)  0.003
  28 L   0.00000 0.00050 0.02255 0.19308 0.47145 0.28576 0.02652 0.00014 0.00000 0.00000 ( 5)  0.013
  29 G   0.30036 0.29141 0.24060 0.13207 0.03329 0.00226 0.00002 0.00000 0.00000 0.00000 ( 1)  0.001
  30 W   0.00000 0.00000 0.00000 0.00012 0.01698 0.30646 0.61311 0.06330 0.00004 0.00000 ( 7)  0.040
  31 N   0.00000 0.00189 0.07545 0.43820 0.43809 0.04618 0.00018 0.00000 0.00000 0.00000 ( 4)  0.007
  32 V   0.00000 0.00000 0.00000 0.00032 0.06034 0.66616 0.27206 0.00112 0.00000 0.00000 ( 6)  0.028
  33 P   0.27359 0.26791 0.23463 0.15484 0.05954 0.00917 0.00032 0.00000 0.00000 0.00000 ( 1)  0.002
  34 S   0.00000 0.00000 0.00000 0.00000 0.00000 0.00001 0.02088 0.87417 0.10493 0.00000 ( 8)  0.090
  35 E   0.00000 0.00077 0.03370 0.26064 0.50380 0.19322 0.00786 0.00001 0.00000 0.00000 ( 5)  0.011
  36 Y   0.00000 0.00000 0.00001 0.00281 0.11618 0.60242 0.27463 0.00395 0.00000 0.00000 ( 6)  0.027
  37 Q   0.00000 0.00000 0.00000 0.00001 0.00397 0.16384 0.68598 0.14599 0.00021 0.00000 ( 7)  0.047
  38 D   0.00000 0.00000 0.00000 0.00000 0.00000 0.01455 0.81564 0.16980 0.00000 0.00000 ( 7)  0.051
  39 L   0.00000 0.00000 0.00000 0.00000 0.00000 0.00000 0.00064 0.41624 0.58312 0.00000 ( 9)  0.126
  40 V   0.00000 0.00136 0.05628 0.36826 0.48500 0.08815 0.00095 0.00000 0.00000 0.00000 ( 5)  0.008
  41 H   0.00000 0.00000 0.00000 0.00019 0.04128 0.58950 0.36626 0.00278 0.00000 0.00000 ( 6)  0.030
  42 D   0.00000 0.00000 0.00000 0.00000 0.00000 0.00000 0.00000 0.00037 0.99937 0.00026 ( 9)  0.156
  43 H   0.31023 0.29976 0.24120 0.12210 0.02551 0.00119 0.00000 0.00000 0.00000 0.00000 ( 1)  0.001
  44 W   0.27372 0.26803 0.23468 0.15477 0.05939 0.00910 0.00031 0.00000 0.00000 0.00000 ( 1)  0.002
  45 R   0.00000 0.00001 0.00174 0.05520 0.36239 0.49030 0.08954 0.00083 0.00000 0.00000 ( 6)  0.019
  46 N   0.00000 0.00000 0.00000 0.00000 0.00000 0.00000 0.00000 0.00575 0.99425 0.00000 ( 9)  0.155
  47 F   0.00000 0.00000 0.00008 0.02302 0.44309 0.51748 0.01633 0.00000 0.00000 0.00000 ( 6)  0.017
  48 A   0.00000 0.00000 0.00007 0.00838 0.15943 0.55899 0.26587 0.00726 0.00000 0.00000 ( 6)  0.027
  49 A   0.00000 0.00000 0.00000 0.00000 0.00348 0.19918 0.72496 0.07236 0.00002 0.00000 ( 7)  0.043
  50 I   0.00000 0.00000 0.00000 0.00353 0.20872 0.71309 0.07460 0.00005 0.00000 0.00000 ( 6)  0.021
  51 D   0.00000 0.00000 0.00000 0.00000 0.00000 0.00000 0.00429 0.97305 0.02266 0.00000 ( 8)  0.085
  52 K   0.30475 0.29515 0.24099 0.12772 0.02967 0.00171 0.00001 0.00000 0.00000 0.00000 ( 1)  0.001
  53 F   0.00000 0.00000 0.00000 0.00104 0.09014 0.65184 0.25539 0.00159 0.00000 0.00000 ( 6)  0.027
  54 W   0.00000 0.00000 0.00000 0.00001 0.00401 0.16527 0.68749 0.14302 0.00019 0.00000 ( 7)  0.046
  55 H   0.30900 0.29873 0.24118 0.12337 0.02641 0.00129 0.00001 0.00000 0.00000 0.00000 ( 1)  0.001
  56 Y   0.00000 0.00000 0.00000 0.00000 0.00059 0.11428 0.80725 0.07787 0.00001 0.00000 ( 7)  0.045
  57 C   0.00000 0.00000 0.00000 0.00000 0.00000 0.00000 0.00000 0.00048 0.99903 0.00049 ( 9)  0.156
  58 L   0.00000 0.00001 0.00209 0.06445 0.39519 0.46931 0.06851 0.00044 0.00000 0.00000 ( 6)  0.018
  59 A   0.30211 0.29289 0.24072 0.13030 0.03190 0.00207 0.00002 0.00000 0.00000 0.00000 ( 1)  0.001
  60 L   0.00000 0.00000 0.00000 0.00002 0.01385 0.43506 0.54251 0.00856 0.00000 0.00000 ( 7)  0.035
  61 I   0.00000 0.00000 0.00001 0.00597 0.28913 0.66973 0.03516 0.00001 0.00000 0.00000 ( 6)  0.019
  62 Y   0.30184 0.29268 0.24077 0.13063 0.03202 0.00205 0.00001 0.00000 0.00000 0.00000 ( 1)  0.001
  63 M   0.00000 0.00000 0.00000 0.00000 0.00011 0.06625 0.85548 0.07816 0.00000 0.00000 ( 7)  0.046
  64 I   0.00000 0.00000 0.00000 0.00000 0.00000 0.00000 0.01775 0.98068 0.00157 0.00000 ( 8)  0.083
  65 L   0.28982 0.28229 0.23896 0.14186 0.04285 0.00416 0.00006 0.00000 0.00000 0.00000 ( 1)  0.001
  66 W   0.00000 0.00000 0.00000 0.00010 0.06651 0.83816 0.09522 0.00001 0.00000 0.00000 ( 6)  0.024
  67 I   0.00000 0.00000 0.00000 0.00000 0.00000 0.00000 0.00000 0.00000 0.24262 0.75738 (10)  0.284
  68 S   0.00000 0.00000 0.00000 0.00000 0.00000 0.00001 0.03511 0.94122 0.02366 0.00000 ( 8)  0.084
  69 S   0.27927 0.27299 0.23640 0.15063 0.05346 0.00707 0.00019 0.00000 0.00000 0.00000 ( 1)  0.002
  70 V   0.00000 0.00000 0.00000 0.00000 0.00000 0.00000 0.00000 0.00002 0.91130 0.08868 ( 9)  0.171
  71 C   0.00000 0.00000 0.00000 0.00000 0.00000 0.00000 0.00000 0.00059 0.95817 0.04124 ( 9)  0.163
  72 G   0.30242 0.29317 0.24081 0.13005 0.03155 0.00198 0.00001 0.00000 0.00000 0.00000 ( 1)  0.001
  73 N   0.31190 0.30115 0.24117 0.12033 0.02437 0.00108 0.00000 0.00000 0.00000 0.00000 ( 1)  0.001
  74 G   0.00000 0.00050 0.02246 0.19265 0.47191 0.28625 0.02611 0.00013 0.00000 0.00000 ( 5)  0.013
  75 I   0.00000 0.00000 0.00124 0.09456 0.62283 0.27798 0.00340 0.00000 0.00000 0.00000 ( 5)  0.013
  76 V   0.31843 0.30654 0.24091 0.11334 0.02008 0.00069 0.00000 0.00000 0.00000 0.00000 ( 1)  0.001
  77 V   0.00000 0.00000 0.00000 0.00026 0.05198 0.63568 0.31035 0.00173 0.00000 0.00000 ( 6)  0.029
  78 W   0.00000 0.00039 0.01770 0.15989 0.44067 0.33544 0.04549 0.00043 0.00000 0.00000 ( 5)  0.015
  79 I   0.30910 0.29881 0.24115 0.12326 0.02638 0.00130 0.00001 0.00000 0.00000 0.00000 ( 1)  0.001
  80 F   0.29555 0.28728 0.24000 0.13667 0.03747 0.00299 0.00003 0.00000 0.00000 0.00000 ( 1)  0.001
  81 S   0.00000 0.00000 0.00000 0.00000 0.00000 0.00001 0.04888 0.94766 0.00344 0.00000 ( 8)  0.082
  82 T   0.28526 0.27830 0.23800 0.14581 0.04729 0.00523 0.00010 0.00000 0.00000 0.00000 ( 1)  0.001
  83 S   0.00030 0.02056 0.13158 0.33039 0.36301 0.14166 0.01240 0.00010 0.00000 0.00000 ( 5)  0.009
  84 K   0.00000 0.00052 0.02361 0.20026 0.47789 0.27494 0.02268 0.00009 0.00000 0.00000 ( 5)  0.013
  85 S   0.00000 0.00000 0.00000 0.00000 0.00000 0.00002 0.03245 0.91028 0.05725 0.00000 ( 8)  0.087
  86 L   0.29544 0.28717 0.23995 0.13675 0.03762 0.00304 0.00003 0.00000 0.00000 0.00000 ( 1)  0.001
  87 R   0.00025 0.01722 0.11209 0.29665 0.36774 0.18150 0.02414 0.00040 0.00000 0.00000 ( 5)  0.010
  88 S   0.00000 0.00000 0.00000 0.00049 0.05111 0.53379 0.40643 0.00817 0.00000 0.00000 ( 6)  0.031
  89 A   0.00000 0.00000 0.00000 0.00000 0.00008 0.02909 0.59461 0.37528 0.00094 0.00000 ( 7)  0.059
  90 S   0.00000 0.00152 0.06217 0.39186 0.47239 0.07152 0.00054 0.00000 0.00000 0.00000 ( 5)  0.008
  91 N   0.32894 0.31504 0.23967 0.10181 0.01423 0.00030 0.00000 0.00000 0.00000 0.00000 ( 1)  0.001
  92 M   0.00000 0.00000 0.00000 0.00063 0.14868 0.80793 0.04276 0.00000 0.00000 0.00000 ( 6)  0.021
  93 F   0.33186 0.31735 0.23913 0.09857 0.01286 0.00024 0.00000 0.00000 0.00000 0.00000 ( 1)  0.001
  94 I   0.00000 0.00002 0.00628 0.15538 0.57568 0.25615 0.00649 0.00000 0.00000 0.00000 ( 5)  0.012
  95 V   0.00000 0.00165 0.06686 0.40861 0.46052 0.06197 0.00039 0.00000 0.00000 0.00000 ( 5)  0.008
  96 N   0.33036 0.31617 0.23942 0.10023 0.01355 0.00027 0.00000 0.00000 0.00000 0.00000 ( 1)  0.001
  97 L   0.27681 0.27079 0.23564 0.15247 0.05608 0.00796 0.00024 0.00000 0.00000 0.00000 ( 1)  0.002
  98 A   0.29013 0.28257 0.23906 0.14161 0.04252 0.00406 0.00006 0.00000 0.00000 0.00000 ( 1)  0.001
  99 L   0.00000 0.00000 0.00000 0.00000 0.00000 0.00000 0.00000 0.00056 0.99868 0.00076 ( 9)  0.156
 100 F   0.33299 0.31824 0.23889 0.09731 0.01235 0.00022 0.00000 0.00000 0.00000 0.00000 ( 1)  0.001
 101 D   0.32680 0.31333 0.24002 0.10419 0.01531 0.00036 0.00000 0.00000 0.00000 0.00000 ( 1)  0.001
 102 M   0.00000 0.00000 0.00000 0.00000 0.00000 0.00265 0.25424 0.73360 0.00951 0.00000 ( 8)  0.074
 103 V   0.00000 0.00000 0.00000 0.00000 0.00635 0.54824 0.44482 0.00059 0.00000 0.00000 ( 6)  0.032
 104 M   0.34793 0.32972 0.23457 0.08076 0.00696 0.00006 0.00000 0.00000 0.00000 0.00000 ( 1)  0.001
 105 M   0.34793 0.32972 0.23457 0.08076 0.00696 0.00006 0.00000 0.00000 0.00000 0.00000 ( 1)  0.001
 106 I   0.00000 0.00000 0.00000 0.00000 0.00000 0.00000 0.00000 0.00001 0.22833 0.77167 (10)  0.287
 107 E   0.30480 0.29519 0.24099 0.12767 0.02963 0.00170 0.00001 0.00000 0.00000 0.00000 ( 1)  0.001
 108 M   0.34793 0.32972 0.23457 0.08076 0.00696 0.00006 0.00000 0.00000 0.00000 0.00000 ( 1)  0.001
 109 P   0.28211 0.27552 0.23721 0.14841 0.05049 0.00613 0.00014 0.00000 0.00000 0.00000 ( 1)  0.001
 110 H   0.00000 0.00000 0.00000 0.00000 0.00000 0.00452 0.33895 0.65220 0.00433 0.00000 ( 8)  0.070
 111 L   0.00000 0.00002 0.00525 0.13558 0.55301 0.29584 0.01030 0.00001 0.00000 0.00000 ( 5)  0.013
 112 I   0.00000 0.00000 0.00000 0.00156 0.18147 0.76189 0.05507 0.00001 0.00000 0.00000 ( 6)  0.021
 113 I   0.00000 0.00000 0.00000 0.00000 0.00000 0.00000 0.00000 0.00000 0.00062 0.99938 (10)  0.325
 114 N   0.33122 0.31685 0.23925 0.09927 0.01315 0.00025 0.00000 0.00000 0.00000 0.00000 ( 1)  0.001
 115 S   0.29135 0.28363 0.23929 0.14053 0.04136 0.00379 0.00005 0.00000 0.00000 0.00000 ( 1)  0.001
 116 F   0.00000 0.00207 0.08162 0.45734 0.42107 0.03778 0.00011 0.00000 0.00000 0.00000 ( 4)  0.007
 117 Y   0.00000 0.00000 0.00000 0.00000 0.00000 0.00000 0.00000 0.01069 0.98930 0.00001 ( 9)  0.155
 118 Q   0.00000 0.00000 0.00000 0.00130 0.06513 0.48822 0.42678 0.01856 0.00000 0.00000 ( 6)  0.032
 119 K   0.00000 0.00000 0.00000 0.00000 0.00000 0.00263 0.20890 0.76361 0.02486 0.00000 ( 8)  0.077
 120 M   0.00000 0.00000 0.00000 0.00000 0.00000 0.00000 0.00000 0.00019 0.99219 0.00762 ( 9)  0.157
 121 I   0.00000 0.00000 0.00000 0.00000 0.00000 0.00000 0.00000 0.00073 0.99845 0.00082 ( 9)  0.156
 122 G   0.30303 0.29369 0.24087 0.12945 0.03105 0.00190 0.00001 0.00000 0.00000 0.00000 ( 1)  0.001
 123 Y   0.00000 0.00000 0.00028 0.02837 0.35609 0.55396 0.06117 0.00013 0.00000 0.00000 ( 6)  0.019
 124 Q   0.00000 0.00000 0.00162 0.05198 0.35034 0.49726 0.09780 0.00099 0.00000 0.00000 ( 6)  0.019
 125 V   0.00000 0.00000 0.00000 0.00000 0.00014 0.05905 0.79886 0.14192 0.00002 0.00000 ( 7)  0.049
 126 G   0.00000 0.00000 0.00028 0.02857 0.35742 0.55301 0.06059 0.00013 0.00000 0.00000 ( 6)  0.019
 127 C   0.28488 0.27796 0.23790 0.14613 0.04767 0.00534 0.00011 0.00000 0.00000 0.00000 ( 1)  0.001
 128 D   0.00000 0.00003 0.00802 0.18649 0.59996 0.20239 0.00311 0.00000 0.00000 0.00000 ( 5)  0.011
 129 I   0.00000 0.00000 0.00000 0.00000 0.00000 0.00000 0.00000 0.03527 0.96473 0.00000 ( 9)  0.153
 130 Y   0.29740 0.28888 0.24027 0.13493 0.03582 0.00268 0.00003 0.00000 0.00000 0.00000 ( 1)  0.001
 131 A   0.00000 0.00000 0.00000 0.00000 0.00028 0.06856 0.75540 0.17567 0.00009 0.00000 ( 7)  0.050
 132 T   0.00000 0.00000 0.00000 0.00000 0.00000 0.00000 0.00000 0.00008 0.97774 0.02218 ( 9)  0.160
 133 L   0.00000 0.00000 0.00000 0.00020 0.02567 0.38227 0.55609 0.03576 0.00001 0.00000 ( 7)  0.037
 134 G   0.29595 0.28762 0.24006 0.13631 0.03711 0.00292 0.00003 0.00000 0.00000 0.00000 ( 1)  0.001
 135 S   0.00000 0.00000 0.00000 0.00000 0.00348 0.19999 0.72641 0.07010 0.00002 0.00000 ( 7)  0.043
 136 I   0.00000 0.00000 0.00000 0.00000 0.00257 0.16589 0.73354 0.09795 0.00004 0.00000 ( 7)  0.045
 137 S   0.00000 0.00000 0.00006 0.00754 0.14737 0.54644 0.28895 0.00964 0.00000 0.00000 ( 6)  0.027
 138 G   0.29949 0.29067 0.24053 0.13293 0.03400 0.00236 0.00002 0.00000 0.00000 0.00000 ( 1)  0.001
 139 I   0.00000 0.00168 0.06788 0.41161 0.45749 0.06093 0.00040 0.00000 0.00000 0.00000 ( 5)  0.008
 140 G   0.26778 0.26267 0.23251 0.15870 0.06595 0.01184 0.00054 0.00000 0.00000 0.00000 ( 1)  0.002
 141 A   0.00000 0.00000 0.00142 0.04632 0.32624 0.50623 0.11812 0.00167 0.00000 0.00000 ( 6)  0.020
 142 A   0.00042 0.02915 0.17905 0.39522 0.32307 0.07085 0.00222 0.00000 0.00000 0.00000 ( 4)  0.007
 143 I   0.00000 0.00000 0.00095 0.07668 0.57749 0.33799 0.00690 0.00000 0.00000 0.00000 ( 5)  0.014
 144 S   0.00000 0.00000 0.00000 0.00000 0.00005 0.02673 0.65135 0.32155 0.00033 0.00000 ( 7)  0.057
 145 N   0.30353 0.29411 0.24089 0.12894 0.03067 0.00185 0.00001 0.00000 0.00000 0.00000 ( 1)  0.001
 146 A   0.00000 0.00000 0.00009 0.01013 0.18233 0.57529 0.22759 0.00458 0.00000 0.00000 ( 6)  0.025
 147 V   0.00000 0.00000 0.00000 0.00119 0.09906 0.66357 0.23483 0.00135 0.00000 0.00000 ( 6)  0.026
 148 I   0.31126 0.30061 0.24115 0.12099 0.02485 0.00114 0.00000 0.00000 0.00000 0.00000 ( 1)  0.001
 149 A   0.00042 0.02866 0.17643 0.39229 0.32600 0.07376 0.00243 0.00000 0.00000 0.00000 ( 4)  0.007
 150 Y   0.00000 0.00000 0.00001 0.00320 0.12740 0.61704 0.24942 0.00294 0.00000 0.00000 ( 6)  0.026
 151 D   0.29851 0.28982 0.24040 0.13387 0.03486 0.00252 0.00002 0.00000 0.00000 0.00000 ( 1)  0.001
 152 R   0.26611 0.26116 0.23188 0.15976 0.06780 0.01266 0.00062 0.00000 0.00000 0.00000 ( 1)  0.002
 153 Y   0.00046 0.03130 0.19035 0.40738 0.31004 0.05904 0.00143 0.00000 0.00000 0.00000 ( 4)  0.006
 154 K   0.00048 0.03319 0.20012 0.41691 0.29814 0.05018 0.00097 0.00000 0.00000 0.00000 ( 4)  0.006
 155 T   0.29937 0.29057 0.24050 0.13303 0.03412 0.00239 0.00002 0.00000 0.00000 0.00000 ( 1)  0.001
 156 I   0.31639 0.30487 0.24105 0.11555 0.02134 0.00079 0.00000 0.00000 0.00000 0.00000 ( 1)  0.001
 157 S   0.27279 0.26720 0.23434 0.15537 0.06041 0.00953 0.00035 0.00000 0.00000 0.00000 ( 1)  0.002
 158 C   0.00000 0.00000 0.00000 0.00000 0.00004 0.02393 0.62149 0.35404 0.00050 0.00000 ( 7)  0.058
 159 P   0.26915 0.26391 0.23304 0.15783 0.06442 0.01116 0.00048 0.00000 0.00000 0.00000 ( 1)  0.002
 160 I   0.00035 0.02391 0.15053 0.35893 0.35059 0.10918 0.00647 0.00003 0.00000 0.00000 ( 4)  0.008
 161 D   0.31646 0.30492 0.24101 0.11546 0.02135 0.00080 0.00000 0.00000 0.00000 0.00000 ( 1)  0.001
 162 G   0.27565 0.26976 0.23530 0.15336 0.05731 0.00836 0.00026 0.00000 0.00000 0.00000 ( 1)  0.002
 163 R   0.27444 0.26868 0.23489 0.15420 0.05862 0.00886 0.00030 0.00000 0.00000 0.00000 ( 1)  0.002
 164 I   0.00000 0.00000 0.00048 0.04426 0.45261 0.47586 0.02677 0.00002 0.00000 0.00000 ( 6)  0.017
 165 N   0.00000 0.00000 0.00000 0.00012 0.04831 0.71891 0.23232 0.00034 0.00000 0.00000 ( 6)  0.027
 166 K   0.00000 0.00000 0.00000 0.00000 0.00000 0.00000 0.00110 0.41252 0.58639 0.00000 ( 9)  0.126
 167 V   0.00000 0.00000 0.00000 0.00017 0.03721 0.56193 0.39661 0.00408 0.00000 0.00000 ( 6)  0.031
 168 Q   0.26349 0.25877 0.23081 0.16131 0.07076 0.01410 0.00077 0.00000 0.00000 0.00000 ( 1)  0.002
 169 A   0.29896 0.29021 0.24045 0.13343 0.03447 0.00245 0.00002 0.00000 0.00000 0.00000 ( 1)  0.001
 170 S   0.00000 0.00000 0.00000 0.00000 0.00000 0.00000 0.00000 0.00000 0.00000 1.00000 (10)  0.325
 171 I   0.00000 0.00000 0.00000 0.00000 0.00000 0.00029 0.09915 0.86696 0.03360 0.00000 ( 8)  0.082
 172 L   0.00000 0.00059 0.02630 0.21719 0.48805 0.25071 0.01712 0.00005 0.00000 0.00000 ( 5)  0.012
 173 I   0.00000 0.00003 0.00893 0.20157 0.60612 0.18103 0.00233 0.00000 0.00000 0.00000 ( 5)  0.011
 174 A   0.00000 0.00000 0.00000 0.00000 0.00000 0.00000 0.00000 0.00000 0.01273 0.98727 (10)  0.323
 175 F   0.00000 0.00205 0.08087 0.45506 0.42317 0.03873 0.00012 0.00000 0.00000 0.00000 ( 4)  0.007
 176 T   0.00000 0.00001 0.00350 0.09836 0.48784 0.38338 0.02686 0.00005 0.00000 0.00000 ( 5)  0.015
 177 W   0.27372 0.26803 0.23468 0.15477 0.05939 0.00910 0.00031 0.00000 0.00000 0.00000 ( 1)  0.002
 178 F   0.00000 0.00000 0.00000 0.00000 0.00000 0.00000 0.00424 0.96716 0.02860 0.00000 ( 8)  0.086
 179 W   0.27372 0.26803 0.23468 0.15477 0.05939 0.00910 0.00031 0.00000 0.00000 0.00000 ( 1)  0.002
 180 T   0.00000 0.00000 0.00000 0.00000 0.00000 0.00000 0.00029 0.32021 0.67950 0.00000 ( 9)  0.133
 181 L   0.00000 0.00000 0.00000 0.00000 0.00000 0.00000 0.00000 0.00000 0.02504 0.97496 (10)  0.321
 182 P   0.28173 0.27518 0.23709 0.14870 0.05089 0.00626 0.00015 0.00000 0.00000 0.00000 ( 1)  0.001
 183 F   0.33305 0.31829 0.23888 0.09724 0.01233 0.00022 0.00000 0.00000 0.00000 0.00000 ( 1)  0.001
 184 T   0.00055 0.03723 0.22028 0.43296 0.27219 0.03631 0.00049 0.00000 0.00000 0.00000 ( 4)  0.005
 185 I   0.00000 0.00000 0.00000 0.00000 0.00000 0.00000 0.00000 0.00008 0.99910 0.00082 ( 9)  0.156
 186 L   0.00000 0.00000 0.00000 0.00000 0.00025 0.04499 0.61436 0.33926 0.00113 0.00000 ( 7)  0.057
 187 P   0.26621 0.26125 0.23191 0.15969 0.06770 0.01263 0.00062 0.00000 0.00000 0.00000 ( 1)  0.002
 188 L   0.00000 0.00000 0.00000 0.00000 0.00000 0.00000 0.00000 0.03565 0.96431 0.00004 ( 9)  0.153
 189 L   0.00000 0.00000 0.00000 0.00000 0.00000 0.00000 0.00000 0.12720 0.87280 0.00000 ( 9)  0.147
 190 K   0.00000 0.00000 0.00000 0.00000 0.00000 0.00000 0.00000 0.00229 0.99750 0.00020 ( 9)  0.156
 191 V   0.00000 0.00000 0.00000 0.00000 0.00000 0.00000 0.00216 0.82745 0.17040 0.00000 ( 8)  0.096
 192 W   0.27372 0.26803 0.23468 0.15477 0.05939 0.00910 0.00031 0.00000 0.00000 0.00000 ( 1)  0.002
 193 G   0.26531 0.26043 0.23154 0.16022 0.06871 0.01311 0.00067 0.00000 0.00000 0.00000 ( 1)  0.002
 194 K   0.00000 0.00000 0.00000 0.00000 0.00000 0.00000 0.00004 0.03364 0.94571 0.02061 ( 9)  0.157
 195 F   0.00000 0.00000 0.00000 0.00000 0.00000 0.00000 0.00001 0.08014 0.91985 0.00000 ( 9)  0.150
 196 V   0.00043 0.02944 0.18055 0.39687 0.32136 0.06924 0.00210 0.00000 0.00000 0.00000 ( 4)  0.007
 197 P   0.00026 0.01812 0.11741 0.30639 0.36761 0.16995 0.02000 0.00026 0.00000 0.00000 ( 5)  0.010
 198 E   0.30931 0.29899 0.24118 0.12305 0.02619 0.00127 0.00001 0.00000 0.00000 0.00000 ( 1)  0.001
 199 G   0.28163 0.27508 0.23704 0.14876 0.05102 0.00632 0.00015 0.00000 0.00000 0.00000 ( 1)  0.001
 200 F   0.00084 0.05678 0.30902 0.46709 0.15987 0.00639 0.00001 0.00000 0.00000 0.00000 ( 4)  0.004
 201 L   0.26959 0.26431 0.23318 0.15750 0.06395 0.01100 0.00047 0.00000 0.00000 0.00000 ( 1)  0.002
 202 T   0.29755 0.28900 0.24026 0.13477 0.03572 0.00268 0.00003 0.00000 0.00000 0.00000 ( 1)  0.001
 203 T   0.30504 0.29539 0.24099 0.12741 0.02947 0.00169 0.00001 0.00000 0.00000 0.00000 ( 1)  0.001
 204 C   0.28357 0.27680 0.23755 0.14718 0.04902 0.00574 0.00012 0.00000 0.00000 0.00000 ( 1)  0.001
 205 S   0.00041 0.02837 0.17488 0.39060 0.32779 0.07541 0.00254 0.00000 0.00000 0.00000 ( 4)  0.007
 206 F   0.33212 0.31756 0.23907 0.09828 0.01274 0.00024 0.00000 0.00000 0.00000 0.00000 ( 1)  0.001
 207 D   0.32874 0.31488 0.23971 0.10203 0.01433 0.00031 0.00000 0.00000 0.00000 0.00000 ( 1)  0.001
 208 Y   0.00000 0.00000 0.00000 0.00016 0.03648 0.56024 0.39921 0.00391 0.00000 0.00000 ( 6)  0.031
 209 F   0.00000 0.00000 0.00000 0.00000 0.00000 0.00112 0.53225 0.46661 0.00002 0.00000 ( 7)  0.063
 210 T   0.00000 0.00000 0.00002 0.00573 0.19156 0.65833 0.14379 0.00058 0.00000 0.00000 ( 6)  0.023
 211 D   0.00000 0.00000 0.00000 0.00000 0.00000 0.00040 0.21423 0.78386 0.00150 0.00000 ( 8)  0.075
 212 D   0.00079 0.05324 0.29408 0.46572 0.17741 0.00874 0.00002 0.00000 0.00000 0.00000 ( 4)  0.004
 213 E   0.00000 0.00000 0.00000 0.00000 0.00001 0.00613 0.33843 0.64917 0.00626 0.00000 ( 8)  0.071
 214 D   0.00078 0.05258 0.29123 0.46527 0.18085 0.00927 0.00002 0.00000 0.00000 0.00000 ( 4)  0.004
 215 T   0.30540 0.29569 0.24102 0.12706 0.02917 0.00165 0.00001 0.00000 0.00000 0.00000 ( 1)  0.001
 216 K   0.00000 0.00000 0.00000 0.00000 0.00320 0.24743 0.72282 0.02655 0.00000 0.00000 ( 7)  0.040
 217 V   0.00000 0.00000 0.00000 0.00139 0.11130 0.68334 0.20314 0.00083 0.00000 0.00000 ( 6)  0.026
 218 F   0.33196 0.31743 0.23910 0.09845 0.01281 0.00024 0.00000 0.00000 0.00000 0.00000 ( 1)  0.001
 219 V   0.00065 0.04386 0.25215 0.45273 0.23041 0.02008 0.00012 0.00000 0.00000 0.00000 ( 4)  0.005
 220 A   0.00000 0.00000 0.00000 0.00000 0.00000 0.00000 0.01645 0.96417 0.01937 0.00000 ( 8)  0.084
 221 C   0.00000 0.00000 0.00000 0.00000 0.00000 0.00708 0.50720 0.48524 0.00047 0.00000 ( 7)  0.063
 222 I   0.00000 0.00232 0.09023 0.48146 0.39696 0.02895 0.00006 0.00000 0.00000 0.00000 ( 4)  0.007
 223 F   0.00083 0.05596 0.30560 0.46692 0.16381 0.00687 0.00001 0.00000 0.00000 0.00000 ( 4)  0.004
 224 V   0.00000 0.00000 0.00000 0.00000 0.00000 0.00000 0.00004 0.22632 0.77364 0.00000 ( 9)  0.140
 225 W   0.27372 0.26803 0.23468 0.15477 0.05939 0.00910 0.00031 0.00000 0.00000 0.00000 ( 1)  0.002
 226 S   0.00000 0.00141 0.05840 0.37716 0.48096 0.08133 0.00075 0.00000 0.00000 0.00000 ( 5)  0.008
 227 Y   0.30462 0.29504 0.24098 0.12785 0.02977 0.00172 0.00001 0.00000 0.00000 0.00000 ( 1)  0.001
 228 C   0.00000 0.00000 0.00000 0.00000 0.00000 0.00000 0.00000 0.00083 0.99855 0.00062 ( 9)  0.156
 229 F   0.00000 0.00004 0.01179 0.24563 0.61437 0.12734 0.00083 0.00000 0.00000 0.00000 ( 5)  0.010
 230 P   0.29641 0.28802 0.24014 0.13588 0.03669 0.00283 0.00003 0.00000 0.00000 0.00000 ( 1)  0.001
 231 M   0.34793 0.32972 0.23457 0.08076 0.00696 0.00006 0.00000 0.00000 0.00000 0.00000 ( 1)  0.001
 232 A   0.00000 0.00000 0.00000 0.00000 0.00000 0.00000 0.00000 0.00000 0.00000 1.00000 (10)  0.325
 233 L   0.00000 0.00000 0.00000 0.00000 0.00620 0.35834 0.62573 0.00972 0.00000 0.00000 ( 7)  0.037
 234 I   0.00000 0.00004 0.01182 0.24619 0.61445 0.12668 0.00082 0.00000 0.00000 0.00000 ( 5)  0.010
 235 C   0.00000 0.00001 0.00373 0.10352 0.49973 0.37016 0.02282 0.00003 0.00000 0.00000 ( 5)  0.015
 236 I   0.00000 0.00000 0.00000 0.00000 0.00005 0.04037 0.80651 0.15306 0.00001 0.00000 ( 7)  0.050
 237 F   0.33364 0.31875 0.23875 0.09659 0.01207 0.00021 0.00000 0.00000 0.00000 0.00000 ( 1)  0.001
 238 Y   0.29893 0.29019 0.24046 0.13347 0.03448 0.00244 0.00002 0.00000 0.00000 0.00000 ( 1)  0.001
 239 S   0.00000 0.00000 0.00007 0.00862 0.16271 0.56186 0.25997 0.00676 0.00000 0.00000 ( 6)  0.026
 240 K   0.00000 0.00000 0.00000 0.00015 0.01989 0.33491 0.59444 0.05059 0.00002 0.00000 ( 7)  0.038
 241 L   0.28737 0.28016 0.23847 0.14401 0.04520 0.00471 0.00008 0.00000 0.00000 0.00000 ( 1)  0.001
 242 F   0.30732 0.29731 0.24111 0.12510 0.02770 0.00146 0.00001 0.00000 0.00000 0.00000 ( 1)  0.001
 243 T   0.00000 0.00000 0.00000 0.00000 0.00000 0.00000 0.00000 0.00165 0.98687 0.01148 ( 9)  0.158
 244 A   0.28624 0.27916 0.23822 0.14499 0.04632 0.00498 0.00009 0.00000 0.00000 0.00000 ( 1)  0.001
 245 V   0.00058 0.03976 0.23264 0.44156 0.25605 0.02913 0.00030 0.00000 0.00000 0.00000 ( 4)  0.005
 246 R   0.00021 0.01489 0.09806 0.26940 0.36413 0.21330 0.03886 0.00114 0.00000 0.00000 ( 5)  0.011
 247 L   0.00000 0.00000 0.00000 0.00000 0.00000 0.00438 0.46422 0.53088 0.00052 0.00000 ( 8)  0.065
 248 H   0.30863 0.29843 0.24117 0.12376 0.02668 0.00133 0.00001 0.00000 0.00000 0.00000 ( 1)  0.001
 249 E   0.00053 0.03637 0.21615 0.43053 0.27770 0.03820 0.00051 0.00000 0.00000 0.00000 ( 4)  0.005
 250 K   0.00000 0.00000 0.00000 0.00000 0.00000 0.00001 0.01524 0.69665 0.28810 0.00000 ( 8)  0.104
 251 M   0.34793 0.32972 0.23457 0.08076 0.00696 0.00006 0.00000 0.00000 0.00000 0.00000 ( 1)  0.001
 252 L   0.28139 0.27488 0.23699 0.14895 0.05125 0.00638 0.00015 0.00000 0.00000 0.00000 ( 1)  0.001
 253 K   0.00000 0.00000 0.00000 0.00000 0.00000 0.00000 0.00000 0.00000 0.00100 0.99900 (10)  0.325
 254 E   0.00000 0.00000 0.00000 0.00000 0.00000 0.00000 0.00153 0.69477 0.30370 0.00000 ( 8)  0.106
 255 Q   0.25787 0.25363 0.22834 0.16433 0.07709 0.01751 0.00121 0.00001 0.00000 0.00000 ( 1)  0.002
 256 A   0.31356 0.30253 0.24115 0.11857 0.02322 0.00096 0.00000 0.00000 0.00000 0.00000 ( 1)  0.001
 257 K   0.00000 0.00002 0.00470 0.12420 0.53639 0.32102 0.01368 0.00001 0.00000 0.00000 ( 5)  0.014
 258 K   0.30792 0.29783 0.24114 0.12449 0.02722 0.00139 0.00001 0.00000 0.00000 0.00000 ( 1)  0.001
 259 M   0.34793 0.32972 0.23457 0.08076 0.00696 0.00006 0.00000 0.00000 0.00000 0.00000 ( 1)  0.001
 260 N   0.32909 0.31516 0.23965 0.10164 0.01416 0.00030 0.00000 0.00000 0.00000 0.00000 ( 1)  0.001
 261 V   0.31729 0.30561 0.24100 0.11458 0.02078 0.00074 0.00000 0.00000 0.00000 0.00000 ( 1)  0.001
 262 K   0.30138 0.29228 0.24072 0.13108 0.03241 0.00211 0.00002 0.00000 0.00000 0.00000 ( 1)  0.001
 263 S   0.00000 0.00059 0.02618 0.21586 0.48511 0.25336 0.01884 0.00008 0.00000 0.00000 ( 5)  0.012
 264 L   0.28213 0.27553 0.23718 0.14836 0.05050 0.00616 0.00014 0.00000 0.00000 0.00000 ( 1)  0.001
 265 A   0.00000 0.00000 0.00000 0.00000 0.00000 0.00000 0.00020 0.25417 0.74563 0.00000 ( 9)  0.137
 266 S   0.00000 0.00000 0.00000 0.00000 0.00000 0.00000 0.01078 0.89679 0.09243 0.00000 ( 8)  0.090
 267 N   0.00000 0.00000 0.00000 0.00013 0.05190 0.73270 0.21500 0.00026 0.00000 0.00000 ( 6)  0.027
 268 K   0.29704 0.28856 0.24022 0.13528 0.03613 0.00274 0.00003 0.00000 0.00000 0.00000 ( 1)  0.001
 269 E   0.00000 0.00000 0.00000 0.00000 0.00000 0.00000 0.00000 0.05128 0.94872 0.00000 ( 9)  0.152
 270 D   0.00000 0.00000 0.00036 0.03516 0.40086 0.52094 0.04262 0.00006 0.00000 0.00000 ( 6)  0.018
 271 A   0.00000 0.00000 0.00000 0.00000 0.00000 0.00005 0.07383 0.91758 0.00855 0.00000 ( 8)  0.081
 272 G   0.00000 0.00000 0.00000 0.00000 0.00000 0.00000 0.00000 0.07073 0.92927 0.00000 ( 9)  0.151
 273 K   0.00000 0.00000 0.00000 0.00000 0.00016 0.04600 0.69359 0.25999 0.00026 0.00000 ( 7)  0.054
 274 S   0.00000 0.00123 0.05168 0.34919 0.49407 0.10247 0.00136 0.00000 0.00000 0.00000 ( 5)  0.009
 275 V   0.00000 0.00000 0.00000 0.00000 0.00000 0.00133 0.29092 0.70580 0.00195 0.00000 ( 8)  0.072
 276 E   0.30452 0.29496 0.24098 0.12795 0.02985 0.00173 0.00001 0.00000 0.00000 0.00000 ( 1)  0.001
 277 I   0.33510 0.31989 0.23839 0.09496 0.01148 0.00019 0.00000 0.00000 0.00000 0.00000 ( 1)  0.001
 278 R   0.28611 0.27905 0.23818 0.14508 0.04645 0.00503 0.00009 0.00000 0.00000 0.00000 ( 1)  0.001
 279 I   0.32813 0.31439 0.23979 0.10271 0.01466 0.00033 0.00000 0.00000 0.00000 0.00000 ( 1)  0.001
 280 A   0.29124 0.28354 0.23927 0.14063 0.04146 0.00381 0.00005 0.00000 0.00000 0.00000 ( 1)  0.001
 281 K   0.29313 0.28518 0.23963 0.13893 0.03968 0.00342 0.00004 0.00000 0.00000 0.00000 ( 1)  0.001
 282 V   0.31251 0.30166 0.24116 0.11968 0.02396 0.00104 0.00000 0.00000 0.00000 0.00000 ( 1)  0.001
 283 A   0.30841 0.29823 0.24113 0.12396 0.02689 0.00136 0.00001 0.00000 0.00000 0.00000 ( 1)  0.001
 284 F   0.33253 0.31788 0.23899 0.09782 0.01256 0.00023 0.00000 0.00000 0.00000 0.00000 ( 1)  0.001
 285 T   0.29992 0.29103 0.24053 0.13247 0.03369 0.00234 0.00002 0.00000 0.00000 0.00000 ( 1)  0.001
 286 I   0.32353 0.31070 0.24044 0.10778 0.01708 0.00047 0.00000 0.00000 0.00000 0.00000 ( 1)  0.001
 287 F   0.33368 0.31879 0.23874 0.09653 0.01205 0.00021 0.00000 0.00000 0.00000 0.00000 ( 1)  0.001
 288 F   0.33218 0.31760 0.23906 0.09821 0.01272 0.00023 0.00000 0.00000 0.00000 0.00000 ( 1)  0.001
 289 L   0.00041 0.02789 0.17231 0.38739 0.33036 0.07876 0.00287 0.00001 0.00000 0.00000 ( 4)  0.007
 290 F   0.32710 0.31357 0.23997 0.10384 0.01516 0.00035 0.00000 0.00000 0.00000 0.00000 ( 1)  0.001
 291 V   0.00000 0.00000 0.00000 0.00000 0.00000 0.00000 0.00940 0.95005 0.04055 0.00000 ( 8)  0.086
 292 C   0.28063 0.27421 0.23680 0.14959 0.05202 0.00659 0.00016 0.00000 0.00000 0.00000 ( 1)  0.002
 293 A   0.00000 0.00000 0.00000 0.00000 0.00000 0.00000 0.00767 0.85682 0.13551 0.00000 ( 8)  0.093
 294 W   0.27372 0.26803 0.23468 0.15477 0.05939 0.00910 0.00031 0.00000 0.00000 0.00000 ( 1)  0.002
 295 T   0.29779 0.28920 0.24031 0.13456 0.03549 0.00262 0.00002 0.00000 0.00000 0.00000 ( 1)  0.001
 296 P   0.27779 0.27168 0.23597 0.15178 0.05502 0.00755 0.00021 0.00000 0.00000 0.00000 ( 1)  0.002
 297 Y   0.29649 0.28809 0.24015 0.13580 0.03662 0.00282 0.00003 0.00000 0.00000 0.00000 ( 1)  0.001
 298 A   0.29374 0.28571 0.23970 0.13833 0.03915 0.00333 0.00004 0.00000 0.00000 0.00000 ( 1)  0.001
 299 V   0.00000 0.00000 0.00000 0.00000 0.00000 0.00295 0.60350 0.39352 0.00003 0.00000 ( 7)  0.060
 300 V   0.00000 0.00103 0.04374 0.31230 0.50334 0.13653 0.00307 0.00000 0.00000 0.00000 ( 5)  0.009
 301 T   0.00000 0.00000 0.00000 0.00000 0.00000 0.00000 0.00000 0.00002 0.82524 0.17474 ( 9)  0.185
 302 M   0.00000 0.00000 0.00002 0.01377 0.46146 0.51754 0.00721 0.00000 0.00000 0.00000 ( 6)  0.017
 303 I   0.00000 0.00000 0.00000 0.00000 0.00000 0.00441 0.33342 0.65740 0.00476 0.00000 ( 8)  0.071
 304 G   0.00000 0.00048 0.02169 0.18741 0.46728 0.29412 0.02886 0.00016 0.00000 0.00000 ( 5)  0.013
 305 A   0.00000 0.00001 0.00173 0.05496 0.36130 0.49064 0.09050 0.00086 0.00000 0.00000 ( 6)  0.019
 306 F   0.00000 0.00000 0.00000 0.00006 0.01686 0.38739 0.57480 0.02088 0.00000 0.00000 ( 7)  0.036
 307 G   0.00000 0.00025 0.01186 0.11519 0.37526 0.39694 0.09784 0.00266 0.00000 0.00000 ( 6)  0.018
 308 D   0.00000 0.00003 0.00927 0.20742 0.60971 0.17169 0.00188 0.00000 0.00000 0.00000 ( 5)  0.011
 309 R   0.00000 0.00083 0.03617 0.27436 0.50643 0.17631 0.00590 0.00000 0.00000 0.00000 ( 5)  0.010
 310 S   0.00000 0.00000 0.00000 0.00000 0.00000 0.00000 0.00000 0.00000 0.00000 1.00000 (10)  0.325
 311 L   0.00000 0.00000 0.00000 0.00000 0.00000 0.00000 0.00046 0.30325 0.69629 0.00001 ( 9)  0.134
 312 L   0.27515 0.26932 0.23512 0.15368 0.05786 0.00859 0.00028 0.00000 0.00000 0.00000 ( 1)  0.002
 313 T   0.28788 0.28060 0.23859 0.14358 0.04470 0.00458 0.00008 0.00000 0.00000 0.00000 ( 1)  0.001
 314 P   0.27490 0.26909 0.23506 0.15391 0.05812 0.00865 0.00028 0.00000 0.00000 0.00000 ( 1)  0.002
 315 H   0.00000 0.00000 0.00000 0.00000 0.00000 0.00000 0.00000 0.02646 0.97352 0.00002 ( 9)  0.154
 316 V   0.00000 0.00000 0.00000 0.00077 0.07268 0.61010 0.31329 0.00316 0.00000 0.00000 ( 6)  0.029
 317 T   0.00000 0.00092 0.03951 0.29169 0.50644 0.15710 0.00434 0.00000 0.00000 0.00000 ( 5)  0.010
 318 M   0.34793 0.32972 0.23457 0.08076 0.00696 0.00006 0.00000 0.00000 0.00000 0.00000 ( 1)  0.001
 319 I   0.00000 0.00000 0.00000 0.00000 0.00000 0.00000 0.00013 0.35649 0.64338 0.00000 ( 9)  0.130
 320 P   0.26751 0.26243 0.23242 0.15888 0.06625 0.01197 0.00055 0.00000 0.00000 0.00000 ( 1)  0.002
 321 A   0.29394 0.28588 0.23975 0.13817 0.03894 0.00328 0.00004 0.00000 0.00000 0.00000 ( 1)  0.001
 322 V   0.00000 0.00123 0.05144 0.34785 0.49408 0.10396 0.00145 0.00000 0.00000 0.00000 ( 5)  0.009
 323 F   0.00000 0.00000 0.00022 0.02317 0.31563 0.57611 0.08457 0.00029 0.00000 0.00000 ( 6)  0.020
 324 A   0.00000 0.00000 0.00000 0.00000 0.00000 0.00000 0.00217 0.50392 0.49391 0.00000 ( 8)  0.119
 325 K   0.30179 0.29263 0.24075 0.13067 0.03209 0.00207 0.00002 0.00000 0.00000 0.00000 ( 1)  0.001
 326 S   0.00000 0.00000 0.00000 0.00000 0.00000 0.00000 0.00000 0.10298 0.89701 0.00000 ( 9)  0.148
 327 V   0.31654 0.30499 0.24103 0.11538 0.02126 0.00079 0.00000 0.00000 0.00000 0.00000 ( 1)  0.001
 328 S   0.30389 0.29442 0.24093 0.12859 0.03036 0.00181 0.00001 0.00000 0.00000 0.00000 ( 1)  0.001
 329 C   0.29891 0.29017 0.24047 0.13350 0.03449 0.00244 0.00002 0.00000 0.00000 0.00000 ( 1)  0.001
 330 I   0.00000 0.00000 0.00000 0.00000 0.00000 0.00170 0.34166 0.65570 0.00094 0.00000 ( 8)  0.070
 331 D   0.31907 0.30707 0.24089 0.11266 0.01965 0.00065 0.00000 0.00000 0.00000 0.00000 ( 1)  0.001
 332 P   0.27091 0.26551 0.23369 0.15667 0.06247 0.01034 0.00041 0.00000 0.00000 0.00000 ( 1)  0.002
 333 W   0.27372 0.26803 0.23468 0.15477 0.05939 0.00910 0.00031 0.00000 0.00000 0.00000 ( 1)  0.002
 334 V   0.00000 0.00116 0.04874 0.33595 0.49829 0.11401 0.00184 0.00000 0.00000 0.00000 ( 5)  0.009
 335 Y   0.28606 0.27900 0.23814 0.14509 0.04653 0.00507 0.00010 0.00000 0.00000 0.00000 ( 1)  0.001
 336 A   0.31467 0.30345 0.24113 0.11739 0.02246 0.00089 0.00000 0.00000 0.00000 0.00000 ( 1)  0.001
 337 I   0.32546 0.31225 0.24017 0.10565 0.01606 0.00041 0.00000 0.00000 0.00000 0.00000 ( 1)  0.001
 338 N   0.31194 0.30118 0.24116 0.12028 0.02435 0.00108 0.00000 0.00000 0.00000 0.00000 ( 1)  0.001
 339 H   0.28365 0.27689 0.23761 0.14716 0.04890 0.00567 0.00012 0.00000 0.00000 0.00000 ( 1)  0.001
 340 P   0.28442 0.27756 0.23779 0.14652 0.04813 0.00546 0.00011 0.00000 0.00000 0.00000 ( 1)  0.001
 341 R   0.26826 0.26311 0.23272 0.15843 0.06541 0.01157 0.00051 0.00000 0.00000 0.00000 ( 1)  0.002
 342 Y   0.30572 0.29597 0.24105 0.12674 0.02890 0.00160 0.00001 0.00000 0.00000 0.00000 ( 1)  0.001
 343 R   0.29995 0.29106 0.24059 0.13249 0.03360 0.00229 0.00002 0.00000 0.00000 0.00000 ( 1)  0.001
 344 A   0.00000 0.00000 0.00000 0.00000 0.00042 0.09127 0.79541 0.11288 0.00002 0.00000 ( 7)  0.047
 345 E   0.00051 0.03472 0.20787 0.42371 0.28833 0.04414 0.00072 0.00000 0.00000 0.00000 ( 4)  0.006
 346 L   0.29045 0.28285 0.23912 0.14132 0.04221 0.00399 0.00006 0.00000 0.00000 0.00000 ( 1)  0.001
 347 Q   0.00000 0.00000 0.00000 0.00000 0.00000 0.00000 0.00001 0.04992 0.95001 0.00006 ( 9)  0.152
 348 K   0.00057 0.03912 0.22969 0.44026 0.25996 0.03009 0.00030 0.00000 0.00000 0.00000 ( 4)  0.005
 349 R   0.26024 0.25580 0.22939 0.16306 0.07441 0.01606 0.00103 0.00001 0.00000 0.00000 ( 1)  0.002
 350 L   0.00000 0.00000 0.00000 0.00000 0.00000 0.00000 0.00001 0.07442 0.92556 0.00002 ( 9)  0.150
 351 P   0.00035 0.02430 0.15273 0.36233 0.34923 0.10528 0.00576 0.00002 0.00000 0.00000 ( 4)  0.008
 352 W   0.27372 0.26803 0.23468 0.15477 0.05939 0.00910 0.00031 0.00000 0.00000 0.00000 ( 1)  0.002
 353 M   0.00000 0.00000 0.00000 0.00000 0.00000 0.00381 0.62295 0.37321 0.00003 0.00000 ( 7)  0.059
 354 G   0.27016 0.26483 0.23341 0.15717 0.06330 0.01069 0.00044 0.00000 0.00000 0.00000 ( 1)  0.002
 355 V   0.00070 0.04749 0.26878 0.45939 0.20892 0.01466 0.00006 0.00000 0.00000 0.00000 ( 4)  0.004
 356 R   0.00000 0.00000 0.00127 0.04224 0.30810 0.51161 0.13445 0.00232 0.00000 0.00000 ( 6)  0.021
 357 E   0.29346 0.28547 0.23967 0.13861 0.03937 0.00337 0.00004 0.00000 0.00000 0.00000 ( 1)  0.001
 358 P   0.00000 0.00000 0.00000 0.00000 0.00000 0.00000 0.00000 0.00000 0.00000 1.00000 (10)  0.325
 359 D   0.00000 0.00000 0.00000 0.00000 0.00002 0.03534 0.88474 0.07991 0.00000 0.00000 ( 7)  0.047
 360 P   0.00000 0.00000 0.00000 0.00067 0.03830 0.37451 0.53145 0.05501 0.00006 0.00000 ( 7)  0.037
 361 E   0.00000 0.00000 0.00000 0.00435 0.23887 0.70188 0.05486 0.00002 0.00000 0.00000 ( 6)  0.021
 362 T   0.00000 0.00000 0.00000 0.00000 0.00000 0.00000 0.00000 0.00000 0.00404 0.99596 (10)  0.325
 363 Q   0.00000 0.00000 0.00000 0.00000 0.00000 0.00086 0.27996 0.71806 0.00112 0.00000 ( 8)  0.073
 364 S   0.30220 0.29299 0.24079 0.13026 0.03173 0.00201 0.00001 0.00000 0.00000 0.00000 ( 1)  0.001
 365 S   0.00000 0.00000 0.00000 0.00000 0.00000 0.00000 0.00001 0.14177 0.85822 0.00000 ( 9)  0.146
 366 N   0.00000 0.00000 0.00000 0.00000 0.00000 0.00000 0.00000 0.00830 0.99170 0.00000 ( 9)  0.155
 367 A   0.00000 0.00000 0.00000 0.00001 0.01012 0.46105 0.52498 0.00385 0.00000 0.00000 ( 7)  0.034
 368 S   0.00000 0.00000 0.00000 0.00000 0.00646 0.36753 0.61735 0.00865 0.00000 0.00000 ( 7)  0.037
 369 T   0.00000 0.00000 0.00000 0.00000 0.00000 0.00000 0.00005 0.31899 0.68097 0.00000 ( 9)  0.133
 370 T   0.00000 0.00000 0.00000 0.00195 0.14082 0.71009 0.14683 0.00031 0.00000 0.00000 ( 6)  0.024
 371 Q   0.00000 0.00000 0.00000 0.00000 0.00000 0.00000 0.00002 0.11026 0.88972 0.00000 ( 9)  0.148
 372 S   0.00000 0.00000 0.00000 0.00000 0.00000 0.00000 0.00000 0.00000 0.03032 0.96968 (10)  0.320
 373 Q   0.00000 0.00000 0.00000 0.00000 0.00000 0.00000 0.00000 0.00020 0.83952 0.16027 ( 9)  0.183
 374 S   0.00000 0.00000 0.00000 0.00000 0.00000 0.00000 0.00000 0.00000 0.00000 1.00000 (10)  0.325
 375 A   0.00000 0.00000 0.00000 0.00000 0.00000 0.00000 0.00000 0.00000 0.00000 1.00000 (10)  0.325
 376 D   0.00000 0.00000 0.00000 0.00000 0.00000 0.00000 0.00005 0.11650 0.88344 0.00002 ( 9)  0.147
 377 A   0.00039 0.02654 0.16499 0.37846 0.33790 0.08798 0.00374 0.00001 0.00000 0.00000 ( 4)  0.007


lnL = -71523.946903

