Supplemental results for CODEML (seqf: align.fa  treef: tree.nwk)


MLEs of dN/dS (w) for site classes (K=4)

site class             0        1       2a       2b
proportion       0.00330  0.00014  0.95537  0.04119
background w     0.03909  1.00000  0.03909  1.00000
foreground w     0.03909  1.00000  1.00000  1.00000

Naive Empirical Bayes (NEB) probabilities for 4 classes
(amino acids refer to 1st sequence: ColCroc|Blue5)

   1 N   0.00346 0.00000 0.99654 0.00000 ( 3)
   2 V   0.00345 0.00000 0.99655 0.00000 ( 3)
   3 N   0.00000 0.00344 0.00000 0.99656 ( 4)
   4 N   0.00345 0.00000 0.99655 0.00000 ( 3)
   5 F   0.00346 0.00000 0.99654 0.00000 ( 3)
   6 S   0.00345 0.00000 0.99655 0.00000 ( 3)
   7 A   0.00155 0.00189 0.44807 0.54848 ( 4)
   8 E   0.00000 0.00344 0.00000 0.99656 ( 4)
   9 A   0.00346 0.00000 0.99654 0.00000 ( 3)
  10 R   0.00345 0.00000 0.99655 0.00000 ( 3)
  11 P   0.00345 0.00000 0.99655 0.00000 ( 3)
  12 V   0.00346 0.00000 0.99654 0.00000 ( 3)
  13 A   0.00345 0.00000 0.99655 0.00000 ( 3)
  14 Y   0.00345 0.00000 0.99654 0.00001 ( 3)
  15 P   0.00345 0.00000 0.99655 0.00000 ( 3)
  16 F   0.00345 0.00000 0.99655 0.00000 ( 3)
  17 K   0.00345 0.00000 0.99655 0.00000 ( 3)
  18 M   0.00346 0.00000 0.99654 0.00000 ( 3)
  19 V   0.00345 0.00000 0.99655 0.00000 ( 3)
  20 S   0.00344 0.00000 0.99656 0.00000 ( 3)
  21 D   0.00000 0.00344 0.00000 0.99656 ( 4)
  22 E   0.00345 0.00000 0.99655 0.00000 ( 3)
  23 V   0.00345 0.00000 0.99655 0.00000 ( 3)
  24 Q   0.00343 0.00000 0.99657 0.00000 ( 3)
  25 Q   0.00345 0.00000 0.99655 0.00000 ( 3)
  26 N   0.00345 0.00000 0.99655 0.00000 ( 3)
  27 M   0.00346 0.00000 0.99654 0.00000 ( 3)
  28 L   0.00345 0.00000 0.99655 0.00000 ( 3)
  29 G   0.00345 0.00000 0.99655 0.00000 ( 3)
  30 W   0.00345 0.00000 0.99655 0.00000 ( 3)
  31 N   0.00346 0.00000 0.99654 0.00000 ( 3)
  32 V   0.00345 0.00000 0.99655 0.00000 ( 3)
  33 P   0.00345 0.00000 0.99655 0.00000 ( 3)
  34 S   0.00345 0.00000 0.99655 0.00000 ( 3)
  35 E   0.00345 0.00000 0.99655 0.00000 ( 3)
  36 Y   0.00345 0.00000 0.99655 0.00000 ( 3)
  37 Q   0.00345 0.00000 0.99655 0.00000 ( 3)
  38 D   0.00346 0.00000 0.99654 0.00000 ( 3)
  39 L   0.00345 0.00000 0.99655 0.00000 ( 3)
  40 V   0.00346 0.00000 0.99654 0.00000 ( 3)
  41 H   0.00345 0.00000 0.99655 0.00000 ( 3)
  42 D   0.00337 0.00000 0.99663 0.00000 ( 3)
  43 H   0.00345 0.00000 0.99655 0.00000 ( 3)
  44 W   0.00345 0.00000 0.99655 0.00000 ( 3)
  45 R   0.00345 0.00000 0.99655 0.00000 ( 3)
  46 N   0.00346 0.00000 0.99654 0.00000 ( 3)
  47 F   0.00346 0.00000 0.99654 0.00000 ( 3)
  48 A   0.00345 0.00000 0.99655 0.00000 ( 3)
  49 A   0.00345 0.00000 0.99655 0.00000 ( 3)
  50 I   0.00346 0.00000 0.99654 0.00000 ( 3)
  51 D   0.00346 0.00000 0.99654 0.00000 ( 3)
  52 K   0.00345 0.00000 0.99655 0.00000 ( 3)
  53 F   0.00345 0.00000 0.99655 0.00000 ( 3)
  54 W   0.00345 0.00000 0.99655 0.00000 ( 3)
  55 H   0.00345 0.00000 0.99655 0.00000 ( 3)
  56 Y   0.00345 0.00000 0.99655 0.00000 ( 3)
  57 C   0.00325 0.00000 0.99675 0.00000 ( 3)
  58 L   0.00345 0.00000 0.99655 0.00000 ( 3)
  59 A   0.00345 0.00000 0.99655 0.00000 ( 3)
  60 L   0.00346 0.00000 0.99654 0.00000 ( 3)
  61 I   0.00346 0.00000 0.99654 0.00000 ( 3)
  62 Y   0.00345 0.00000 0.99655 0.00000 ( 3)
  63 M   0.00346 0.00000 0.99654 0.00000 ( 3)
  64 I   0.00346 0.00000 0.99654 0.00000 ( 3)
  65 L   0.00345 0.00000 0.99655 0.00000 ( 3)
  66 W   0.00346 0.00000 0.99654 0.00000 ( 3)
  67 I   0.00248 0.00014 0.95644 0.04093 ( 3)
  68 S   0.00346 0.00000 0.99654 0.00000 ( 3)
  69 S   0.00345 0.00000 0.99655 0.00000 ( 3)
  70 V   0.00346 0.00000 0.99654 0.00000 ( 3)
  71 C   0.00307 0.00000 0.99693 0.00000 ( 3)
  72 G   0.00345 0.00000 0.99655 0.00000 ( 3)
  73 N   0.00345 0.00000 0.99655 0.00000 ( 3)
  74 G   0.00345 0.00000 0.99655 0.00000 ( 3)
  75 I   0.00346 0.00000 0.99654 0.00000 ( 3)
  76 V   0.00346 0.00000 0.99654 0.00000 ( 3)
  77 V   0.00345 0.00000 0.99655 0.00000 ( 3)
  78 W   0.00345 0.00000 0.99655 0.00000 ( 3)
  79 I   0.00345 0.00000 0.99655 0.00000 ( 3)
  80 F   0.00345 0.00000 0.99655 0.00000 ( 3)
  81 S   0.00346 0.00000 0.99654 0.00000 ( 3)
  82 T   0.00345 0.00000 0.99655 0.00000 ( 3)
  83 S   0.00344 0.00000 0.99656 0.00000 ( 3)
  84 K   0.00345 0.00000 0.99655 0.00000 ( 3)
  85 S   0.00345 0.00000 0.99655 0.00000 ( 3)
  86 L   0.00346 0.00000 0.99654 0.00000 ( 3)
  87 R   0.00344 0.00000 0.99656 0.00000 ( 3)
  88 S   0.00345 0.00000 0.99655 0.00000 ( 3)
  89 A   0.00345 0.00000 0.99655 0.00000 ( 3)
  90 S   0.00346 0.00000 0.99654 0.00000 ( 3)
  91 N   0.00346 0.00000 0.99654 0.00000 ( 3)
  92 M   0.00346 0.00000 0.99654 0.00000 ( 3)
  93 F   0.00346 0.00000 0.99654 0.00000 ( 3)
  94 I   0.00345 0.00000 0.99655 0.00000 ( 3)
  95 V   0.00345 0.00000 0.99655 0.00000 ( 3)
  96 N   0.00346 0.00000 0.99654 0.00000 ( 3)
  97 L   0.00345 0.00000 0.99655 0.00000 ( 3)
  98 A   0.00345 0.00000 0.99655 0.00000 ( 3)
  99 L   0.00345 0.00000 0.99655 0.00000 ( 3)
 100 F   0.00346 0.00000 0.99654 0.00000 ( 3)
 101 D   0.00346 0.00000 0.99654 0.00000 ( 3)
 102 M   0.00345 0.00000 0.99655 0.00000 ( 3)
 103 V   0.00346 0.00000 0.99654 0.00000 ( 3)
 104 M   0.00346 0.00000 0.99654 0.00000 ( 3)
 105 M   0.00346 0.00000 0.99654 0.00000 ( 3)
 106 I   0.00340 0.00005 0.98319 0.01336 ( 3)
 107 E   0.00345 0.00000 0.99655 0.00000 ( 3)
 108 M   0.00346 0.00000 0.99654 0.00000 ( 3)
 109 P   0.00345 0.00000 0.99655 0.00000 ( 3)
 110 H   0.00345 0.00000 0.99655 0.00000 ( 3)
 111 L   0.00346 0.00000 0.99654 0.00000 ( 3)
 112 I   0.00346 0.00000 0.99654 0.00000 ( 3)
 113 I   0.00000 0.00344 0.00000 0.99656 ( 4)
 114 N   0.00346 0.00000 0.99654 0.00000 ( 3)
 115 S   0.00345 0.00000 0.99655 0.00000 ( 3)
 116 F   0.00346 0.00000 0.99654 0.00000 ( 3)
 117 Y   0.00345 0.00000 0.99655 0.00000 ( 3)
 118 Q   0.00345 0.00000 0.99655 0.00000 ( 3)
 119 K   0.00345 0.00000 0.99655 0.00000 ( 3)
 120 M   0.00345 0.00000 0.99655 0.00000 ( 3)
 121 I   0.00345 0.00000 0.99655 0.00000 ( 3)
 122 G   0.00345 0.00000 0.99655 0.00000 ( 3)
 123 Y   0.00345 0.00000 0.99655 0.00000 ( 3)
 124 Q   0.00345 0.00000 0.99655 0.00000 ( 3)
 125 V   0.00346 0.00000 0.99654 0.00000 ( 3)
 126 G   0.00345 0.00000 0.99655 0.00000 ( 3)
 127 C   0.00345 0.00000 0.99655 0.00000 ( 3)
 128 D   0.00346 0.00000 0.99654 0.00000 ( 3)
 129 I   0.00345 0.00000 0.99655 0.00000 ( 3)
 130 Y   0.00345 0.00000 0.99655 0.00000 ( 3)
 131 A   0.00345 0.00000 0.99655 0.00000 ( 3)
 132 T   0.00345 0.00000 0.99655 0.00000 ( 3)
 133 L   0.00345 0.00000 0.99655 0.00000 ( 3)
 134 G   0.00345 0.00000 0.99655 0.00000 ( 3)
 135 S   0.00345 0.00000 0.99655 0.00000 ( 3)
 136 I   0.00344 0.00000 0.99656 0.00000 ( 3)
 137 S   0.00345 0.00000 0.99655 0.00000 ( 3)
 138 G   0.00345 0.00000 0.99655 0.00000 ( 3)
 139 I   0.00345 0.00000 0.99655 0.00000 ( 3)
 140 G   0.00345 0.00000 0.99655 0.00000 ( 3)
 141 A   0.00345 0.00000 0.99655 0.00000 ( 3)
 142 A   0.00345 0.00000 0.99655 0.00000 ( 3)
 143 I   0.00345 0.00000 0.99655 0.00000 ( 3)
 144 S   0.00345 0.00000 0.99655 0.00000 ( 3)
 145 N   0.00345 0.00000 0.99655 0.00000 ( 3)
 146 A   0.00345 0.00000 0.99655 0.00000 ( 3)
 147 V   0.00345 0.00000 0.99655 0.00000 ( 3)
 148 I   0.00345 0.00000 0.99655 0.00000 ( 3)
 149 A   0.00345 0.00000 0.99655 0.00000 ( 3)
 150 Y   0.00345 0.00000 0.99655 0.00000 ( 3)
 151 D   0.00345 0.00000 0.99655 0.00000 ( 3)
 152 R   0.00345 0.00000 0.99655 0.00000 ( 3)
 153 Y   0.00345 0.00000 0.99655 0.00000 ( 3)
 154 K   0.00345 0.00000 0.99655 0.00000 ( 3)
 155 T   0.00345 0.00000 0.99655 0.00000 ( 3)
 156 I   0.00345 0.00000 0.99655 0.00000 ( 3)
 157 S   0.00344 0.00000 0.99656 0.00000 ( 3)
 158 C   0.00345 0.00000 0.99655 0.00000 ( 3)
 159 P   0.00345 0.00000 0.99655 0.00000 ( 3)
 160 I   0.00345 0.00000 0.99655 0.00000 ( 3)
 161 D   0.00345 0.00000 0.99655 0.00000 ( 3)
 162 G   0.00345 0.00000 0.99655 0.00000 ( 3)
 163 R   0.00345 0.00000 0.99655 0.00000 ( 3)
 164 I   0.00345 0.00000 0.99655 0.00000 ( 3)
 165 N   0.00345 0.00000 0.99655 0.00000 ( 3)
 166 K   0.00345 0.00000 0.99655 0.00000 ( 3)
 167 V   0.00345 0.00000 0.99655 0.00000 ( 3)
 168 Q   0.00345 0.00000 0.99655 0.00000 ( 3)
 169 A   0.00345 0.00000 0.99655 0.00000 ( 3)
 170 S   0.00000 0.00344 0.00000 0.99656 ( 4)
 171 I   0.00344 0.00000 0.99656 0.00000 ( 3)
 172 L   0.00345 0.00000 0.99655 0.00000 ( 3)
 173 I   0.00346 0.00000 0.99654 0.00000 ( 3)
 174 A   0.00000 0.00344 0.00006 0.99650 ( 4)
 175 F   0.00346 0.00000 0.99654 0.00000 ( 3)
 176 T   0.00345 0.00000 0.99655 0.00000 ( 3)
 177 W   0.00345 0.00000 0.99655 0.00000 ( 3)
 178 F   0.00346 0.00000 0.99654 0.00000 ( 3)
 179 W   0.00345 0.00000 0.99655 0.00000 ( 3)
 180 T   0.00345 0.00000 0.99655 0.00000 ( 3)
 181 L   0.00000 0.00344 0.00050 0.99606 ( 4)
 182 P   0.00345 0.00000 0.99655 0.00000 ( 3)
 183 F   0.00346 0.00000 0.99654 0.00000 ( 3)
 184 T   0.00345 0.00000 0.99655 0.00000 ( 3)
 185 I   0.00345 0.00000 0.99655 0.00000 ( 3)
 186 L   0.00345 0.00000 0.99655 0.00000 ( 3)
 187 P   0.00345 0.00000 0.99655 0.00000 ( 3)
 188 L   0.00345 0.00000 0.99655 0.00000 ( 3)
 189 L   0.00346 0.00000 0.99654 0.00000 ( 3)
 190 K   0.00339 0.00000 0.99661 0.00000 ( 3)
 191 V   0.00328 0.00000 0.99672 0.00000 ( 3)
 192 W   0.00345 0.00000 0.99655 0.00000 ( 3)
 193 G   0.00345 0.00000 0.99655 0.00000 ( 3)
 194 K   0.00344 0.00000 0.99656 0.00000 ( 3)
 195 F   0.00345 0.00000 0.99655 0.00000 ( 3)
 196 V   0.00345 0.00000 0.99655 0.00000 ( 3)
 197 P   0.00345 0.00000 0.99655 0.00000 ( 3)
 198 E   0.00345 0.00000 0.99655 0.00000 ( 3)
 199 G   0.00345 0.00000 0.99655 0.00000 ( 3)
 200 F   0.00346 0.00000 0.99654 0.00000 ( 3)
 201 L   0.00344 0.00000 0.99656 0.00000 ( 3)
 202 T   0.00345 0.00000 0.99655 0.00000 ( 3)
 203 T   0.00345 0.00000 0.99655 0.00000 ( 3)
 204 C   0.00345 0.00000 0.99655 0.00000 ( 3)
 205 S   0.00345 0.00000 0.99655 0.00000 ( 3)
 206 F   0.00346 0.00000 0.99654 0.00000 ( 3)
 207 D   0.00346 0.00000 0.99654 0.00000 ( 3)
 208 Y   0.00345 0.00000 0.99655 0.00000 ( 3)
 209 F   0.00346 0.00000 0.99654 0.00000 ( 3)
 210 T   0.00345 0.00000 0.99655 0.00000 ( 3)
 211 D   0.00345 0.00000 0.99655 0.00000 ( 3)
 212 D   0.00346 0.00000 0.99654 0.00000 ( 3)
 213 E   0.00345 0.00000 0.99655 0.00000 ( 3)
 214 D   0.00346 0.00000 0.99654 0.00000 ( 3)
 215 T   0.00345 0.00000 0.99655 0.00000 ( 3)
 216 K   0.00345 0.00000 0.99655 0.00000 ( 3)
 217 V   0.00345 0.00000 0.99655 0.00000 ( 3)
 218 F   0.00346 0.00000 0.99654 0.00000 ( 3)
 219 V   0.00345 0.00000 0.99655 0.00000 ( 3)
 220 A   0.00346 0.00000 0.99654 0.00000 ( 3)
 221 C   0.00345 0.00000 0.99655 0.00000 ( 3)
 222 I   0.00346 0.00000 0.99654 0.00000 ( 3)
 223 F   0.00346 0.00000 0.99654 0.00000 ( 3)
 224 V   0.00345 0.00000 0.99655 0.00000 ( 3)
 225 W   0.00345 0.00000 0.99655 0.00000 ( 3)
 226 S   0.00346 0.00000 0.99654 0.00000 ( 3)
 227 Y   0.00345 0.00000 0.99655 0.00000 ( 3)
 228 C   0.00305 0.00000 0.99695 0.00000 ( 3)
 229 F   0.00346 0.00000 0.99654 0.00000 ( 3)
 230 P   0.00345 0.00000 0.99655 0.00000 ( 3)
 231 M   0.00346 0.00000 0.99654 0.00000 ( 3)
 232 A   0.00000 0.00344 0.00000 0.99656 ( 4)
 233 L   0.00346 0.00000 0.99654 0.00000 ( 3)
 234 I   0.00346 0.00000 0.99654 0.00000 ( 3)
 235 C   0.00345 0.00000 0.99655 0.00000 ( 3)
 236 I   0.00345 0.00000 0.99655 0.00000 ( 3)
 237 F   0.00346 0.00000 0.99654 0.00000 ( 3)
 238 Y   0.00345 0.00000 0.99655 0.00000 ( 3)
 239 S   0.00345 0.00000 0.99655 0.00000 ( 3)
 240 K   0.00345 0.00000 0.99655 0.00000 ( 3)
 241 L   0.00345 0.00000 0.99655 0.00000 ( 3)
 242 F   0.00345 0.00000 0.99655 0.00000 ( 3)
 243 T   0.00345 0.00000 0.99655 0.00000 ( 3)
 244 A   0.00345 0.00000 0.99655 0.00000 ( 3)
 245 V   0.00345 0.00000 0.99655 0.00000 ( 3)
 246 R   0.00344 0.00000 0.99656 0.00000 ( 3)
 247 L   0.00345 0.00000 0.99655 0.00000 ( 3)
 248 H   0.00345 0.00000 0.99655 0.00000 ( 3)
 249 E   0.00345 0.00000 0.99655 0.00000 ( 3)
 250 K   0.00345 0.00000 0.99655 0.00000 ( 3)
 251 M   0.00346 0.00000 0.99654 0.00000 ( 3)
 252 L   0.00345 0.00000 0.99655 0.00000 ( 3)
 253 K   0.00000 0.00344 0.00000 0.99656 ( 4)
 254 E   0.00345 0.00000 0.99655 0.00000 ( 3)
 255 Q   0.00345 0.00000 0.99655 0.00000 ( 3)
 256 A   0.00345 0.00000 0.99655 0.00000 ( 3)
 257 K   0.00345 0.00000 0.99655 0.00000 ( 3)
 258 K   0.00345 0.00000 0.99655 0.00000 ( 3)
 259 M   0.00346 0.00000 0.99654 0.00000 ( 3)
 260 N   0.00346 0.00000 0.99654 0.00000 ( 3)
 261 V   0.00345 0.00000 0.99655 0.00000 ( 3)
 262 K   0.00345 0.00000 0.99655 0.00000 ( 3)
 263 S   0.00345 0.00000 0.99655 0.00000 ( 3)
 264 L   0.00345 0.00000 0.99655 0.00000 ( 3)
 265 A   0.00345 0.00000 0.99655 0.00000 ( 3)
 266 S   0.00343 0.00000 0.99657 0.00000 ( 3)
 267 N   0.00346 0.00000 0.99654 0.00000 ( 3)
 268 K   0.00345 0.00000 0.99655 0.00000 ( 3)
 269 E   0.00345 0.00000 0.99655 0.00000 ( 3)
 270 D   0.00345 0.00000 0.99655 0.00000 ( 3)
 271 A   0.00346 0.00000 0.99654 0.00000 ( 3)
 272 G   0.00343 0.00000 0.99657 0.00000 ( 3)
 273 K   0.00345 0.00000 0.99655 0.00000 ( 3)
 274 S   0.00346 0.00000 0.99654 0.00000 ( 3)
 275 V   0.00345 0.00000 0.99655 0.00000 ( 3)
 276 E   0.00345 0.00000 0.99655 0.00000 ( 3)
 277 I   0.00346 0.00000 0.99654 0.00000 ( 3)
 278 R   0.00345 0.00000 0.99655 0.00000 ( 3)
 279 I   0.00345 0.00000 0.99655 0.00000 ( 3)
 280 A   0.00345 0.00000 0.99655 0.00000 ( 3)
 281 K   0.00345 0.00000 0.99655 0.00000 ( 3)
 282 V   0.00345 0.00000 0.99655 0.00000 ( 3)
 283 A   0.00346 0.00000 0.99654 0.00000 ( 3)
 284 F   0.00346 0.00000 0.99654 0.00000 ( 3)
 285 T   0.00345 0.00000 0.99655 0.00000 ( 3)
 286 I   0.00345 0.00000 0.99655 0.00000 ( 3)
 287 F   0.00346 0.00000 0.99654 0.00000 ( 3)
 288 F   0.00346 0.00000 0.99654 0.00000 ( 3)
 289 L   0.00345 0.00000 0.99655 0.00000 ( 3)
 290 F   0.00346 0.00000 0.99654 0.00000 ( 3)
 291 V   0.00346 0.00000 0.99654 0.00000 ( 3)
 292 C   0.00345 0.00000 0.99655 0.00000 ( 3)
 293 A   0.00345 0.00000 0.99655 0.00000 ( 3)
 294 W   0.00345 0.00000 0.99655 0.00000 ( 3)
 295 T   0.00345 0.00000 0.99655 0.00000 ( 3)
 296 P   0.00345 0.00000 0.99655 0.00000 ( 3)
 297 Y   0.00345 0.00000 0.99655 0.00000 ( 3)
 298 A   0.00345 0.00000 0.99655 0.00000 ( 3)
 299 V   0.00346 0.00000 0.99654 0.00000 ( 3)
 300 V   0.00345 0.00000 0.99655 0.00000 ( 3)
 301 T   0.00345 0.00000 0.99655 0.00000 ( 3)
 302 M   0.00346 0.00000 0.99654 0.00000 ( 3)
 303 I   0.00345 0.00000 0.99655 0.00000 ( 3)
 304 G   0.00345 0.00000 0.99655 0.00000 ( 3)
 305 A   0.00345 0.00000 0.99655 0.00000 ( 3)
 306 F   0.00345 0.00000 0.99655 0.00000 ( 3)
 307 G   0.00345 0.00000 0.99655 0.00000 ( 3)
 308 D   0.00346 0.00000 0.99654 0.00000 ( 3)
 309 R   0.00345 0.00000 0.99655 0.00000 ( 3)
 310 S   0.00000 0.00344 0.00000 0.99656 ( 4)
 311 L   0.00344 0.00000 0.99656 0.00000 ( 3)
 312 L   0.00345 0.00000 0.99655 0.00000 ( 3)
 313 T   0.00345 0.00000 0.99655 0.00000 ( 3)
 314 P   0.00345 0.00000 0.99655 0.00000 ( 3)
 315 H   0.00345 0.00000 0.99655 0.00000 ( 3)
 316 V   0.00345 0.00000 0.99655 0.00000 ( 3)
 317 T   0.00345 0.00000 0.99655 0.00000 ( 3)
 318 M   0.00346 0.00000 0.99654 0.00000 ( 3)
 319 I   0.00345 0.00000 0.99655 0.00000 ( 3)
 320 P   0.00345 0.00000 0.99655 0.00000 ( 3)
 321 A   0.00345 0.00000 0.99655 0.00000 ( 3)
 322 V   0.00345 0.00000 0.99655 0.00000 ( 3)
 323 F   0.00345 0.00000 0.99655 0.00000 ( 3)
 324 A   0.00343 0.00000 0.99657 0.00000 ( 3)
 325 K   0.00345 0.00000 0.99655 0.00000 ( 3)
 326 S   0.00073 0.00000 0.99927 0.00000 ( 3)
 327 V   0.00346 0.00000 0.99654 0.00000 ( 3)
 328 S   0.00345 0.00000 0.99655 0.00000 ( 3)
 329 C   0.00345 0.00000 0.99655 0.00000 ( 3)
 330 I   0.00345 0.00000 0.99655 0.00000 ( 3)
 331 D   0.00346 0.00000 0.99654 0.00000 ( 3)
 332 P   0.00345 0.00000 0.99655 0.00000 ( 3)
 333 W   0.00345 0.00000 0.99655 0.00000 ( 3)
 334 V   0.00345 0.00000 0.99655 0.00000 ( 3)
 335 Y   0.00345 0.00000 0.99655 0.00000 ( 3)
 336 A   0.00346 0.00000 0.99654 0.00000 ( 3)
 337 I   0.00346 0.00000 0.99654 0.00000 ( 3)
 338 N   0.00345 0.00000 0.99655 0.00000 ( 3)
 339 H   0.00345 0.00000 0.99655 0.00000 ( 3)
 340 P   0.00345 0.00000 0.99655 0.00000 ( 3)
 341 R   0.00345 0.00000 0.99655 0.00000 ( 3)
 342 Y   0.00345 0.00000 0.99655 0.00000 ( 3)
 343 R   0.00345 0.00000 0.99655 0.00000 ( 3)
 344 A   0.00345 0.00000 0.99655 0.00000 ( 3)
 345 E   0.00345 0.00000 0.99655 0.00000 ( 3)
 346 L   0.00345 0.00000 0.99655 0.00000 ( 3)
 347 Q   0.00345 0.00000 0.99655 0.00000 ( 3)
 348 K   0.00345 0.00000 0.99655 0.00000 ( 3)
 349 R   0.00344 0.00000 0.99656 0.00000 ( 3)
 350 L   0.00345 0.00000 0.99655 0.00000 ( 3)
 351 P   0.00345 0.00000 0.99655 0.00000 ( 3)
 352 W   0.00345 0.00000 0.99655 0.00000 ( 3)
 353 M   0.00343 0.00000 0.99657 0.00000 ( 3)
 354 G   0.00345 0.00000 0.99655 0.00000 ( 3)
 355 V   0.00346 0.00000 0.99654 0.00000 ( 3)
 356 R   0.00345 0.00000 0.99655 0.00000 ( 3)
 357 E   0.00345 0.00000 0.99655 0.00000 ( 3)
 358 P   0.00000 0.00344 0.00000 0.99656 ( 4)
 359 D   0.00346 0.00000 0.99654 0.00000 ( 3)
 360 P   0.00345 0.00000 0.99655 0.00000 ( 3)
 361 E   0.00346 0.00000 0.99654 0.00000 ( 3)
 362 T   0.00000 0.00344 0.00000 0.99656 ( 4)
 363 Q   0.00345 0.00000 0.99655 0.00000 ( 3)
 364 S   0.00345 0.00000 0.99655 0.00000 ( 3)
 365 S   0.00345 0.00000 0.99655 0.00000 ( 3)
 366 N   0.00346 0.00000 0.99654 0.00000 ( 3)
 367 A   0.00344 0.00000 0.99656 0.00000 ( 3)
 368 S   0.00346 0.00000 0.99654 0.00000 ( 3)
 369 T   0.00346 0.00000 0.99654 0.00000 ( 3)
 370 T   0.00346 0.00000 0.99654 0.00000 ( 3)
 371 Q   0.00332 0.00000 0.99668 0.00000 ( 3)
 372 S   0.00007 0.00337 0.02103 0.97553 ( 4)
 373 Q   0.00345 0.00000 0.99655 0.00000 ( 3)
 374 S   0.00000 0.00344 0.00000 0.99656 ( 4)
 375 A   0.00000 0.00344 0.00000 0.99656 ( 4)
 376 D   0.00345 0.00000 0.99655 0.00000 ( 3)
 377 A   0.00345 0.00000 0.99655 0.00000 ( 3)


lnL = -74021.915911

