Supplemental results for CODEML (seqf: align.fa  treef: tree.nwk)


MLEs of dN/dS (w) for site classes (K=4)

site class             0        1       2a       2b
proportion       0.91216  0.03596  0.04991  0.00197
background w     0.03981  1.00000  0.03981  1.00000
foreground w     0.03981  1.00000 999.00000 999.00000

Naive Empirical Bayes (NEB) probabilities for 4 classes
(amino acids refer to 1st sequence: ColCroc)

   1 M   0.94812 0.00000 0.05188 0.00000 ( 1)
   2 D   0.94812 0.00000 0.05188 0.00000 ( 1)
   3 R   0.00000 0.94812 0.00000 0.05188 ( 2)
   4 T   0.94812 0.00000 0.05188 0.00000 ( 1)
   5 E   0.94812 0.00000 0.05188 0.00000 ( 1)
   6 Y   0.00000 0.94812 0.00000 0.05188 ( 2)
   7 Y   0.81932 0.12879 0.04483 0.00705 ( 1)
   8 I   0.00000 0.94812 0.00000 0.05188 ( 2)
   9 Y   0.00009 0.76115 0.01602 0.22274 ( 2)
  10 G   0.07386 0.00000 0.92614 0.00000 ( 3)
  11 A   0.98841 0.00000 0.01159 0.00000 ( 1)
  12 Y   0.00081 0.00000 0.99919 0.00000 ( 3)
  13 F   0.41699 0.00000 0.58301 0.00000 ( 3)
  14 A   0.99327 0.00000 0.00673 0.00000 ( 1)
  15 P   0.31053 0.00000 0.68947 0.00000 ( 3)
  16 L   0.01718 0.00000 0.98282 0.00000 ( 3)
  17 R   0.99748 0.00000 0.00252 0.00000 ( 1)
  18 S   0.82171 0.00000 0.17829 0.00000 ( 1)
  19 G   0.00000 0.95125 0.00000 0.04875 ( 2)
  20 G   0.00000 0.97367 0.00000 0.02633 ( 2)
  21 E   0.95512 0.00000 0.04488 0.00000 ( 1)
  22 R   0.78268 0.00000 0.21732 0.00000 ( 1)
  23 M   0.88544 0.00000 0.11456 0.00000 ( 1)
  24 L   0.99619 0.00000 0.00381 0.00000 ( 1)
  25 G   0.99882 0.00000 0.00118 0.00000 ( 1)
  26 E   0.99771 0.00000 0.00229 0.00000 ( 1)
  27 G   0.99899 0.00000 0.00101 0.00000 ( 1)
  28 L   0.99567 0.00000 0.00433 0.00000 ( 1)
  29 T   0.99392 0.00000 0.00608 0.00000 ( 1)
  30 G   0.21379 0.00000 0.78621 0.00000 ( 3)
  31 E   0.99373 0.00000 0.00627 0.00000 ( 1)
  32 D   0.99858 0.00000 0.00142 0.00000 ( 1)
  33 L   0.98411 0.00000 0.01589 0.00000 ( 1)
  34 A   0.99734 0.00000 0.00266 0.00000 ( 1)
  35 M   0.99400 0.00000 0.00600 0.00000 ( 1)
  36 I   0.99170 0.00000 0.00830 0.00000 ( 1)
  37 P   0.99840 0.00000 0.00160 0.00000 ( 1)
  38 E   0.61382 0.00000 0.38618 0.00000 ( 1)
  39 H   0.99924 0.00000 0.00076 0.00000 ( 1)
  40 W   0.99949 0.00000 0.00051 0.00000 ( 1)
  41 F   0.99660 0.00000 0.00340 0.00000 ( 1)
  42 K   0.00003 0.94437 0.00000 0.05560 ( 2)
  43 Y   0.99855 0.00000 0.00145 0.00000 ( 1)
  44 P   0.98360 0.00000 0.01640 0.00000 ( 1)
  45 E   0.99614 0.00000 0.00386 0.00000 ( 1)
  46 P   0.99885 0.00000 0.00115 0.00000 ( 1)
  47 P   0.99841 0.00000 0.00159 0.00000 ( 1)
  48 A   0.69142 0.00000 0.30858 0.00000 ( 1)
  49 S   0.99251 0.00000 0.00749 0.00000 ( 1)
  50 A   0.98902 0.00000 0.01098 0.00000 ( 1)
  51 H   0.99924 0.00000 0.00076 0.00000 ( 1)
  52 T   0.99744 0.00000 0.00256 0.00000 ( 1)
  53 A   0.99431 0.00000 0.00569 0.00000 ( 1)
  54 L   0.99858 0.00000 0.00142 0.00000 ( 1)
  55 C   0.99652 0.00000 0.00348 0.00000 ( 1)
  56 L   0.98593 0.00000 0.01407 0.00000 ( 1)
  57 L   0.99862 0.00000 0.00138 0.00000 ( 1)
  58 Y   0.99910 0.00000 0.00090 0.00000 ( 1)
  59 C   0.98759 0.00223 0.01011 0.00006 ( 1)
  60 F   0.99542 0.00000 0.00458 0.00000 ( 1)
  61 F   0.99854 0.00000 0.00146 0.00000 ( 1)
  62 T   0.99571 0.00000 0.00429 0.00000 ( 1)
  63 A   0.98938 0.00000 0.01062 0.00000 ( 1)
  64 A   0.99512 0.00000 0.00488 0.00000 ( 1)
  65 A   0.99576 0.00000 0.00424 0.00000 ( 1)
  66 L   0.99830 0.00000 0.00170 0.00000 ( 1)
  67 I   0.98947 0.00000 0.01053 0.00000 ( 1)
  68 G   0.99899 0.00000 0.00101 0.00000 ( 1)
  69 N   0.99892 0.00000 0.00108 0.00000 ( 1)
  70 G   0.98672 0.00000 0.01328 0.00000 ( 1)
  71 M   0.98959 0.00000 0.01041 0.00000 ( 1)
  72 V   0.99679 0.00000 0.00321 0.00000 ( 1)
  73 I   0.99507 0.00000 0.00493 0.00000 ( 1)
  74 F   0.99821 0.00000 0.00179 0.00000 ( 1)
  75 I   0.98833 0.00000 0.01167 0.00000 ( 1)
  76 F   0.99753 0.00000 0.00247 0.00000 ( 1)
  77 A   0.98927 0.00000 0.01073 0.00000 ( 1)
  78 S   0.99766 0.00000 0.00234 0.00000 ( 1)
  79 T   0.99476 0.00000 0.00524 0.00000 ( 1)
  80 K   0.99843 0.00000 0.00157 0.00000 ( 1)
  81 S   0.99807 0.00000 0.00193 0.00000 ( 1)
  82 L   0.99721 0.00000 0.00279 0.00000 ( 1)
  83 R   0.99855 0.00000 0.00145 0.00000 ( 1)
  84 T   0.99340 0.00000 0.00660 0.00000 ( 1)
  85 A   0.99188 0.00000 0.00812 0.00000 ( 1)
  86 S   0.99906 0.00000 0.00094 0.00000 ( 1)
  87 N   0.99861 0.00000 0.00139 0.00000 ( 1)
  88 L   0.81088 0.00000 0.18912 0.00000 ( 1)
  89 L   0.98864 0.00000 0.01136 0.00000 ( 1)
  90 I   0.95885 0.00000 0.04115 0.00000 ( 1)
  91 L   0.99792 0.00000 0.00208 0.00000 ( 1)
  92 N   0.99643 0.00000 0.00357 0.00000 ( 1)
  93 L   0.98631 0.00000 0.01369 0.00000 ( 1)
  94 A   0.99181 0.00000 0.00819 0.00000 ( 1)
  95 I   0.98937 0.00000 0.01063 0.00000 ( 1)
  96 F   0.73956 0.00000 0.26044 0.00000 ( 1)
  97 D   0.99860 0.00000 0.00140 0.00000 ( 1)
  98 F   0.99708 0.00000 0.00292 0.00000 ( 1)
  99 I   0.99472 0.00000 0.00528 0.00000 ( 1)
 100 M   0.99865 0.00000 0.00135 0.00000 ( 1)
 101 M   0.99865 0.00000 0.00135 0.00000 ( 1)
 102 L   0.99768 0.00000 0.00232 0.00000 ( 1)
 103 K   0.99786 0.00000 0.00214 0.00000 ( 1)
 104 A   0.99765 0.00000 0.00235 0.00000 ( 1)
 105 P   0.99830 0.00000 0.00170 0.00000 ( 1)
 106 I   0.99648 0.00000 0.00352 0.00000 ( 1)
 107 F   0.99849 0.00000 0.00151 0.00000 ( 1)
 108 I   0.99749 0.00000 0.00251 0.00000 ( 1)
 109 Y   0.99910 0.00000 0.00090 0.00000 ( 1)
 110 N   0.99870 0.00000 0.00130 0.00000 ( 1)
 111 S   0.99695 0.00000 0.00305 0.00000 ( 1)
 112 A   0.99683 0.00000 0.00317 0.00000 ( 1)
 113 M   0.99865 0.00000 0.00135 0.00000 ( 1)
 114 R   0.99458 0.00000 0.00542 0.00000 ( 1)
 115 G   0.99318 0.00000 0.00682 0.00000 ( 1)
 116 F   0.99842 0.00000 0.00158 0.00000 ( 1)
 117 A   0.99145 0.00000 0.00855 0.00000 ( 1)
 118 A   0.00000 0.98689 0.00000 0.01311 ( 2)
 119 G   0.99537 0.00000 0.00463 0.00000 ( 1)
 120 A   0.98937 0.00000 0.01063 0.00000 ( 1)
 121 L   0.00000 0.97696 0.00000 0.02304 ( 2)
 122 W   0.99854 0.00000 0.00146 0.00000 ( 1)
 123 C   0.99509 0.00000 0.00491 0.00000 ( 1)
 124 K   0.99935 0.00000 0.00065 0.00000 ( 1)
 125 I   0.97988 0.00000 0.02012 0.00000 ( 1)
 126 F   0.99809 0.00000 0.00191 0.00000 ( 1)
 127 A   0.99185 0.00000 0.00815 0.00000 ( 1)
 128 V   0.99855 0.00000 0.00145 0.00000 ( 1)
 129 M   0.99865 0.00000 0.00135 0.00000 ( 1)
 130 G   0.99885 0.00000 0.00115 0.00000 ( 1)
 131 S   0.99726 0.00000 0.00274 0.00000 ( 1)
 132 Y   0.99908 0.00000 0.00092 0.00000 ( 1)
 133 S   0.99905 0.00000 0.00095 0.00000 ( 1)
 134 G   0.99718 0.00000 0.00282 0.00000 ( 1)
 135 I   0.99752 0.00000 0.00248 0.00000 ( 1)
 136 G   0.99651 0.00000 0.00349 0.00000 ( 1)
 137 A   0.99328 0.00000 0.00672 0.00000 ( 1)
 138 A   0.05171 0.00000 0.94829 0.00000 ( 3)
 139 M   0.99865 0.00000 0.00135 0.00000 ( 1)
 140 T   0.99759 0.00000 0.00241 0.00000 ( 1)
 141 N   0.99867 0.00000 0.00133 0.00000 ( 1)
 142 A   0.99599 0.00000 0.00401 0.00000 ( 1)
 143 C   0.99933 0.00000 0.00067 0.00000 ( 1)
 144 I   0.99299 0.00000 0.00701 0.00000 ( 1)
 145 A   0.99453 0.00000 0.00547 0.00000 ( 1)
 146 Y   0.99775 0.00000 0.00225 0.00000 ( 1)
 147 D   0.99856 0.00000 0.00144 0.00000 ( 1)
 148 R   0.99651 0.00000 0.00349 0.00000 ( 1)
 149 H   0.99887 0.00000 0.00113 0.00000 ( 1)
 150 S   0.99825 0.00000 0.00175 0.00000 ( 1)
 151 T   0.99552 0.00000 0.00448 0.00000 ( 1)
 152 I   0.99745 0.00000 0.00255 0.00000 ( 1)
 153 T   0.99740 0.00000 0.00260 0.00000 ( 1)
 154 R   0.99938 0.00000 0.00062 0.00000 ( 1)
 155 P   0.99866 0.00000 0.00134 0.00000 ( 1)
 156 L   0.99831 0.00000 0.00169 0.00000 ( 1)
 157 D   0.99838 0.00000 0.00162 0.00000 ( 1)
 158 G   0.99857 0.00000 0.00143 0.00000 ( 1)
 159 R   0.99921 0.00000 0.00079 0.00000 ( 1)
 160 L   0.99831 0.00000 0.00169 0.00000 ( 1)
 161 S   0.99550 0.00000 0.00450 0.00000 ( 1)
 162 R   0.99247 0.00000 0.00753 0.00000 ( 1)
 163 G   0.99577 0.00000 0.00423 0.00000 ( 1)
 164 K   0.99853 0.00000 0.00147 0.00000 ( 1)
 165 V   0.99710 0.00000 0.00290 0.00000 ( 1)
 166 L   0.99611 0.00000 0.00389 0.00000 ( 1)
 167 L   0.99835 0.00000 0.00165 0.00000 ( 1)
 168 M   0.69426 0.00000 0.30574 0.00000 ( 1)
 169 I   0.99531 0.00000 0.00469 0.00000 ( 1)
 170 I   0.99738 0.00000 0.00262 0.00000 ( 1)
 171 C   0.32943 0.00000 0.67057 0.00000 ( 3)
 172 I   0.99602 0.00000 0.00398 0.00000 ( 1)
 173 W   0.99949 0.00000 0.00051 0.00000 ( 1)
 174 I   0.47636 0.00000 0.52364 0.00000 ( 3)
 175 Y   0.99910 0.00000 0.00090 0.00000 ( 1)
 176 T   0.65906 0.00000 0.34094 0.00000 ( 1)
 177 T   0.99778 0.00000 0.00222 0.00000 ( 1)
 178 P   0.99137 0.00000 0.00863 0.00000 ( 1)
 179 W   0.99949 0.00000 0.00051 0.00000 ( 1)
 180 S   0.99272 0.00000 0.00728 0.00000 ( 1)
 181 L   0.99682 0.00000 0.00318 0.00000 ( 1)
 182 M   0.99838 0.00000 0.00162 0.00000 ( 1)
 183 P   0.98872 0.00000 0.01128 0.00000 ( 1)
 184 L   0.99812 0.00000 0.00188 0.00000 ( 1)
 185 F   0.11574 0.00000 0.88426 0.00000 ( 3)
 186 R   0.99464 0.00000 0.00536 0.00000 ( 1)
 187 V   0.99767 0.00000 0.00233 0.00000 ( 1)
 188 W   0.99949 0.00000 0.00051 0.00000 ( 1)
 189 G   0.99755 0.00000 0.00245 0.00000 ( 1)
 190 R   0.89882 0.00000 0.10118 0.00000 ( 1)
 191 F   0.37339 0.00000 0.62661 0.00000 ( 3)
 192 V   0.99352 0.00000 0.00648 0.00000 ( 1)
 193 P   0.99872 0.00000 0.00128 0.00000 ( 1)
 194 E   0.99881 0.00000 0.00119 0.00000 ( 1)
 195 G   0.99885 0.00000 0.00115 0.00000 ( 1)
 196 Y   0.99909 0.00000 0.00091 0.00000 ( 1)
 197 L   0.99769 0.00000 0.00231 0.00000 ( 1)
 198 T   0.99504 0.00000 0.00496 0.00000 ( 1)
 199 S   0.99854 0.00000 0.00146 0.00000 ( 1)
 200 C   0.99930 0.00000 0.00070 0.00000 ( 1)
 201 T   0.99748 0.00000 0.00252 0.00000 ( 1)
 202 F   0.99851 0.00000 0.00149 0.00000 ( 1)
 203 D   0.99855 0.00000 0.00145 0.00000 ( 1)
 204 Y   0.99908 0.00000 0.00092 0.00000 ( 1)
 205 L   0.99590 0.00000 0.00410 0.00000 ( 1)
 206 T   0.99408 0.00000 0.00592 0.00000 ( 1)
 207 N   0.99866 0.00000 0.00134 0.00000 ( 1)
 208 S   0.99759 0.00000 0.00241 0.00000 ( 1)
 209 F   0.99854 0.00000 0.00146 0.00000 ( 1)
 210 D   0.99860 0.00000 0.00140 0.00000 ( 1)
 211 N   0.99754 0.00000 0.00246 0.00000 ( 1)
 212 K   0.99889 0.00000 0.00111 0.00000 ( 1)
 213 L   0.99841 0.00000 0.00159 0.00000 ( 1)
 214 F   0.99852 0.00000 0.00148 0.00000 ( 1)
 215 V   0.99394 0.00000 0.00606 0.00000 ( 1)
 216 G   0.99711 0.00000 0.00289 0.00000 ( 1)
 217 C   0.99934 0.00000 0.00066 0.00000 ( 1)
 218 I   0.99750 0.00000 0.00250 0.00000 ( 1)
 219 F   0.99854 0.00000 0.00146 0.00000 ( 1)
 220 T   0.00000 0.99128 0.00000 0.00872 ( 2)
 221 C   0.99934 0.00000 0.00066 0.00000 ( 1)
 222 S   0.99906 0.00000 0.00094 0.00000 ( 1)
 223 Y   0.99910 0.00000 0.00090 0.00000 ( 1)
 224 V   0.99562 0.00000 0.00438 0.00000 ( 1)
 225 F   0.20558 0.00000 0.79442 0.00000 ( 3)
 226 P   0.99811 0.00000 0.00189 0.00000 ( 1)
 227 M   0.99865 0.00000 0.00135 0.00000 ( 1)
 228 L   0.99836 0.00000 0.00164 0.00000 ( 1)
 229 C   0.87121 0.00000 0.12879 0.00000 ( 1)
 230 I   0.99746 0.00000 0.00254 0.00000 ( 1)
 231 I   0.73766 0.00000 0.26234 0.00000 ( 1)
 232 Y   0.99904 0.00000 0.00096 0.00000 ( 1)
 233 F   0.99855 0.00000 0.00145 0.00000 ( 1)
 234 Y   0.99510 0.00000 0.00490 0.00000 ( 1)
 235 S   0.99902 0.00000 0.00098 0.00000 ( 1)
 236 G   0.99874 0.00000 0.00126 0.00000 ( 1)
 237 I   0.99727 0.00000 0.00273 0.00000 ( 1)
 238 V   0.99605 0.00000 0.00395 0.00000 ( 1)
 239 K   0.99870 0.00000 0.00130 0.00000 ( 1)
 240 Q   0.99900 0.00000 0.00100 0.00000 ( 1)
 241 V   0.99717 0.00000 0.00283 0.00000 ( 1)
 242 F   0.99812 0.00000 0.00188 0.00000 ( 1)
 243 A   0.99420 0.00000 0.00580 0.00000 ( 1)
 244 H   0.99923 0.00000 0.00077 0.00000 ( 1)
 245 E   0.99839 0.00000 0.00161 0.00000 ( 1)
 246 A   0.99614 0.00000 0.00386 0.00000 ( 1)
 247 A   0.99493 0.00000 0.00507 0.00000 ( 1)
 248 L   0.99687 0.00000 0.00313 0.00000 ( 1)
 249 R   0.99917 0.00000 0.00083 0.00000 ( 1)
 250 E   0.99640 0.00000 0.00360 0.00000 ( 1)
 251 Q   0.99937 0.00000 0.00063 0.00000 ( 1)
 252 A   0.99463 0.00000 0.00537 0.00000 ( 1)
 253 K   0.99889 0.00000 0.00111 0.00000 ( 1)
 254 K   0.99544 0.00000 0.00456 0.00000 ( 1)
 255 M   0.99865 0.00000 0.00135 0.00000 ( 1)
 256 N   0.99759 0.00000 0.00241 0.00000 ( 1)
 257 V   0.98506 0.00000 0.01494 0.00000 ( 1)
 258 E   0.68534 0.00000 0.31466 0.00000 ( 1)
 259 S   0.99788 0.00000 0.00212 0.00000 ( 1)
 260 L   0.99836 0.00000 0.00164 0.00000 ( 1)
 261 R   0.99873 0.00000 0.00127 0.00000 ( 1)
 262 S   0.99690 0.00000 0.00310 0.00000 ( 1)
 263 N   0.99866 0.00000 0.00134 0.00000 ( 1)
 264 Q   0.99935 0.00000 0.00065 0.00000 ( 1)
 265 N   0.99792 0.00000 0.00208 0.00000 ( 1)
 266 A   0.63126 0.00000 0.36874 0.00000 ( 1)
 267 G   0.00363 0.97777 0.00003 0.01857 ( 2)
 268 A   0.99621 0.00000 0.00379 0.00000 ( 1)
 269 E   0.99536 0.00000 0.00464 0.00000 ( 1)
 270 S   0.98930 0.00000 0.01070 0.00000 ( 1)
 271 A   0.99704 0.00000 0.00296 0.00000 ( 1)
 272 E   0.99871 0.00000 0.00129 0.00000 ( 1)
 273 I   0.99748 0.00000 0.00252 0.00000 ( 1)
 274 R   0.99936 0.00000 0.00064 0.00000 ( 1)
 275 I   0.99706 0.00000 0.00294 0.00000 ( 1)
 276 A   0.99705 0.00000 0.00295 0.00000 ( 1)
 277 K   0.99856 0.00000 0.00144 0.00000 ( 1)
 278 A   0.99745 0.00000 0.00255 0.00000 ( 1)
 279 A   0.99763 0.00000 0.00237 0.00000 ( 1)
 280 L   0.99840 0.00000 0.00160 0.00000 ( 1)
 281 T   0.99749 0.00000 0.00251 0.00000 ( 1)
 282 V   0.99579 0.00000 0.00421 0.00000 ( 1)
 283 C   0.99934 0.00000 0.00066 0.00000 ( 1)
 284 F   0.99853 0.00000 0.00147 0.00000 ( 1)
 285 L   0.99837 0.00000 0.00163 0.00000 ( 1)
 286 F   0.99855 0.00000 0.00145 0.00000 ( 1)
 287 V   0.99433 0.00000 0.00567 0.00000 ( 1)
 288 A   0.99473 0.00000 0.00527 0.00000 ( 1)
 289 S   0.99869 0.00000 0.00131 0.00000 ( 1)
 290 W   0.99949 0.00000 0.00051 0.00000 ( 1)
 291 T   0.99473 0.00000 0.00527 0.00000 ( 1)
 292 P   0.99413 0.00000 0.00587 0.00000 ( 1)
 293 Y   0.99910 0.00000 0.00090 0.00000 ( 1)
 294 G   0.99698 0.00000 0.00302 0.00000 ( 1)
 295 V   0.99272 0.00000 0.00728 0.00000 ( 1)
 296 M   0.99865 0.00000 0.00135 0.00000 ( 1)
 297 S   0.99872 0.00000 0.00128 0.00000 ( 1)
 298 L   0.99857 0.00000 0.00143 0.00000 ( 1)
 299 I   0.99747 0.00000 0.00253 0.00000 ( 1)
 300 G   0.98954 0.00000 0.01046 0.00000 ( 1)
 301 A   0.99711 0.00000 0.00289 0.00000 ( 1)
 302 F   0.99853 0.00000 0.00147 0.00000 ( 1)
 303 G   0.99748 0.00000 0.00252 0.00000 ( 1)
 304 D   0.99856 0.00000 0.00144 0.00000 ( 1)
 305 Q   0.99932 0.00000 0.00068 0.00000 ( 1)
 306 E   0.96534 0.00007 0.03458 0.00000 ( 1)
 307 L   0.99842 0.00000 0.00158 0.00000 ( 1)
 308 L   0.99797 0.00000 0.00203 0.00000 ( 1)
 309 T   0.99380 0.00000 0.00620 0.00000 ( 1)
 310 P   0.99830 0.00000 0.00170 0.00000 ( 1)
 311 G   0.99902 0.00000 0.00098 0.00000 ( 1)
 312 V   0.99690 0.00000 0.00310 0.00000 ( 1)
 313 T   0.99751 0.00000 0.00249 0.00000 ( 1)
 314 M   0.99865 0.00000 0.00135 0.00000 ( 1)
 315 I   0.99780 0.00000 0.00220 0.00000 ( 1)
 316 P   0.99866 0.00000 0.00134 0.00000 ( 1)
 317 A   0.99467 0.00000 0.00533 0.00000 ( 1)
 318 I   0.98879 0.00000 0.01121 0.00000 ( 1)
 319 T   0.99405 0.00000 0.00595 0.00000 ( 1)
 320 C   0.99844 0.00000 0.00156 0.00000 ( 1)
 321 K   0.99519 0.00000 0.00481 0.00000 ( 1)
 322 A   0.99318 0.00000 0.00682 0.00000 ( 1)
 323 V   0.98913 0.00000 0.01087 0.00000 ( 1)
 324 A   0.99371 0.00000 0.00629 0.00000 ( 1)
 325 C   0.99494 0.00000 0.00506 0.00000 ( 1)
 326 I   0.99832 0.00000 0.00168 0.00000 ( 1)
 327 D   0.99762 0.00000 0.00238 0.00000 ( 1)
 328 P   0.99840 0.00000 0.00160 0.00000 ( 1)
 329 W   0.99949 0.00000 0.00051 0.00000 ( 1)
 330 V   0.99325 0.00000 0.00675 0.00000 ( 1)
 331 Y   0.99762 0.00000 0.00238 0.00000 ( 1)
 332 A   0.98934 0.00000 0.01066 0.00000 ( 1)
 333 I   0.99740 0.00000 0.00260 0.00000 ( 1)
 334 S   0.99807 0.00000 0.00193 0.00000 ( 1)
 335 H   0.99940 0.00000 0.00060 0.00000 ( 1)
 336 P   0.99826 0.00000 0.00174 0.00000 ( 1)
 337 K   0.62568 0.00000 0.37432 0.00000 ( 1)
 338 Y   0.99828 0.00000 0.00172 0.00000 ( 1)
 339 R   0.99568 0.00000 0.00432 0.00000 ( 1)
 340 Q   0.99900 0.00000 0.00100 0.00000 ( 1)
 341 E   0.99796 0.00000 0.00204 0.00000 ( 1)
 342 L   0.99353 0.00000 0.00647 0.00000 ( 1)
 343 Q   0.99920 0.00000 0.00080 0.00000 ( 1)
 344 R   0.94042 0.00000 0.05958 0.00000 ( 1)
 345 R   0.99707 0.00000 0.00293 0.00000 ( 1)
 346 M   0.99844 0.00000 0.00156 0.00000 ( 1)
 347 P   0.99680 0.00000 0.00320 0.00000 ( 1)
 348 W   0.99948 0.00000 0.00052 0.00000 ( 1)
 349 L   0.99604 0.00000 0.00396 0.00000 ( 1)
 350 Q   0.99755 0.00000 0.00245 0.00000 ( 1)
 351 I   0.99416 0.00000 0.00584 0.00000 ( 1)
 352 S   0.99530 0.00000 0.00470 0.00000 ( 1)
 353 E   0.99834 0.00000 0.00166 0.00000 ( 1)
 354 P   0.99563 0.00000 0.00437 0.00000 ( 1)
 355 D   0.26544 0.00000 0.73456 0.00000 ( 3)
 356 D   0.99824 0.00000 0.00176 0.00000 ( 1)
 357 N   0.03448 0.00000 0.96552 0.00000 ( 3)
 358 T   0.00000 0.95508 0.00000 0.04492 ( 2)
 359 S   0.99523 0.00000 0.00477 0.00000 ( 1)
 360 N   0.99601 0.00000 0.00399 0.00000 ( 1)
 361 T   0.99284 0.00000 0.00716 0.00000 ( 1)
 362 S   0.99629 0.00000 0.00371 0.00000 ( 1)
 363 N   0.96950 0.00000 0.03050 0.00000 ( 1)
 364 T   0.97634 0.00000 0.02366 0.00000 ( 1)
 365 T   0.61382 0.00000 0.38618 0.00000 ( 1)
 366 T   0.99205 0.00000 0.00795 0.00000 ( 1)
 367 N   0.98816 0.00000 0.01184 0.00000 ( 1)
 368 S   0.00000 0.96963 0.00000 0.03037 ( 2)
 369 A   0.00000 0.98209 0.00000 0.01791 ( 2)
 370 A   0.25730 0.00000 0.74270 0.00000 ( 3)
 371 P   0.20282 0.00000 0.79718 0.00000 ( 3)


lnL = -75803.551640

Bayes Empirical Bayes (BEB) probabilities for 4 classes (class)
(amino acids refer to 1st sequence: ColCroc)

   1 M   0.93689 0.00000 0.06311 0.00000 ( 1)
   2 D   0.93689 0.00000 0.06311 0.00000 ( 1)
   3 R   0.00000 0.93689 0.00000 0.06311 ( 2)
   4 T   0.93689 0.00000 0.06311 0.00000 ( 1)
   5 E   0.93689 0.00000 0.06311 0.00000 ( 1)
   6 Y   0.00000 0.93689 0.00000 0.06311 ( 2)
   7 Y   0.93676 0.00012 0.06311 0.00001 ( 1)
   8 I   0.00032 0.93656 0.00002 0.06309 ( 2)
   9 Y   0.01405 0.10675 0.85857 0.02063 ( 3)
  10 G   0.21185 0.00000 0.78815 0.00000 ( 3)
  11 A   0.97802 0.00000 0.02198 0.00000 ( 1)
  12 Y   0.00682 0.00000 0.99318 0.00000 ( 3)
  13 F   0.44713 0.00000 0.55287 0.00000 ( 3)
  14 A   0.97826 0.00000 0.02174 0.00000 ( 1)
  15 P   0.42908 0.00000 0.57092 0.00000 ( 3)
  16 L   0.06382 0.00000 0.93618 0.00000 ( 3)
  17 R   0.97838 0.00000 0.02162 0.00000 ( 1)
  18 S   0.65510 0.00000 0.34490 0.00000 ( 1)
  19 G   0.00000 0.92689 0.00000 0.07311 ( 2)
  20 G   0.00000 0.95299 0.00000 0.04701 ( 2)
  21 E   0.95348 0.00000 0.04652 0.00000 ( 1)
  22 R   0.62409 0.00000 0.37591 0.00000 ( 1)
  23 M   0.76814 0.00000 0.23186 0.00000 ( 1)
  24 L   0.97181 0.00000 0.02819 0.00000 ( 1)
  25 G   0.97961 0.00000 0.02039 0.00000 ( 1)
  26 E   0.97868 0.00000 0.02132 0.00000 ( 1)
  27 G   0.97713 0.00000 0.02287 0.00000 ( 1)
  28 L   0.97188 0.00000 0.02812 0.00000 ( 1)
  29 T   0.97263 0.00000 0.02737 0.00000 ( 1)
  30 G   0.47354 0.00000 0.52646 0.00000 ( 3)
  31 E   0.96798 0.00000 0.03202 0.00000 ( 1)
  32 D   0.97970 0.00000 0.02030 0.00000 ( 1)
  33 L   0.95966 0.00000 0.04034 0.00000 ( 1)
  34 A   0.98074 0.00000 0.01926 0.00000 ( 1)
  35 M   0.97781 0.00000 0.02219 0.00000 ( 1)
  36 I   0.97047 0.00000 0.02953 0.00000 ( 1)
  37 P   0.97935 0.00000 0.02065 0.00000 ( 1)
  38 E   0.47640 0.00000 0.52360 0.00000 ( 3)
  39 H   0.97932 0.00000 0.02068 0.00000 ( 1)
  40 W   0.97262 0.00000 0.02738 0.00000 ( 1)
  41 F   0.97554 0.00000 0.02446 0.00000 ( 1)
  42 K   0.08783 0.86373 0.00518 0.04325 ( 2)
  43 Y   0.98293 0.00000 0.01707 0.00000 ( 1)
  44 P   0.96922 0.00000 0.03078 0.00000 ( 1)
  45 E   0.97861 0.00000 0.02139 0.00000 ( 1)
  46 P   0.97682 0.00000 0.02318 0.00000 ( 1)
  47 P   0.97636 0.00000 0.02364 0.00000 ( 1)
  48 A   0.59839 0.00000 0.40161 0.00000 ( 1)
  49 S   0.96921 0.00000 0.03079 0.00000 ( 1)
  50 A   0.97971 0.00000 0.02029 0.00000 ( 1)
  51 H   0.97932 0.00000 0.02068 0.00000 ( 1)
  52 T   0.98095 0.00000 0.01905 0.00000 ( 1)
  53 A   0.97849 0.00000 0.02151 0.00000 ( 1)
  54 L   0.97986 0.00000 0.02014 0.00000 ( 1)
  55 C   0.98063 0.00000 0.01937 0.00000 ( 1)
  56 L   0.96837 0.00000 0.03163 0.00000 ( 1)
  57 L   0.97987 0.00000 0.02013 0.00000 ( 1)
  58 Y   0.97705 0.00000 0.02295 0.00000 ( 1)
  59 C   0.97946 0.00000 0.02054 0.00000 ( 1)
  60 F   0.97962 0.00000 0.02038 0.00000 ( 1)
  61 F   0.98292 0.00000 0.01708 0.00000 ( 1)
  62 T   0.97819 0.00000 0.02181 0.00000 ( 1)
  63 A   0.97839 0.00000 0.02161 0.00000 ( 1)
  64 A   0.98034 0.00000 0.01966 0.00000 ( 1)
  65 A   0.97857 0.00000 0.02143 0.00000 ( 1)
  66 L   0.97611 0.00000 0.02389 0.00000 ( 1)
  67 I   0.97940 0.00000 0.02060 0.00000 ( 1)
  68 G   0.97547 0.00000 0.02453 0.00000 ( 1)
  69 N   0.97978 0.00000 0.02022 0.00000 ( 1)
  70 G   0.97362 0.00000 0.02638 0.00000 ( 1)
  71 M   0.97574 0.00000 0.02426 0.00000 ( 1)
  72 V   0.98047 0.00000 0.01953 0.00000 ( 1)
  73 I   0.98200 0.00000 0.01800 0.00000 ( 1)
  74 F   0.97864 0.00000 0.02136 0.00000 ( 1)
  75 I   0.95821 0.00000 0.04179 0.00000 ( 1)
  76 F   0.98002 0.00000 0.01998 0.00000 ( 1)
  77 A   0.97454 0.00000 0.02546 0.00000 ( 1)
  78 S   0.97851 0.00000 0.02149 0.00000 ( 1)
  79 T   0.97263 0.00000 0.02737 0.00000 ( 1)
  80 K   0.97958 0.00000 0.02042 0.00000 ( 1)
  81 S   0.97872 0.00000 0.02128 0.00000 ( 1)
  82 L   0.97547 0.00000 0.02453 0.00000 ( 1)
  83 R   0.96561 0.00000 0.03439 0.00000 ( 1)
  84 T   0.97839 0.00000 0.02161 0.00000 ( 1)
  85 A   0.97467 0.00000 0.02533 0.00000 ( 1)
  86 S   0.98202 0.00000 0.01798 0.00000 ( 1)
  87 N   0.98253 0.00000 0.01747 0.00000 ( 1)
  88 L   0.65111 0.00000 0.34889 0.00000 ( 1)
  89 L   0.97632 0.00000 0.02368 0.00000 ( 1)
  90 I   0.93962 0.00000 0.06038 0.00000 ( 1)
  91 L   0.97165 0.00000 0.02835 0.00000 ( 1)
  92 N   0.98056 0.00000 0.01944 0.00000 ( 1)
  93 L   0.97533 0.00000 0.02467 0.00000 ( 1)
  94 A   0.98004 0.00000 0.01996 0.00000 ( 1)
  95 I   0.97260 0.00000 0.02740 0.00000 ( 1)
  96 F   0.69804 0.00000 0.30196 0.00000 ( 1)
  97 D   0.98269 0.00000 0.01731 0.00000 ( 1)
  98 F   0.97993 0.00000 0.02007 0.00000 ( 1)
  99 I   0.98182 0.00000 0.01818 0.00000 ( 1)
 100 M   0.98723 0.00000 0.01277 0.00000 ( 1)
 101 M   0.98723 0.00000 0.01277 0.00000 ( 1)
 102 L   0.97871 0.00000 0.02129 0.00000 ( 1)
 103 K   0.97897 0.00000 0.02103 0.00000 ( 1)
 104 A   0.97871 0.00000 0.02129 0.00000 ( 1)
 105 P   0.97931 0.00000 0.02069 0.00000 ( 1)
 106 I   0.98245 0.00000 0.01755 0.00000 ( 1)
 107 F   0.98290 0.00000 0.01710 0.00000 ( 1)
 108 I   0.98285 0.00000 0.01715 0.00000 ( 1)
 109 Y   0.97704 0.00000 0.02296 0.00000 ( 1)
 110 N   0.98258 0.00000 0.01742 0.00000 ( 1)
 111 S   0.97859 0.00000 0.02141 0.00000 ( 1)
 112 A   0.97866 0.00000 0.02134 0.00000 ( 1)
 113 M   0.98723 0.00000 0.01277 0.00000 ( 1)
 114 R   0.96921 0.00000 0.03079 0.00000 ( 1)
 115 G   0.97499 0.00000 0.02501 0.00000 ( 1)
 116 F   0.98284 0.00000 0.01716 0.00000 ( 1)
 117 A   0.97846 0.00000 0.02154 0.00000 ( 1)
 118 A   0.00000 0.96054 0.00000 0.03946 ( 2)
 119 G   0.97635 0.00000 0.02365 0.00000 ( 1)
 120 A   0.96641 0.00000 0.03359 0.00000 ( 1)
 121 L   0.00000 0.95546 0.00000 0.04454 ( 2)
 122 W   0.97953 0.00000 0.02047 0.00000 ( 1)
 123 C   0.97410 0.00000 0.02590 0.00000 ( 1)
 124 K   0.97339 0.00000 0.02661 0.00000 ( 1)
 125 I   0.96538 0.00000 0.03462 0.00000 ( 1)
 126 F   0.98268 0.00000 0.01732 0.00000 ( 1)
 127 A   0.97827 0.00000 0.02173 0.00000 ( 1)
 128 V   0.98290 0.00000 0.01710 0.00000 ( 1)
 129 M   0.98723 0.00000 0.01277 0.00000 ( 1)
 130 G   0.97962 0.00000 0.02038 0.00000 ( 1)
 131 S   0.98072 0.00000 0.01928 0.00000 ( 1)
 132 Y   0.97704 0.00000 0.02296 0.00000 ( 1)
 133 S   0.98201 0.00000 0.01799 0.00000 ( 1)
 134 G   0.97916 0.00000 0.02084 0.00000 ( 1)
 135 I   0.98286 0.00000 0.01714 0.00000 ( 1)
 136 G   0.97551 0.00000 0.02449 0.00000 ( 1)
 137 A   0.98019 0.00000 0.01981 0.00000 ( 1)
 138 A   0.20975 0.00000 0.79025 0.00000 ( 3)
 139 M   0.98722 0.00000 0.01278 0.00000 ( 1)
 140 T   0.98098 0.00000 0.01902 0.00000 ( 1)
 141 N   0.98256 0.00000 0.01744 0.00000 ( 1)
 142 A   0.97784 0.00000 0.02216 0.00000 ( 1)
 143 C   0.97768 0.00000 0.02232 0.00000 ( 1)
 144 I   0.98086 0.00000 0.01914 0.00000 ( 1)
 145 A   0.97757 0.00000 0.02243 0.00000 ( 1)
 146 Y   0.97665 0.00000 0.02335 0.00000 ( 1)
 147 D   0.98267 0.00000 0.01733 0.00000 ( 1)
 148 R   0.97672 0.00000 0.02328 0.00000 ( 1)
 149 H   0.97911 0.00000 0.02089 0.00000 ( 1)
 150 S   0.97530 0.00000 0.02470 0.00000 ( 1)
 151 T   0.97820 0.00000 0.02180 0.00000 ( 1)
 152 I   0.98303 0.00000 0.01697 0.00000 ( 1)
 153 T   0.97898 0.00000 0.02102 0.00000 ( 1)
 154 R   0.97053 0.00000 0.02947 0.00000 ( 1)
 155 P   0.97681 0.00000 0.02319 0.00000 ( 1)
 156 L   0.97156 0.00000 0.02844 0.00000 ( 1)
 157 D   0.98257 0.00000 0.01743 0.00000 ( 1)
 158 G   0.97705 0.00000 0.02295 0.00000 ( 1)
 159 R   0.97048 0.00000 0.02952 0.00000 ( 1)
 160 L   0.97160 0.00000 0.02840 0.00000 ( 1)
 161 S   0.97519 0.00000 0.02481 0.00000 ( 1)
 162 R   0.97354 0.00000 0.02646 0.00000 ( 1)
 163 G   0.97665 0.00000 0.02335 0.00000 ( 1)
 164 K   0.97963 0.00000 0.02037 0.00000 ( 1)
 165 V   0.97859 0.00000 0.02141 0.00000 ( 1)
 166 L   0.98046 0.00000 0.01954 0.00000 ( 1)
 167 L   0.97161 0.00000 0.02839 0.00000 ( 1)
 168 M   0.56752 0.00000 0.43248 0.00000 ( 1)
 169 I   0.97765 0.00000 0.02235 0.00000 ( 1)
 170 I   0.97124 0.00000 0.02876 0.00000 ( 1)
 171 C   0.43472 0.00000 0.56528 0.00000 ( 3)
 172 I   0.97856 0.00000 0.02144 0.00000 ( 1)
 173 W   0.97262 0.00000 0.02738 0.00000 ( 1)
 174 I   0.67703 0.00000 0.32297 0.00000 ( 1)
 175 Y   0.97704 0.00000 0.02296 0.00000 ( 1)
 176 T   0.66826 0.00000 0.33174 0.00000 ( 1)
 177 T   0.97905 0.00000 0.02095 0.00000 ( 1)
 178 P   0.97840 0.00000 0.02160 0.00000 ( 1)
 179 W   0.97262 0.00000 0.02738 0.00000 ( 1)
 180 S   0.98013 0.00000 0.01987 0.00000 ( 1)
 181 L   0.97865 0.00000 0.02135 0.00000 ( 1)
 182 M   0.97158 0.00000 0.02842 0.00000 ( 1)
 183 P   0.97548 0.00000 0.02452 0.00000 ( 1)
 184 L   0.97972 0.00000 0.02028 0.00000 ( 1)
 185 F   0.24271 0.00000 0.75729 0.00000 ( 3)
 186 R   0.97419 0.00000 0.02581 0.00000 ( 1)
 187 V   0.98312 0.00000 0.01688 0.00000 ( 1)
 188 W   0.97262 0.00000 0.02738 0.00000 ( 1)
 189 G   0.97923 0.00000 0.02077 0.00000 ( 1)
 190 R   0.95928 0.00000 0.04072 0.00000 ( 1)
 191 F   0.44768 0.00000 0.55232 0.00000 ( 3)
 192 V   0.97767 0.00000 0.02233 0.00000 ( 1)
 193 P   0.97635 0.00000 0.02365 0.00000 ( 1)
 194 E   0.97998 0.00000 0.02002 0.00000 ( 1)
 195 G   0.97962 0.00000 0.02038 0.00000 ( 1)
 196 Y   0.97704 0.00000 0.02296 0.00000 ( 1)
 197 L   0.97154 0.00000 0.02846 0.00000 ( 1)
 198 T   0.97842 0.00000 0.02158 0.00000 ( 1)
 199 S   0.97534 0.00000 0.02466 0.00000 ( 1)
 200 C   0.97766 0.00000 0.02234 0.00000 ( 1)
 201 T   0.97901 0.00000 0.02099 0.00000 ( 1)
 202 F   0.98291 0.00000 0.01709 0.00000 ( 1)
 203 D   0.98266 0.00000 0.01734 0.00000 ( 1)
 204 Y   0.97704 0.00000 0.02296 0.00000 ( 1)
 205 L   0.97184 0.00000 0.02816 0.00000 ( 1)
 206 T   0.97853 0.00000 0.02147 0.00000 ( 1)
 207 N   0.98254 0.00000 0.01746 0.00000 ( 1)
 208 S   0.97902 0.00000 0.02098 0.00000 ( 1)
 209 F   0.98291 0.00000 0.01709 0.00000 ( 1)
 210 D   0.98269 0.00000 0.01731 0.00000 ( 1)
 211 N   0.97902 0.00000 0.02098 0.00000 ( 1)
 212 K   0.97981 0.00000 0.02019 0.00000 ( 1)
 213 L   0.97161 0.00000 0.02839 0.00000 ( 1)
 214 F   0.98291 0.00000 0.01709 0.00000 ( 1)
 215 V   0.97831 0.00000 0.02169 0.00000 ( 1)
 216 G   0.98070 0.00000 0.01930 0.00000 ( 1)
 217 C   0.97768 0.00000 0.02232 0.00000 ( 1)
 218 I   0.98285 0.00000 0.01715 0.00000 ( 1)
 219 F   0.98293 0.00000 0.01707 0.00000 ( 1)
 220 T   0.00000 0.96209 0.00000 0.03791 ( 2)
 221 C   0.97768 0.00000 0.02232 0.00000 ( 1)
 222 S   0.98202 0.00000 0.01798 0.00000 ( 1)
 223 Y   0.97704 0.00000 0.02296 0.00000 ( 1)
 224 V   0.98027 0.00000 0.01973 0.00000 ( 1)
 225 F   0.46178 0.00000 0.53822 0.00000 ( 3)
 226 P   0.97933 0.00000 0.02067 0.00000 ( 1)
 227 M   0.98723 0.00000 0.01277 0.00000 ( 1)
 228 L   0.98053 0.00000 0.01947 0.00000 ( 1)
 229 C   0.78304 0.00000 0.21696 0.00000 ( 1)
 230 I   0.98282 0.00000 0.01718 0.00000 ( 1)
 231 I   0.62507 0.00000 0.37493 0.00000 ( 1)
 232 Y   0.97703 0.00000 0.02297 0.00000 ( 1)
 233 F   0.98293 0.00000 0.01707 0.00000 ( 1)
 234 Y   0.97399 0.00000 0.02601 0.00000 ( 1)
 235 S   0.98199 0.00000 0.01801 0.00000 ( 1)
 236 G   0.97959 0.00000 0.02041 0.00000 ( 1)
 237 I   0.98277 0.00000 0.01723 0.00000 ( 1)
 238 V   0.98035 0.00000 0.01965 0.00000 ( 1)
 239 K   0.97972 0.00000 0.02028 0.00000 ( 1)
 240 Q   0.97324 0.00000 0.02676 0.00000 ( 1)
 241 V   0.97874 0.00000 0.02126 0.00000 ( 1)
 242 F   0.98269 0.00000 0.01731 0.00000 ( 1)
 243 A   0.97755 0.00000 0.02245 0.00000 ( 1)
 244 H   0.97932 0.00000 0.02068 0.00000 ( 1)
 245 E   0.97980 0.00000 0.02020 0.00000 ( 1)
 246 A   0.98057 0.00000 0.01943 0.00000 ( 1)
 247 A   0.97756 0.00000 0.02244 0.00000 ( 1)
 248 L   0.97920 0.00000 0.02080 0.00000 ( 1)
 249 R   0.97783 0.00000 0.02217 0.00000 ( 1)
 250 E   0.97637 0.00000 0.02363 0.00000 ( 1)
 251 Q   0.97299 0.00000 0.02701 0.00000 ( 1)
 252 A   0.97823 0.00000 0.02177 0.00000 ( 1)
 253 K   0.97982 0.00000 0.02018 0.00000 ( 1)
 254 K   0.97784 0.00000 0.02216 0.00000 ( 1)
 255 M   0.98723 0.00000 0.01277 0.00000 ( 1)
 256 N   0.98042 0.00000 0.01958 0.00000 ( 1)
 257 V   0.96910 0.00000 0.03090 0.00000 ( 1)
 258 E   0.61120 0.00000 0.38880 0.00000 ( 1)
 259 S   0.97529 0.00000 0.02471 0.00000 ( 1)
 260 L   0.97160 0.00000 0.02840 0.00000 ( 1)
 261 R   0.97555 0.00000 0.02445 0.00000 ( 1)
 262 S   0.97865 0.00000 0.02135 0.00000 ( 1)
 263 N   0.98256 0.00000 0.01744 0.00000 ( 1)
 264 Q   0.97340 0.00000 0.02660 0.00000 ( 1)
 265 N   0.97700 0.00000 0.02300 0.00000 ( 1)
 266 A   0.55159 0.00000 0.44841 0.00000 ( 1)
 267 G   0.92564 0.04505 0.02711 0.00221 ( 1)
 268 A   0.97108 0.00000 0.02892 0.00000 ( 1)
 269 E   0.97138 0.00000 0.02862 0.00000 ( 1)
 270 S   0.97708 0.00000 0.02292 0.00000 ( 1)
 271 A   0.97867 0.00000 0.02133 0.00000 ( 1)
 272 E   0.97994 0.00000 0.02006 0.00000 ( 1)
 273 I   0.98284 0.00000 0.01716 0.00000 ( 1)
 274 R   0.97576 0.00000 0.02424 0.00000 ( 1)
 275 I   0.98268 0.00000 0.01732 0.00000 ( 1)
 276 A   0.98069 0.00000 0.01931 0.00000 ( 1)
 277 K   0.97965 0.00000 0.02035 0.00000 ( 1)
 278 A   0.97870 0.00000 0.02130 0.00000 ( 1)
 279 A   0.97871 0.00000 0.02129 0.00000 ( 1)
 280 L   0.97980 0.00000 0.02020 0.00000 ( 1)
 281 T   0.98096 0.00000 0.01904 0.00000 ( 1)
 282 V   0.98030 0.00000 0.01970 0.00000 ( 1)
 283 C   0.97768 0.00000 0.02232 0.00000 ( 1)
 284 F   0.98292 0.00000 0.01708 0.00000 ( 1)
 285 L   0.97157 0.00000 0.02843 0.00000 ( 1)
 286 F   0.98293 0.00000 0.01707 0.00000 ( 1)
 287 V   0.97781 0.00000 0.02219 0.00000 ( 1)
 288 A   0.98038 0.00000 0.01962 0.00000 ( 1)
 289 S   0.97537 0.00000 0.02463 0.00000 ( 1)
 290 W   0.97262 0.00000 0.02738 0.00000 ( 1)
 291 T   0.97804 0.00000 0.02196 0.00000 ( 1)
 292 P   0.97871 0.00000 0.02129 0.00000 ( 1)
 293 Y   0.97704 0.00000 0.02296 0.00000 ( 1)
 294 G   0.97910 0.00000 0.02090 0.00000 ( 1)
 295 V   0.96797 0.00000 0.03203 0.00000 ( 1)
 296 M   0.98723 0.00000 0.01277 0.00000 ( 1)
 297 S   0.97537 0.00000 0.02463 0.00000 ( 1)
 298 L   0.97986 0.00000 0.02014 0.00000 ( 1)
 299 I   0.98283 0.00000 0.01717 0.00000 ( 1)
 300 G   0.97435 0.00000 0.02565 0.00000 ( 1)
 301 A   0.98070 0.00000 0.01930 0.00000 ( 1)
 302 F   0.98292 0.00000 0.01708 0.00000 ( 1)
 303 G   0.97535 0.00000 0.02465 0.00000 ( 1)
 304 D   0.98267 0.00000 0.01733 0.00000 ( 1)
 305 Q   0.97338 0.00000 0.02662 0.00000 ( 1)
 306 E   0.94327 0.00000 0.05673 0.00000 ( 1)
 307 L   0.97160 0.00000 0.02840 0.00000 ( 1)
 308 L   0.97968 0.00000 0.02032 0.00000 ( 1)
 309 T   0.97748 0.00000 0.02252 0.00000 ( 1)
 310 P   0.97679 0.00000 0.02321 0.00000 ( 1)
 311 G   0.97714 0.00000 0.02286 0.00000 ( 1)
 312 V   0.97869 0.00000 0.02131 0.00000 ( 1)
 313 T   0.97901 0.00000 0.02099 0.00000 ( 1)
 314 M   0.98723 0.00000 0.01277 0.00000 ( 1)
 315 I   0.98025 0.00000 0.01975 0.00000 ( 1)
 316 P   0.97635 0.00000 0.02365 0.00000 ( 1)
 317 A   0.97759 0.00000 0.02241 0.00000 ( 1)
 318 I   0.97901 0.00000 0.02099 0.00000 ( 1)
 319 T   0.98022 0.00000 0.01978 0.00000 ( 1)
 320 C   0.97727 0.00000 0.02273 0.00000 ( 1)
 321 K   0.97791 0.00000 0.02209 0.00000 ( 1)
 322 A   0.98015 0.00000 0.01985 0.00000 ( 1)
 323 V   0.97748 0.00000 0.02252 0.00000 ( 1)
 324 A   0.97855 0.00000 0.02145 0.00000 ( 1)
 325 C   0.97411 0.00000 0.02589 0.00000 ( 1)
 326 I   0.98343 0.00000 0.01657 0.00000 ( 1)
 327 D   0.97975 0.00000 0.02025 0.00000 ( 1)
 328 P   0.97680 0.00000 0.02320 0.00000 ( 1)
 329 W   0.97262 0.00000 0.02738 0.00000 ( 1)
 330 V   0.97724 0.00000 0.02276 0.00000 ( 1)
 331 Y   0.97661 0.00000 0.02339 0.00000 ( 1)
 332 A   0.97980 0.00000 0.02020 0.00000 ( 1)
 333 I   0.98281 0.00000 0.01719 0.00000 ( 1)
 334 S   0.97873 0.00000 0.02127 0.00000 ( 1)
 335 H   0.97600 0.00000 0.02400 0.00000 ( 1)
 336 P   0.97562 0.00000 0.02438 0.00000 ( 1)
 337 K   0.66855 0.00000 0.33145 0.00000 ( 1)
 338 Y   0.97680 0.00000 0.02320 0.00000 ( 1)
 339 R   0.97660 0.00000 0.02340 0.00000 ( 1)
 340 Q   0.97235 0.00000 0.02765 0.00000 ( 1)
 341 E   0.97946 0.00000 0.02054 0.00000 ( 1)
 342 L   0.97152 0.00000 0.02848 0.00000 ( 1)
 343 Q   0.97328 0.00000 0.02672 0.00000 ( 1)
 344 R   0.92689 0.00000 0.07311 0.00000 ( 1)
 345 R   0.97005 0.00000 0.02995 0.00000 ( 1)
 346 M   0.98663 0.00000 0.01337 0.00000 ( 1)
 347 P   0.97655 0.00000 0.02345 0.00000 ( 1)
 348 W   0.97258 0.00000 0.02742 0.00000 ( 1)
 349 L   0.97101 0.00000 0.02899 0.00000 ( 1)
 350 Q   0.97250 0.00000 0.02750 0.00000 ( 1)
 351 I   0.98125 0.00000 0.01875 0.00000 ( 1)
 352 S   0.97484 0.00000 0.02516 0.00000 ( 1)
 353 E   0.97964 0.00000 0.02036 0.00000 ( 1)
 354 P   0.97879 0.00000 0.02121 0.00000 ( 1)
 355 D   0.51450 0.00000 0.48550 0.00000 ( 1)
 356 D   0.98233 0.00000 0.01767 0.00000 ( 1)
 357 N   0.07400 0.00000 0.92600 0.00000 ( 3)
 358 T   0.00000 0.94297 0.00000 0.05703 ( 2)
 359 S   0.97841 0.00000 0.02159 0.00000 ( 1)
 360 N   0.97852 0.00000 0.02148 0.00000 ( 1)
 361 T   0.97693 0.00000 0.02307 0.00000 ( 1)
 362 S   0.98045 0.00000 0.01955 0.00000 ( 1)
 363 N   0.94853 0.00000 0.05147 0.00000 ( 1)
 364 T   0.94037 0.00000 0.05963 0.00000 ( 1)
 365 T   0.65620 0.00000 0.34380 0.00000 ( 1)
 366 T   0.97586 0.00000 0.02414 0.00000 ( 1)
 367 N   0.96366 0.00000 0.03634 0.00000 ( 1)
 368 S   0.00000 0.95079 0.00000 0.04921 ( 2)
 369 A   0.00000 0.94784 0.00000 0.05216 ( 2)
 370 A   0.39238 0.00000 0.60762 0.00000 ( 3)
 371 P   0.41350 0.00000 0.58650 0.00000 ( 3)

