Supplemental results for CODEML (seqf: align.fa  treef: tree.nwk)


MLEs of dN/dS (w) for site classes (K=3)

p:   0.64476  0.21986  0.13537
w:   0.00465  0.06970  0.22937

Naive Empirical Bayes (NEB) probabilities for 3 classes & postmean_w
(amino acids refer to 1st sequence: ColCroc)

   1 M   0.99986 0.00014 0.00000 ( 1)  0.005
   2 D   0.00000 0.00056 0.99944 ( 3)  0.229
   3 R   0.00000 0.00000 1.00000 ( 3)  0.229
   4 T   0.00001 0.99999 0.00000 ( 2)  0.070
   5 E   0.00000 0.00000 1.00000 ( 3)  0.229
   6 Y   0.00000 0.00000 1.00000 ( 3)  0.229
   7 Y   0.00000 0.00000 1.00000 ( 3)  0.229
   8 I   0.00000 0.00000 1.00000 ( 3)  0.229
   9 Y   0.00000 0.00000 1.00000 ( 3)  0.229
  10 G   0.00000 0.97184 0.02816 ( 2)  0.074
  11 A   0.00000 0.99950 0.00050 ( 2)  0.070
  12 Y   0.00000 0.01929 0.98071 ( 3)  0.226
  13 F   0.00000 1.00000 0.00000 ( 2)  0.070
  14 A   0.00000 0.96600 0.03400 ( 2)  0.075
  15 P   0.00000 0.73664 0.26336 ( 2)  0.112
  16 L   0.00000 0.99930 0.00070 ( 2)  0.070
  17 R   0.00000 0.99977 0.00023 ( 2)  0.070
  18 S   0.00000 0.21459 0.78541 ( 3)  0.195
  19 G   0.00000 0.00000 1.00000 ( 3)  0.229
  20 G   0.00000 0.00000 1.00000 ( 3)  0.229
  21 E   0.00000 0.00000 1.00000 ( 3)  0.229
  22 R   0.00000 0.88935 0.11065 ( 2)  0.087
  23 M   0.00000 1.00000 0.00000 ( 2)  0.070
  24 L   0.99965 0.00035 0.00000 ( 1)  0.005
  25 G   0.00038 0.99962 0.00000 ( 2)  0.070
  26 E   0.00000 0.00000 1.00000 ( 3)  0.229
  27 G   0.99934 0.00066 0.00000 ( 1)  0.005
  28 L   0.94793 0.05207 0.00000 ( 1)  0.008
  29 T   0.00000 0.92357 0.07643 ( 2)  0.082
  30 G   0.00023 0.99977 0.00000 ( 2)  0.070
  31 E   0.00000 0.00009 0.99991 ( 3)  0.229
  32 D   0.00004 0.99996 0.00000 ( 2)  0.070
  33 L   0.99324 0.00676 0.00000 ( 1)  0.005
  34 A   0.99999 0.00001 0.00000 ( 1)  0.005
  35 M   0.00000 0.00000 1.00000 ( 3)  0.229
  36 I   0.00000 1.00000 0.00000 ( 2)  0.070
  37 P   0.99939 0.00061 0.00000 ( 1)  0.005
  38 E   0.00007 0.99993 0.00000 ( 2)  0.070
  39 H   1.00000 0.00000 0.00000 ( 1)  0.005
  40 W   0.99993 0.00007 0.00000 ( 1)  0.005
  41 F   0.00000 0.99967 0.00033 ( 2)  0.070
  42 K   0.00000 0.00000 1.00000 ( 3)  0.229
  43 Y   0.00000 1.00000 0.00000 ( 2)  0.070
  44 P   0.00000 0.00056 0.99944 ( 3)  0.229
  45 E   0.99935 0.00065 0.00000 ( 1)  0.005
  46 P   1.00000 0.00000 0.00000 ( 1)  0.005
  47 P   0.99998 0.00002 0.00000 ( 1)  0.005
  48 A   0.00000 1.00000 0.00000 ( 2)  0.070
  49 S   0.00000 0.99990 0.00010 ( 2)  0.070
  50 A   1.00000 0.00000 0.00000 ( 1)  0.005
  51 H   1.00000 0.00000 0.00000 ( 1)  0.005
  52 T   0.99307 0.00693 0.00000 ( 1)  0.005
  53 A   0.99997 0.00003 0.00000 ( 1)  0.005
  54 L   1.00000 0.00000 0.00000 ( 1)  0.005
  55 C   0.98701 0.01299 0.00000 ( 1)  0.006
  56 L   0.99999 0.00001 0.00000 ( 1)  0.005
  57 L   0.99583 0.00417 0.00000 ( 1)  0.005
  58 Y   1.00000 0.00000 0.00000 ( 1)  0.005
  59 C   0.00000 0.00000 1.00000 ( 3)  0.229
  60 F   0.99999 0.00001 0.00000 ( 1)  0.005
  61 F   0.00000 1.00000 0.00000 ( 2)  0.070
  62 T   1.00000 0.00000 0.00000 ( 1)  0.005
  63 A   0.00000 1.00000 0.00000 ( 2)  0.070
  64 A   0.89288 0.10712 0.00000 ( 1)  0.012
  65 A   0.00000 1.00000 0.00000 ( 2)  0.070
  66 L   0.99850 0.00150 0.00000 ( 1)  0.005
  67 I   0.00000 0.00000 1.00000 ( 3)  0.229
  68 G   1.00000 0.00000 0.00000 ( 1)  0.005
  69 N   1.00000 0.00000 0.00000 ( 1)  0.005
  70 G   0.99991 0.00009 0.00000 ( 1)  0.005
  71 M   0.00000 0.99999 0.00001 ( 2)  0.070
  72 V   1.00000 0.00000 0.00000 ( 1)  0.005
  73 I   0.99186 0.00814 0.00000 ( 1)  0.005
  74 F   0.00017 0.99983 0.00000 ( 2)  0.070
  75 I   0.00000 1.00000 0.00000 ( 2)  0.070
  76 F   1.00000 0.00000 0.00000 ( 1)  0.005
  77 A   0.00000 1.00000 0.00000 ( 2)  0.070
  78 S   0.98651 0.01349 0.00000 ( 1)  0.006
  79 T   0.74473 0.25527 0.00000 ( 1)  0.021
  80 K   1.00000 0.00000 0.00000 ( 1)  0.005
  81 S   0.00000 0.58130 0.41870 ( 2)  0.137
  82 L   0.99999 0.00001 0.00000 ( 1)  0.005
  83 R   0.99854 0.00146 0.00000 ( 1)  0.005
  84 T   1.00000 0.00000 0.00000 ( 1)  0.005
  85 A   0.01091 0.98909 0.00000 ( 2)  0.069
  86 S   1.00000 0.00000 0.00000 ( 1)  0.005
  87 N   1.00000 0.00000 0.00000 ( 1)  0.005
  88 L   0.00086 0.99914 0.00000 ( 2)  0.070
  89 L   0.99984 0.00016 0.00000 ( 1)  0.005
  90 I   0.99997 0.00003 0.00000 ( 1)  0.005
  91 L   0.99623 0.00377 0.00000 ( 1)  0.005
  92 N   0.00000 0.99698 0.00302 ( 2)  0.070
  93 L   0.99997 0.00003 0.00000 ( 1)  0.005
  94 A   0.00000 1.00000 0.00000 ( 2)  0.070
  95 I   0.00000 1.00000 0.00000 ( 2)  0.070
  96 F   0.00000 0.11818 0.88182 ( 3)  0.210
  97 D   1.00000 0.00000 0.00000 ( 1)  0.005
  98 F   1.00000 0.00000 0.00000 ( 1)  0.005
  99 I   0.36318 0.63682 0.00000 ( 2)  0.046
 100 M   1.00000 0.00000 0.00000 ( 1)  0.005
 101 M   1.00000 0.00000 0.00000 ( 1)  0.005
 102 L   0.02308 0.97692 0.00000 ( 2)  0.068
 103 K   1.00000 0.00000 0.00000 ( 1)  0.005
 104 A   1.00000 0.00000 0.00000 ( 1)  0.005
 105 P   1.00000 0.00000 0.00000 ( 1)  0.005
 106 I   0.00310 0.99690 0.00000 ( 2)  0.069
 107 F   1.00000 0.00000 0.00000 ( 1)  0.005
 108 I   1.00000 0.00000 0.00000 ( 1)  0.005
 109 Y   1.00000 0.00000 0.00000 ( 1)  0.005
 110 N   1.00000 0.00000 0.00000 ( 1)  0.005
 111 S   1.00000 0.00000 0.00000 ( 1)  0.005
 112 A   0.00000 0.99999 0.00001 ( 2)  0.070
 113 M   0.00000 1.00000 0.00000 ( 2)  0.070
 114 R   0.00000 0.14133 0.85867 ( 3)  0.207
 115 G   1.00000 0.00000 0.00000 ( 1)  0.005
 116 F   0.99770 0.00230 0.00000 ( 1)  0.005
 117 A   1.00000 0.00000 0.00000 ( 1)  0.005
 118 A   0.00000 0.00000 1.00000 ( 3)  0.229
 119 G   1.00000 0.00000 0.00000 ( 1)  0.005
 120 A   0.00000 0.00007 0.99993 ( 3)  0.229
 121 L   0.00000 0.00000 1.00000 ( 3)  0.229
 122 W   0.03874 0.96126 0.00000 ( 2)  0.067
 123 C   0.99999 0.00001 0.00000 ( 1)  0.005
 124 K   0.00000 0.98197 0.01803 ( 2)  0.073
 125 I   0.00000 0.88454 0.11546 ( 2)  0.088
 126 F   1.00000 0.00000 0.00000 ( 1)  0.005
 127 A   0.00000 0.99999 0.00001 ( 2)  0.070
 128 V   0.00000 0.99966 0.00034 ( 2)  0.070
 129 M   0.26984 0.73016 0.00000 ( 2)  0.052
 130 G   1.00000 0.00000 0.00000 ( 1)  0.005
 131 S   0.00000 1.00000 0.00000 ( 2)  0.070
 132 Y   0.00006 0.99994 0.00000 ( 2)  0.070
 133 S   0.80543 0.19457 0.00000 ( 1)  0.017
 134 G   1.00000 0.00000 0.00000 ( 1)  0.005
 135 I   1.00000 0.00000 0.00000 ( 1)  0.005
 136 G   0.99933 0.00067 0.00000 ( 1)  0.005
 137 A   0.78903 0.21097 0.00000 ( 1)  0.018
 138 A   0.00000 0.00000 1.00000 ( 3)  0.229
 139 M   0.98551 0.01449 0.00000 ( 1)  0.006
 140 T   1.00000 0.00000 0.00000 ( 1)  0.005
 141 N   1.00000 0.00000 0.00000 ( 1)  0.005
 142 A   1.00000 0.00000 0.00000 ( 1)  0.005
 143 C   0.79225 0.20775 0.00000 ( 1)  0.018
 144 I   1.00000 0.00000 0.00000 ( 1)  0.005
 145 A   1.00000 0.00000 0.00000 ( 1)  0.005
 146 Y   0.63354 0.36646 0.00000 ( 1)  0.028
 147 D   1.00000 0.00000 0.00000 ( 1)  0.005
 148 R   1.00000 0.00000 0.00000 ( 1)  0.005
 149 H   0.99883 0.00117 0.00000 ( 1)  0.005
 150 S   0.99999 0.00001 0.00000 ( 1)  0.005
 151 T   1.00000 0.00000 0.00000 ( 1)  0.005
 152 I   1.00000 0.00000 0.00000 ( 1)  0.005
 153 T   0.99994 0.00006 0.00000 ( 1)  0.005
 154 R   0.99995 0.00005 0.00000 ( 1)  0.005
 155 P   1.00000 0.00000 0.00000 ( 1)  0.005
 156 L   0.99982 0.00018 0.00000 ( 1)  0.005
 157 D   1.00000 0.00000 0.00000 ( 1)  0.005
 158 G   1.00000 0.00000 0.00000 ( 1)  0.005
 159 R   0.99989 0.00011 0.00000 ( 1)  0.005
 160 L   0.99974 0.00026 0.00000 ( 1)  0.005
 161 S   1.00000 0.00000 0.00000 ( 1)  0.005
 162 R   0.00000 0.00006 0.99994 ( 3)  0.229
 163 G   1.00000 0.00000 0.00000 ( 1)  0.005
 164 K   1.00000 0.00000 0.00000 ( 1)  0.005
 165 V   0.00001 0.99999 0.00000 ( 2)  0.070
 166 L   0.00000 0.99938 0.00062 ( 2)  0.070
 167 L   0.92478 0.07522 0.00000 ( 1)  0.010
 168 M   0.99999 0.00001 0.00000 ( 1)  0.005
 169 I   0.00000 0.99864 0.00136 ( 2)  0.070
 170 I   0.00000 0.98992 0.01008 ( 2)  0.071
 171 C   0.00000 0.00002 0.99998 ( 3)  0.229
 172 I   0.00000 0.00003 0.99997 ( 3)  0.229
 173 W   0.99993 0.00007 0.00000 ( 1)  0.005
 174 I   0.00000 1.00000 0.00000 ( 2)  0.070
 175 Y   0.99884 0.00116 0.00000 ( 1)  0.005
 176 T   0.00000 0.00000 1.00000 ( 3)  0.229
 177 T   0.99838 0.00162 0.00000 ( 1)  0.005
 178 P   1.00000 0.00000 0.00000 ( 1)  0.005
 179 W   0.99993 0.00007 0.00000 ( 1)  0.005
 180 S   0.01502 0.98498 0.00000 ( 2)  0.069
 181 L   0.00000 0.99999 0.00001 ( 2)  0.070
 182 M   0.78265 0.21735 0.00000 ( 1)  0.019
 183 P   1.00000 0.00000 0.00000 ( 1)  0.005
 184 L   0.97637 0.02363 0.00000 ( 1)  0.006
 185 F   0.00000 0.99993 0.00007 ( 2)  0.070
 186 R   0.00000 0.02023 0.97977 ( 3)  0.226
 187 V   0.00000 1.00000 0.00000 ( 2)  0.070
 188 W   0.99993 0.00007 0.00000 ( 1)  0.005
 189 G   1.00000 0.00000 0.00000 ( 1)  0.005
 190 R   0.99998 0.00002 0.00000 ( 1)  0.005
 191 F   0.00000 0.00007 0.99993 ( 3)  0.229
 192 V   1.00000 0.00000 0.00000 ( 1)  0.005
 193 P   1.00000 0.00000 0.00000 ( 1)  0.005
 194 E   1.00000 0.00000 0.00000 ( 1)  0.005
 195 G   1.00000 0.00000 0.00000 ( 1)  0.005
 196 Y   0.78310 0.21690 0.00000 ( 1)  0.019
 197 L   0.99998 0.00002 0.00000 ( 1)  0.005
 198 T   1.00000 0.00000 0.00000 ( 1)  0.005
 199 S   1.00000 0.00000 0.00000 ( 1)  0.005
 200 C   0.99999 0.00001 0.00000 ( 1)  0.005
 201 T   0.00000 0.00001 0.99999 ( 3)  0.229
 202 F   1.00000 0.00000 0.00000 ( 1)  0.005
 203 D   1.00000 0.00000 0.00000 ( 1)  0.005
 204 Y   0.99999 0.00001 0.00000 ( 1)  0.005
 205 L   0.99999 0.00001 0.00000 ( 1)  0.005
 206 T   0.88803 0.11197 0.00000 ( 1)  0.012
 207 N   0.00000 1.00000 0.00000 ( 2)  0.070
 208 S   0.00000 1.00000 0.00000 ( 2)  0.070
 209 F   0.99991 0.00009 0.00000 ( 1)  0.005
 210 D   1.00000 0.00000 0.00000 ( 1)  0.005
 211 N   0.98600 0.01400 0.00000 ( 1)  0.006
 212 K   0.99761 0.00239 0.00000 ( 1)  0.005
 213 L   0.99967 0.00033 0.00000 ( 1)  0.005
 214 F   1.00000 0.00000 0.00000 ( 1)  0.005
 215 V   1.00000 0.00000 0.00000 ( 1)  0.005
 216 G   0.00000 0.14110 0.85890 ( 3)  0.207
 217 C   0.99900 0.00100 0.00000 ( 1)  0.005
 218 I   1.00000 0.00000 0.00000 ( 1)  0.005
 219 F   1.00000 0.00000 0.00000 ( 1)  0.005
 220 T   0.00000 0.00000 1.00000 ( 3)  0.229
 221 C   0.98377 0.01623 0.00000 ( 1)  0.006
 222 S   0.39512 0.60488 0.00000 ( 2)  0.044
 223 Y   0.99999 0.00001 0.00000 ( 1)  0.005
 224 V   0.00000 1.00000 0.00000 ( 2)  0.070
 225 F   0.00005 0.99995 0.00000 ( 2)  0.070
 226 P   1.00000 0.00000 0.00000 ( 1)  0.005
 227 M   1.00000 0.00000 0.00000 ( 1)  0.005
 228 L   0.00000 0.00000 1.00000 ( 3)  0.229
 229 C   0.00000 0.99960 0.00040 ( 2)  0.070
 230 I   1.00000 0.00000 0.00000 ( 1)  0.005
 231 I   0.00000 1.00000 0.00000 ( 2)  0.070
 232 Y   0.99986 0.00014 0.00000 ( 1)  0.005
 233 F   1.00000 0.00000 0.00000 ( 1)  0.005
 234 Y   0.99999 0.00001 0.00000 ( 1)  0.005
 235 S   0.99996 0.00004 0.00000 ( 1)  0.005
 236 G   1.00000 0.00000 0.00000 ( 1)  0.005
 237 I   1.00000 0.00000 0.00000 ( 1)  0.005
 238 V   1.00000 0.00000 0.00000 ( 1)  0.005
 239 K   0.00874 0.99126 0.00000 ( 2)  0.069
 240 Q   0.99995 0.00005 0.00000 ( 1)  0.005
 241 V   1.00000 0.00000 0.00000 ( 1)  0.005
 242 F   0.99998 0.00002 0.00000 ( 1)  0.005
 243 A   0.98145 0.01855 0.00000 ( 1)  0.006
 244 H   1.00000 0.00000 0.00000 ( 1)  0.005
 245 E   1.00000 0.00000 0.00000 ( 1)  0.005
 246 A   0.99866 0.00134 0.00000 ( 1)  0.005
 247 A   1.00000 0.00000 0.00000 ( 1)  0.005
 248 L   0.99999 0.00001 0.00000 ( 1)  0.005
 249 R   0.99998 0.00002 0.00000 ( 1)  0.005
 250 E   0.00093 0.99907 0.00000 ( 2)  0.070
 251 Q   0.99995 0.00005 0.00000 ( 1)  0.005
 252 A   1.00000 0.00000 0.00000 ( 1)  0.005
 253 K   1.00000 0.00000 0.00000 ( 1)  0.005
 254 K   1.00000 0.00000 0.00000 ( 1)  0.005
 255 M   1.00000 0.00000 0.00000 ( 1)  0.005
 256 N   0.99999 0.00001 0.00000 ( 1)  0.005
 257 V   0.99923 0.00077 0.00000 ( 1)  0.005
 258 E   0.99902 0.00098 0.00000 ( 1)  0.005
 259 S   0.99999 0.00001 0.00000 ( 1)  0.005
 260 L   0.99999 0.00001 0.00000 ( 1)  0.005
 261 R   0.99991 0.00009 0.00000 ( 1)  0.005
 262 S   0.00000 0.99958 0.00042 ( 2)  0.070
 263 N   1.00000 0.00000 0.00000 ( 1)  0.005
 264 Q   0.99006 0.00994 0.00000 ( 1)  0.005
 265 N   0.00000 0.00000 1.00000 ( 3)  0.229
 266 A   0.00000 0.05597 0.94403 ( 3)  0.220
 267 G   0.00000 0.00000 1.00000 ( 3)  0.229
 268 A   0.00000 0.99803 0.00197 ( 2)  0.070
 269 E   0.00000 0.99998 0.00002 ( 2)  0.070
 270 S   0.17143 0.82857 0.00000 ( 2)  0.059
 271 A   1.00000 0.00000 0.00000 ( 1)  0.005
 272 E   1.00000 0.00000 0.00000 ( 1)  0.005
 273 I   0.99978 0.00022 0.00000 ( 1)  0.005
 274 R   0.99995 0.00005 0.00000 ( 1)  0.005
 275 I   1.00000 0.00000 0.00000 ( 1)  0.005
 276 A   1.00000 0.00000 0.00000 ( 1)  0.005
 277 K   0.99999 0.00001 0.00000 ( 1)  0.005
 278 A   1.00000 0.00000 0.00000 ( 1)  0.005
 279 A   1.00000 0.00000 0.00000 ( 1)  0.005
 280 L   1.00000 0.00000 0.00000 ( 1)  0.005
 281 T   1.00000 0.00000 0.00000 ( 1)  0.005
 282 V   1.00000 0.00000 0.00000 ( 1)  0.005
 283 C   1.00000 0.00000 0.00000 ( 1)  0.005
 284 F   1.00000 0.00000 0.00000 ( 1)  0.005
 285 L   0.99998 0.00002 0.00000 ( 1)  0.005
 286 F   0.00006 0.99994 0.00000 ( 2)  0.070
 287 V   0.99929 0.00071 0.00000 ( 1)  0.005
 288 A   0.00000 1.00000 0.00000 ( 2)  0.070
 289 S   0.98135 0.01865 0.00000 ( 1)  0.006
 290 W   0.99993 0.00007 0.00000 ( 1)  0.005
 291 T   1.00000 0.00000 0.00000 ( 1)  0.005
 292 P   1.00000 0.00000 0.00000 ( 1)  0.005
 293 Y   0.99999 0.00001 0.00000 ( 1)  0.005
 294 G   1.00000 0.00000 0.00000 ( 1)  0.005
 295 V   0.00000 1.00000 0.00000 ( 2)  0.070
 296 M   1.00000 0.00000 0.00000 ( 1)  0.005
 297 S   0.00000 0.99964 0.00036 ( 2)  0.070
 298 L   0.99997 0.00003 0.00000 ( 1)  0.005
 299 I   1.00000 0.00000 0.00000 ( 1)  0.005
 300 G   1.00000 0.00000 0.00000 ( 1)  0.005
 301 A   1.00000 0.00000 0.00000 ( 1)  0.005
 302 F   0.99791 0.00209 0.00000 ( 1)  0.005
 303 G   1.00000 0.00000 0.00000 ( 1)  0.005
 304 D   0.00000 0.94112 0.05888 ( 2)  0.079
 305 Q   0.00190 0.99809 0.00000 ( 2)  0.070
 306 E   0.00000 0.00000 1.00000 ( 3)  0.229
 307 L   0.47872 0.52128 0.00000 ( 2)  0.039
 308 L   0.99999 0.00001 0.00000 ( 1)  0.005
 309 T   1.00000 0.00000 0.00000 ( 1)  0.005
 310 P   1.00000 0.00000 0.00000 ( 1)  0.005
 311 G   1.00000 0.00000 0.00000 ( 1)  0.005
 312 V   1.00000 0.00000 0.00000 ( 1)  0.005
 313 T   0.99995 0.00005 0.00000 ( 1)  0.005
 314 M   1.00000 0.00000 0.00000 ( 1)  0.005
 315 I   1.00000 0.00000 0.00000 ( 1)  0.005
 316 P   1.00000 0.00000 0.00000 ( 1)  0.005
 317 A   1.00000 0.00000 0.00000 ( 1)  0.005
 318 I   0.99949 0.00051 0.00000 ( 1)  0.005
 319 T   0.00000 1.00000 0.00000 ( 2)  0.070
 320 C   0.99999 0.00001 0.00000 ( 1)  0.005
 321 K   1.00000 0.00000 0.00000 ( 1)  0.005
 322 A   0.00000 0.00115 0.99885 ( 3)  0.229
 323 V   1.00000 0.00000 0.00000 ( 1)  0.005
 324 A   1.00000 0.00000 0.00000 ( 1)  0.005
 325 C   0.99999 0.00001 0.00000 ( 1)  0.005
 326 I   0.99767 0.00233 0.00000 ( 1)  0.005
 327 D   1.00000 0.00000 0.00000 ( 1)  0.005
 328 P   1.00000 0.00000 0.00000 ( 1)  0.005
 329 W   0.99993 0.00007 0.00000 ( 1)  0.005
 330 V   0.99995 0.00005 0.00000 ( 1)  0.005
 331 Y   0.99999 0.00001 0.00000 ( 1)  0.005
 332 A   1.00000 0.00000 0.00000 ( 1)  0.005
 333 I   1.00000 0.00000 0.00000 ( 1)  0.005
 334 S   1.00000 0.00000 0.00000 ( 1)  0.005
 335 H   0.99999 0.00001 0.00000 ( 1)  0.005
 336 P   1.00000 0.00000 0.00000 ( 1)  0.005
 337 K   0.99814 0.00186 0.00000 ( 1)  0.005
 338 Y   1.00000 0.00000 0.00000 ( 1)  0.005
 339 R   1.00000 0.00000 0.00000 ( 1)  0.005
 340 Q   0.88232 0.11768 0.00000 ( 1)  0.012
 341 E   1.00000 0.00000 0.00000 ( 1)  0.005
 342 L   0.99999 0.00001 0.00000 ( 1)  0.005
 343 Q   0.99995 0.00005 0.00000 ( 1)  0.005
 344 R   0.00000 0.43991 0.56009 ( 3)  0.159
 345 R   0.99912 0.00088 0.00000 ( 1)  0.005
 346 M   1.00000 0.00000 0.00000 ( 1)  0.005
 347 P   1.00000 0.00000 0.00000 ( 1)  0.005
 348 W   0.99993 0.00007 0.00000 ( 1)  0.005
 349 L   0.99999 0.00001 0.00000 ( 1)  0.005
 350 Q   0.99918 0.00082 0.00000 ( 1)  0.005
 351 I   1.00000 0.00000 0.00000 ( 1)  0.005
 352 S   0.00000 0.76991 0.23009 ( 2)  0.106
 353 E   1.00000 0.00000 0.00000 ( 1)  0.005
 354 P   0.99996 0.00004 0.00000 ( 1)  0.005
 355 D   0.00000 0.99894 0.00106 ( 2)  0.070
 356 D   0.99989 0.00011 0.00000 ( 1)  0.005
 357 N   0.00000 0.00502 0.99498 ( 3)  0.229
 358 T   0.00000 0.00000 1.00000 ( 3)  0.229
 359 S   1.00000 0.00000 0.00000 ( 1)  0.005
 360 N   0.00142 0.99858 0.00000 ( 2)  0.070
 361 T   0.00000 0.93597 0.06403 ( 2)  0.080
 362 S   0.99997 0.00003 0.00000 ( 1)  0.005
 363 N   0.00000 0.00000 1.00000 ( 3)  0.229
 364 T   0.00000 1.00000 0.00000 ( 2)  0.070
 365 T   0.75958 0.24042 0.00000 ( 1)  0.020
 366 T   0.00000 0.00246 0.99754 ( 3)  0.229
 367 N   0.00000 0.00000 1.00000 ( 3)  0.229
 368 S   0.00000 0.00000 1.00000 ( 3)  0.229
 369 A   0.00000 0.00000 1.00000 ( 3)  0.229
 370 A   0.00000 0.05524 0.94476 ( 3)  0.221
 371 P   0.00000 0.00000 1.00000 ( 3)  0.229

Positively selected sites

	Prob(w>1)  mean w



lnL = -73503.078716

