Supplemental results for CODEML (seqf: align.fa  treef: tree.nwk)


MLEs of dN/dS (w) for site classes (K=4)

site class             0        1       2a       2b
proportion       0.90984  0.03967  0.04838  0.00211
background w     0.03889  1.00000  0.03889  1.00000
foreground w     0.03889  1.00000  1.00000  1.00000

Naive Empirical Bayes (NEB) probabilities for 4 classes
(amino acids refer to 1st sequence: ColCroc|Blue5)

   1 N   0.98861 0.00000 0.01139 0.00000 ( 1)
   2 V   0.97268 0.00000 0.02732 0.00000 ( 1)
   3 N   0.00000 0.94951 0.00000 0.05049 ( 2)
   4 N   0.98234 0.00000 0.01766 0.00000 ( 1)
   5 F   0.98633 0.00000 0.01367 0.00000 ( 1)
   6 S   0.54592 0.00000 0.45408 0.00000 ( 1)
   7 A   0.33486 0.62505 0.00686 0.03324 ( 2)
   8 E   0.00000 0.94951 0.00000 0.05049 ( 2)
   9 A   0.98614 0.00000 0.01386 0.00000 ( 1)
  10 R   0.10295 0.00000 0.89705 0.00000 ( 3)
  11 P   0.97024 0.00000 0.02976 0.00000 ( 1)
  12 V   0.98860 0.00000 0.01140 0.00000 ( 1)
  13 A   0.98052 0.00000 0.01948 0.00000 ( 1)
  14 Y   0.59022 0.00001 0.40977 0.00000 ( 1)
  15 P   0.96930 0.00000 0.03070 0.00000 ( 1)
  16 F   0.97221 0.00000 0.02779 0.00000 ( 1)
  17 K   0.96161 0.00000 0.03839 0.00000 ( 1)
  18 M   0.98861 0.00000 0.01139 0.00000 ( 1)
  19 V   0.97983 0.00000 0.02017 0.00000 ( 1)
  20 S   0.98052 0.00000 0.01948 0.00000 ( 1)
  21 D   0.00000 0.94951 0.00000 0.05049 ( 2)
  22 E   0.97733 0.00000 0.02267 0.00000 ( 1)
  23 V   0.98042 0.00000 0.01958 0.00000 ( 1)
  24 Q   0.94951 0.00000 0.05049 0.00000 ( 1)
  25 Q   0.97592 0.00000 0.02408 0.00000 ( 1)
  26 N   0.65986 0.00000 0.34014 0.00000 ( 1)
  27 M   0.98861 0.00000 0.01139 0.00000 ( 1)
  28 L   0.97974 0.00000 0.02026 0.00000 ( 1)
  29 G   0.98305 0.00000 0.01695 0.00000 ( 1)
  30 W   0.68725 0.00000 0.31275 0.00000 ( 1)
  31 N   0.98597 0.00000 0.01403 0.00000 ( 1)
  32 V   0.98024 0.00000 0.01976 0.00000 ( 1)
  33 P   0.97735 0.00000 0.02265 0.00000 ( 1)
  34 S   0.43228 0.00000 0.56772 0.00000 ( 3)
  35 E   0.98156 0.00000 0.01844 0.00000 ( 1)
  36 Y   0.97269 0.00000 0.02731 0.00000 ( 1)
  37 Q   0.97455 0.00000 0.02545 0.00000 ( 1)
  38 D   0.98589 0.00000 0.01411 0.00000 ( 1)
  39 L   0.97313 0.00000 0.02687 0.00000 ( 1)
  40 V   0.98058 0.00000 0.01942 0.00000 ( 1)
  41 H   0.97576 0.00000 0.02424 0.00000 ( 1)
  42 D   0.98065 0.00000 0.01935 0.00000 ( 1)
  43 H   0.98321 0.00000 0.01679 0.00000 ( 1)
  44 W   0.97421 0.00000 0.02579 0.00000 ( 1)
  45 R   0.97888 0.00000 0.02112 0.00000 ( 1)
  46 N   0.06555 0.00000 0.93445 0.00000 ( 3)
  47 F   0.98638 0.00000 0.01362 0.00000 ( 1)
  48 A   0.98157 0.00000 0.01843 0.00000 ( 1)
  49 A   0.97465 0.00000 0.02535 0.00000 ( 1)
  50 I   0.98359 0.00000 0.01641 0.00000 ( 1)
  51 D   0.98547 0.00000 0.01453 0.00000 ( 1)
  52 K   0.98201 0.00000 0.01799 0.00000 ( 1)
  53 F   0.98124 0.00000 0.01876 0.00000 ( 1)
  54 W   0.97421 0.00000 0.02579 0.00000 ( 1)
  55 H   0.98319 0.00000 0.01681 0.00000 ( 1)
  56 Y   0.98126 0.00000 0.01874 0.00000 ( 1)
  57 C   0.98304 0.00000 0.01696 0.00000 ( 1)
  58 L   0.97392 0.00000 0.02608 0.00000 ( 1)
  59 A   0.98061 0.00000 0.01939 0.00000 ( 1)
  60 L   0.97525 0.00000 0.02475 0.00000 ( 1)
  61 I   0.98605 0.00000 0.01395 0.00000 ( 1)
  62 Y   0.98122 0.00000 0.01878 0.00000 ( 1)
  63 M   0.98449 0.00000 0.01551 0.00000 ( 1)
  64 I   0.76094 0.00000 0.23906 0.00000 ( 1)
  65 L   0.98340 0.00000 0.01660 0.00000 ( 1)
  66 W   0.98861 0.00000 0.01139 0.00000 ( 1)
  67 I   0.90489 0.07586 0.01522 0.00403 ( 1)
  68 S   0.98449 0.00000 0.01551 0.00000 ( 1)
  69 S   0.97820 0.00000 0.02180 0.00000 ( 1)
  70 V   0.97549 0.00000 0.02451 0.00000 ( 1)
  71 C   0.97236 0.00000 0.02764 0.00000 ( 1)
  72 G   0.98279 0.00000 0.01721 0.00000 ( 1)
  73 N   0.98532 0.00000 0.01468 0.00000 ( 1)
  74 G   0.98255 0.00000 0.01745 0.00000 ( 1)
  75 I   0.98611 0.00000 0.01389 0.00000 ( 1)
  76 V   0.97693 0.00000 0.02307 0.00000 ( 1)
  77 V   0.98039 0.00000 0.01961 0.00000 ( 1)
  78 W   0.97421 0.00000 0.02579 0.00000 ( 1)
  79 I   0.98102 0.00000 0.01898 0.00000 ( 1)
  80 F   0.98294 0.00000 0.01706 0.00000 ( 1)
  81 S   0.98546 0.00000 0.01454 0.00000 ( 1)
  82 T   0.97369 0.00000 0.02631 0.00000 ( 1)
  83 S   0.97474 0.00000 0.02526 0.00000 ( 1)
  84 K   0.97206 0.00000 0.02794 0.00000 ( 1)
  85 S   0.57779 0.00000 0.42221 0.00000 ( 1)
  86 L   0.97420 0.00000 0.02580 0.00000 ( 1)
  87 R   0.97331 0.00000 0.02669 0.00000 ( 1)
  88 S   0.97582 0.00000 0.02418 0.00000 ( 1)
  89 A   0.96544 0.00000 0.03456 0.00000 ( 1)
  90 S   0.98543 0.00000 0.01457 0.00000 ( 1)
  91 N   0.98597 0.00000 0.01403 0.00000 ( 1)
  92 M   0.98861 0.00000 0.01139 0.00000 ( 1)
  93 F   0.98643 0.00000 0.01357 0.00000 ( 1)
  94 I   0.98257 0.00000 0.01743 0.00000 ( 1)
  95 V   0.98101 0.00000 0.01899 0.00000 ( 1)
  96 N   0.98602 0.00000 0.01398 0.00000 ( 1)
  97 L   0.97390 0.00000 0.02610 0.00000 ( 1)
  98 A   0.98042 0.00000 0.01958 0.00000 ( 1)
  99 L   0.97395 0.00000 0.02605 0.00000 ( 1)
 100 F   0.98644 0.00000 0.01356 0.00000 ( 1)
 101 D   0.98595 0.00000 0.01405 0.00000 ( 1)
 102 M   0.97324 0.00000 0.02676 0.00000 ( 1)
 103 V   0.98861 0.00000 0.01139 0.00000 ( 1)
 104 M   0.98861 0.00000 0.01139 0.00000 ( 1)
 105 M   0.98861 0.00000 0.01139 0.00000 ( 1)
 106 I   0.95541 0.01799 0.02564 0.00096 ( 1)
 107 E   0.98192 0.00000 0.01808 0.00000 ( 1)
 108 M   0.98861 0.00000 0.01139 0.00000 ( 1)
 109 P   0.97931 0.00000 0.02069 0.00000 ( 1)
 110 H   0.98307 0.00000 0.01693 0.00000 ( 1)
 111 L   0.98360 0.00000 0.01640 0.00000 ( 1)
 112 I   0.98610 0.00000 0.01390 0.00000 ( 1)
 113 I   0.00000 0.94951 0.00000 0.05049 ( 2)
 114 N   0.98601 0.00000 0.01399 0.00000 ( 1)
 115 S   0.98217 0.00000 0.01783 0.00000 ( 1)
 116 F   0.98637 0.00000 0.01363 0.00000 ( 1)
 117 Y   0.97314 0.00000 0.02686 0.00000 ( 1)
 118 Q   0.97590 0.00000 0.02410 0.00000 ( 1)
 119 K   0.97588 0.00000 0.02412 0.00000 ( 1)
 120 M   0.98019 0.00000 0.01981 0.00000 ( 1)
 121 I   0.98225 0.00000 0.01775 0.00000 ( 1)
 122 G   0.98203 0.00000 0.01797 0.00000 ( 1)
 123 Y   0.98124 0.00000 0.01876 0.00000 ( 1)
 124 Q   0.97590 0.00000 0.02410 0.00000 ( 1)
 125 V   0.06945 0.00000 0.93055 0.00000 ( 3)
 126 G   0.97317 0.00000 0.02683 0.00000 ( 1)
 127 C   0.98136 0.00000 0.01864 0.00000 ( 1)
 128 D   0.97825 0.00000 0.02175 0.00000 ( 1)
 129 I   0.98560 0.00000 0.01440 0.00000 ( 1)
 130 Y   0.98113 0.00000 0.01887 0.00000 ( 1)
 131 A   0.98274 0.00000 0.01726 0.00000 ( 1)
 132 T   0.98051 0.00000 0.01949 0.00000 ( 1)
 133 L   0.97973 0.00000 0.02027 0.00000 ( 1)
 134 G   0.98303 0.00000 0.01697 0.00000 ( 1)
 135 S   0.97626 0.00000 0.02374 0.00000 ( 1)
 136 I   0.97397 0.00000 0.02603 0.00000 ( 1)
 137 S   0.97423 0.00000 0.02577 0.00000 ( 1)
 138 G   0.97971 0.00000 0.02029 0.00000 ( 1)
 139 I   0.98051 0.00000 0.01949 0.00000 ( 1)
 140 G   0.97981 0.00000 0.02019 0.00000 ( 1)
 141 A   0.58129 0.00000 0.41871 0.00000 ( 1)
 142 A   0.98385 0.00000 0.01615 0.00000 ( 1)
 143 I   0.97936 0.00000 0.02064 0.00000 ( 1)
 144 S   0.98388 0.00000 0.01612 0.00000 ( 1)
 145 N   0.98529 0.00000 0.01471 0.00000 ( 1)
 146 A   0.98366 0.00000 0.01634 0.00000 ( 1)
 147 V   0.98320 0.00000 0.01680 0.00000 ( 1)
 148 I   0.97821 0.00000 0.02179 0.00000 ( 1)
 149 A   0.97401 0.00000 0.02599 0.00000 ( 1)
 150 Y   0.98318 0.00000 0.01682 0.00000 ( 1)
 151 D   0.98533 0.00000 0.01467 0.00000 ( 1)
 152 R   0.97268 0.00000 0.02732 0.00000 ( 1)
 153 Y   0.98116 0.00000 0.01884 0.00000 ( 1)
 154 K   0.97901 0.00000 0.02099 0.00000 ( 1)
 155 T   0.98078 0.00000 0.01922 0.00000 ( 1)
 156 I   0.98102 0.00000 0.01898 0.00000 ( 1)
 157 S   0.97915 0.00000 0.02085 0.00000 ( 1)
 158 C   0.97140 0.00000 0.02860 0.00000 ( 1)
 159 P   0.97734 0.00000 0.02266 0.00000 ( 1)
 160 I   0.97380 0.00000 0.02620 0.00000 ( 1)
 161 D   0.98296 0.00000 0.01704 0.00000 ( 1)
 162 G   0.98230 0.00000 0.01770 0.00000 ( 1)
 163 R   0.97709 0.00000 0.02291 0.00000 ( 1)
 164 I   0.98549 0.00000 0.01451 0.00000 ( 1)
 165 N   0.98473 0.00000 0.01527 0.00000 ( 1)
 166 K   0.97592 0.00000 0.02408 0.00000 ( 1)
 167 V   0.97677 0.00000 0.02323 0.00000 ( 1)
 168 Q   0.97539 0.00000 0.02461 0.00000 ( 1)
 169 A   0.97606 0.00000 0.02394 0.00000 ( 1)
 170 S   0.00000 0.94951 0.00000 0.05049 ( 2)
 171 I   0.96993 0.00000 0.03007 0.00000 ( 1)
 172 L   0.97534 0.00000 0.02466 0.00000 ( 1)
 173 I   0.98604 0.00000 0.01396 0.00000 ( 1)
 174 A   0.00004 0.94947 0.00001 0.05049 ( 2)
 175 F   0.98641 0.00000 0.01359 0.00000 ( 1)
 176 T   0.98274 0.00000 0.01726 0.00000 ( 1)
 177 W   0.97421 0.00000 0.02579 0.00000 ( 1)
 178 F   0.97694 0.00000 0.02306 0.00000 ( 1)
 179 W   0.97421 0.00000 0.02579 0.00000 ( 1)
 180 T   0.61721 0.00000 0.38279 0.00000 ( 1)
 181 L   0.00035 0.94916 0.00002 0.05047 ( 2)
 182 P   0.98209 0.00000 0.01791 0.00000 ( 1)
 183 F   0.98644 0.00000 0.01356 0.00000 ( 1)
 184 T   0.98070 0.00000 0.01930 0.00000 ( 1)
 185 I   0.98447 0.00000 0.01553 0.00000 ( 1)
 186 L   0.97150 0.00000 0.02850 0.00000 ( 1)
 187 P   0.97210 0.00000 0.02790 0.00000 ( 1)
 188 L   0.98410 0.00000 0.01590 0.00000 ( 1)
 189 L   0.98641 0.00000 0.01359 0.00000 ( 1)
 190 K   0.97891 0.00000 0.02109 0.00000 ( 1)
 191 V   0.97776 0.00000 0.02224 0.00000 ( 1)
 192 W   0.97421 0.00000 0.02579 0.00000 ( 1)
 193 G   0.96961 0.00000 0.03039 0.00000 ( 1)
 194 K   0.97286 0.00000 0.02714 0.00000 ( 1)
 195 F   0.98559 0.00000 0.01441 0.00000 ( 1)
 196 V   0.97470 0.00000 0.02530 0.00000 ( 1)
 197 P   0.96918 0.00000 0.03082 0.00000 ( 1)
 198 E   0.98192 0.00000 0.01808 0.00000 ( 1)
 199 G   0.98002 0.00000 0.01998 0.00000 ( 1)
 200 F   0.98638 0.00000 0.01362 0.00000 ( 1)
 201 L   0.97951 0.00000 0.02049 0.00000 ( 1)
 202 T   0.98043 0.00000 0.01957 0.00000 ( 1)
 203 T   0.98400 0.00000 0.01600 0.00000 ( 1)
 204 C   0.97703 0.00000 0.02297 0.00000 ( 1)
 205 S   0.97625 0.00000 0.02375 0.00000 ( 1)
 206 F   0.98637 0.00000 0.01363 0.00000 ( 1)
 207 D   0.98587 0.00000 0.01413 0.00000 ( 1)
 208 Y   0.98127 0.00000 0.01873 0.00000 ( 1)
 209 F   0.98643 0.00000 0.01357 0.00000 ( 1)
 210 T   0.98017 0.00000 0.01983 0.00000 ( 1)
 211 D   0.98554 0.00000 0.01446 0.00000 ( 1)
 212 D   0.98469 0.00000 0.01531 0.00000 ( 1)
 213 E   0.97590 0.00000 0.02410 0.00000 ( 1)
 214 D   0.98596 0.00000 0.01404 0.00000 ( 1)
 215 T   0.98081 0.00000 0.01919 0.00000 ( 1)
 216 K   0.98202 0.00000 0.01798 0.00000 ( 1)
 217 V   0.98057 0.00000 0.01943 0.00000 ( 1)
 218 F   0.98642 0.00000 0.01358 0.00000 ( 1)
 219 V   0.98073 0.00000 0.01927 0.00000 ( 1)
 220 A   0.97035 0.00000 0.02965 0.00000 ( 1)
 221 C   0.97835 0.00000 0.02165 0.00000 ( 1)
 222 I   0.98613 0.00000 0.01387 0.00000 ( 1)
 223 F   0.98516 0.00000 0.01484 0.00000 ( 1)
 224 V   0.97616 0.00000 0.02384 0.00000 ( 1)
 225 W   0.97421 0.00000 0.02579 0.00000 ( 1)
 226 S   0.98544 0.00000 0.01456 0.00000 ( 1)
 227 Y   0.98127 0.00000 0.01873 0.00000 ( 1)
 228 C   0.98277 0.00000 0.01723 0.00000 ( 1)
 229 F   0.98607 0.00000 0.01393 0.00000 ( 1)
 230 P   0.98221 0.00000 0.01779 0.00000 ( 1)
 231 M   0.98861 0.00000 0.01139 0.00000 ( 1)
 232 A   0.00000 0.94951 0.00000 0.05049 ( 2)
 233 L   0.98364 0.00000 0.01636 0.00000 ( 1)
 234 I   0.98502 0.00000 0.01498 0.00000 ( 1)
 235 C   0.98146 0.00000 0.01854 0.00000 ( 1)
 236 I   0.66801 0.00000 0.33199 0.00000 ( 1)
 237 F   0.98641 0.00000 0.01359 0.00000 ( 1)
 238 Y   0.98125 0.00000 0.01875 0.00000 ( 1)
 239 S   0.62067 0.00000 0.37933 0.00000 ( 1)
 240 K   0.97575 0.00000 0.02425 0.00000 ( 1)
 241 L   0.97941 0.00000 0.02059 0.00000 ( 1)
 242 F   0.98576 0.00000 0.01424 0.00000 ( 1)
 243 T   0.98228 0.00000 0.01772 0.00000 ( 1)
 244 A   0.98055 0.00000 0.01945 0.00000 ( 1)
 245 V   0.97592 0.00000 0.02408 0.00000 ( 1)
 246 R   0.96657 0.00000 0.03343 0.00000 ( 1)
 247 L   0.96965 0.00000 0.03035 0.00000 ( 1)
 248 H   0.98316 0.00000 0.01684 0.00000 ( 1)
 249 E   0.98187 0.00000 0.01813 0.00000 ( 1)
 250 K   0.98131 0.00000 0.01869 0.00000 ( 1)
 251 M   0.98861 0.00000 0.01139 0.00000 ( 1)
 252 L   0.97389 0.00000 0.02611 0.00000 ( 1)
 253 K   0.00000 0.94951 0.00000 0.05049 ( 2)
 254 E   0.98000 0.00000 0.02000 0.00000 ( 1)
 255 Q   0.96975 0.00000 0.03025 0.00000 ( 1)
 256 A   0.98060 0.00000 0.01940 0.00000 ( 1)
 257 K   0.10987 0.00000 0.89013 0.00000 ( 3)
 258 K   0.98202 0.00000 0.01798 0.00000 ( 1)
 259 M   0.98861 0.00000 0.01139 0.00000 ( 1)
 260 N   0.98601 0.00000 0.01399 0.00000 ( 1)
 261 V   0.98056 0.00000 0.01944 0.00000 ( 1)
 262 K   0.98197 0.00000 0.01803 0.00000 ( 1)
 263 S   0.97852 0.00000 0.02148 0.00000 ( 1)
 264 L   0.98305 0.00000 0.01695 0.00000 ( 1)
 265 A   0.70747 0.00000 0.29253 0.00000 ( 1)
 266 S   0.64456 0.00000 0.35544 0.00000 ( 1)
 267 N   0.98598 0.00000 0.01402 0.00000 ( 1)
 268 K   0.97917 0.00000 0.02083 0.00000 ( 1)
 269 E   0.97636 0.00000 0.02364 0.00000 ( 1)
 270 D   0.98549 0.00000 0.01451 0.00000 ( 1)
 271 A   0.98442 0.00000 0.01558 0.00000 ( 1)
 272 G   0.98072 0.00000 0.01928 0.00000 ( 1)
 273 K   0.98191 0.00000 0.01809 0.00000 ( 1)
 274 S   0.98546 0.00000 0.01454 0.00000 ( 1)
 275 V   0.98338 0.00000 0.01662 0.00000 ( 1)
 276 E   0.98191 0.00000 0.01809 0.00000 ( 1)
 277 I   0.98608 0.00000 0.01392 0.00000 ( 1)
 278 R   0.97226 0.00000 0.02774 0.00000 ( 1)
 279 I   0.98090 0.00000 0.01910 0.00000 ( 1)
 280 A   0.97488 0.00000 0.02512 0.00000 ( 1)
 281 K   0.97638 0.00000 0.02362 0.00000 ( 1)
 282 V   0.98333 0.00000 0.01667 0.00000 ( 1)
 283 A   0.98129 0.00000 0.01871 0.00000 ( 1)
 284 F   0.98641 0.00000 0.01359 0.00000 ( 1)
 285 T   0.98082 0.00000 0.01918 0.00000 ( 1)
 286 I   0.98548 0.00000 0.01452 0.00000 ( 1)
 287 F   0.98642 0.00000 0.01358 0.00000 ( 1)
 288 F   0.98641 0.00000 0.01359 0.00000 ( 1)
 289 L   0.98077 0.00000 0.01923 0.00000 ( 1)
 290 F   0.98642 0.00000 0.01358 0.00000 ( 1)
 291 V   0.52559 0.00000 0.47441 0.00000 ( 1)
 292 C   0.98067 0.00000 0.01933 0.00000 ( 1)
 293 A   0.98074 0.00000 0.01926 0.00000 ( 1)
 294 W   0.97421 0.00000 0.02579 0.00000 ( 1)
 295 T   0.98080 0.00000 0.01920 0.00000 ( 1)
 296 P   0.97790 0.00000 0.02210 0.00000 ( 1)
 297 Y   0.98125 0.00000 0.01875 0.00000 ( 1)
 298 A   0.97381 0.00000 0.02619 0.00000 ( 1)
 299 V   0.97997 0.00000 0.02003 0.00000 ( 1)
 300 V   0.97613 0.00000 0.02387 0.00000 ( 1)
 301 T   0.70028 0.00000 0.29972 0.00000 ( 1)
 302 M   0.98861 0.00000 0.01139 0.00000 ( 1)
 303 I   0.98058 0.00000 0.01942 0.00000 ( 1)
 304 G   0.98238 0.00000 0.01762 0.00000 ( 1)
 305 A   0.98392 0.00000 0.01608 0.00000 ( 1)
 306 F   0.98574 0.00000 0.01426 0.00000 ( 1)
 307 G   0.97036 0.00000 0.02964 0.00000 ( 1)
 308 D   0.98594 0.00000 0.01406 0.00000 ( 1)
 309 R   0.98023 0.00000 0.01977 0.00000 ( 1)
 310 S   0.00000 0.94951 0.00000 0.05049 ( 2)
 311 L   0.98571 0.00000 0.01429 0.00000 ( 1)
 312 L   0.97383 0.00000 0.02617 0.00000 ( 1)
 313 T   0.98067 0.00000 0.01933 0.00000 ( 1)
 314 P   0.97004 0.00000 0.02996 0.00000 ( 1)
 315 H   0.98028 0.00000 0.01972 0.00000 ( 1)
 316 V   0.98079 0.00000 0.01921 0.00000 ( 1)
 317 T   0.97553 0.00000 0.02447 0.00000 ( 1)
 318 M   0.98861 0.00000 0.01139 0.00000 ( 1)
 319 I   0.98500 0.00000 0.01500 0.00000 ( 1)
 320 P   0.97007 0.00000 0.02993 0.00000 ( 1)
 321 A   0.97840 0.00000 0.02160 0.00000 ( 1)
 322 V   0.98336 0.00000 0.01664 0.00000 ( 1)
 323 F   0.98149 0.00000 0.01851 0.00000 ( 1)
 324 A   0.96871 0.00000 0.03129 0.00000 ( 1)
 325 K   0.98170 0.00000 0.01830 0.00000 ( 1)
 326 S   0.97851 0.00000 0.02149 0.00000 ( 1)
 327 V   0.98230 0.00000 0.01770 0.00000 ( 1)
 328 S   0.98257 0.00000 0.01743 0.00000 ( 1)
 329 C   0.98148 0.00000 0.01852 0.00000 ( 1)
 330 I   0.98101 0.00000 0.01899 0.00000 ( 1)
 331 D   0.98582 0.00000 0.01418 0.00000 ( 1)
 332 P   0.98157 0.00000 0.01843 0.00000 ( 1)
 333 W   0.97421 0.00000 0.02579 0.00000 ( 1)
 334 V   0.97033 0.00000 0.02967 0.00000 ( 1)
 335 Y   0.97824 0.00000 0.02176 0.00000 ( 1)
 336 A   0.97494 0.00000 0.02506 0.00000 ( 1)
 337 I   0.98474 0.00000 0.01526 0.00000 ( 1)
 338 N   0.97795 0.00000 0.02205 0.00000 ( 1)
 339 H   0.97181 0.00000 0.02819 0.00000 ( 1)
 340 P   0.98173 0.00000 0.01827 0.00000 ( 1)
 341 R   0.97305 0.00000 0.02695 0.00000 ( 1)
 342 Y   0.98127 0.00000 0.01873 0.00000 ( 1)
 343 R   0.97562 0.00000 0.02438 0.00000 ( 1)
 344 A   0.53560 0.00000 0.46440 0.00000 ( 1)
 345 E   0.98173 0.00000 0.01827 0.00000 ( 1)
 346 L   0.96685 0.00000 0.03315 0.00000 ( 1)
 347 Q   0.97588 0.00000 0.02412 0.00000 ( 1)
 348 K   0.97741 0.00000 0.02259 0.00000 ( 1)
 349 R   0.96358 0.00000 0.03642 0.00000 ( 1)
 350 L   0.98029 0.00000 0.01971 0.00000 ( 1)
 351 P   0.97468 0.00000 0.02532 0.00000 ( 1)
 352 W   0.97421 0.00000 0.02579 0.00000 ( 1)
 353 M   0.98023 0.00000 0.01977 0.00000 ( 1)
 354 G   0.96954 0.00000 0.03046 0.00000 ( 1)
 355 V   0.97642 0.00000 0.02358 0.00000 ( 1)
 356 R   0.96565 0.00000 0.03435 0.00000 ( 1)
 357 E   0.98144 0.00000 0.01856 0.00000 ( 1)
 358 P   0.00000 0.94951 0.00000 0.05049 ( 2)
 359 D   0.97905 0.00000 0.02095 0.00000 ( 1)
 360 P   0.98168 0.00000 0.01832 0.00000 ( 1)
 361 E   0.98594 0.00000 0.01406 0.00000 ( 1)
 362 T   0.00000 0.94951 0.00000 0.05049 ( 2)
 363 Q   0.98258 0.00000 0.01742 0.00000 ( 1)
 364 S   0.98257 0.00000 0.01743 0.00000 ( 1)
 365 S   0.98304 0.00000 0.01696 0.00000 ( 1)
 366 N   0.97780 0.00000 0.02220 0.00000 ( 1)
 367 A   0.97704 0.00000 0.02296 0.00000 ( 1)
 368 S   0.98103 0.00000 0.01897 0.00000 ( 1)
 369 T   0.21269 0.00000 0.78731 0.00000 ( 3)
 370 T   0.98290 0.00000 0.01710 0.00000 ( 1)
 371 Q   0.61355 0.00000 0.38645 0.00000 ( 1)
 372 S   0.00638 0.94323 0.00024 0.05015 ( 2)
 373 Q   0.57061 0.00000 0.42939 0.00000 ( 1)
 374 S   0.00000 0.94951 0.00000 0.05049 ( 2)
 375 A   0.00000 0.94951 0.00000 0.05049 ( 2)
 376 D   0.94951 0.00000 0.05049 0.00000 ( 1)
 377 A   0.94951 0.00000 0.05049 0.00000 ( 1)


lnL = -74015.770414

