Supplemental results for CODEML (seqf: align.fa  treef: tree.nwk)


MLEs of dN/dS (w) for site classes (K=4)

site class             0        1       2a       2b
proportion       0.87633  0.02580  0.09507  0.00280
background w     0.04053  1.00000  0.04053  1.00000
foreground w     0.04053  1.00000 31.73345 31.73345

Naive Empirical Bayes (NEB) probabilities for 4 classes
(amino acids refer to 1st sequence: ColCroc|LWS3)

   1 M   0.96247 0.00000 0.03753 0.00000 ( 1)
   2 A   0.94429 0.00017 0.05552 0.00001 ( 1)
   3 T   0.00000 0.92144 0.00000 0.07856 ( 2)
   4 S   0.95159 0.00000 0.04841 0.00000 ( 1)
   5 M   0.94433 0.00000 0.05567 0.00000 ( 1)
   6 D   0.95660 0.00000 0.04340 0.00000 ( 1)
   7 P   0.94990 0.00000 0.05010 0.00000 ( 1)
   8 A   0.92892 0.00000 0.07108 0.00000 ( 1)
   9 P   0.93102 0.00000 0.06898 0.00000 ( 1)
  10 G   0.95100 0.00000 0.04900 0.00000 ( 1)
  11 V   0.00000 0.93309 0.00000 0.06691 ( 2)
  12 A   0.94184 0.00000 0.05816 0.00000 ( 1)
  13 A   0.94678 0.00000 0.05322 0.00000 ( 1)
  14 M   0.93235 0.00000 0.06765 0.00000 ( 1)
  15 Q   0.93428 0.00000 0.06572 0.00000 ( 1)
  16 T   0.93598 0.00000 0.06402 0.00000 ( 1)
  17 W   0.93556 0.00000 0.06444 0.00000 ( 1)
  18 G   0.95151 0.00000 0.04849 0.00000 ( 1)
  19 G   0.95136 0.00000 0.04864 0.00000 ( 1)
  20 H   0.93040 0.00000 0.06960 0.00000 ( 1)
  21 A   0.02544 0.00000 0.97456 0.00000 ( 3)
  22 E   0.94684 0.00000 0.05316 0.00000 ( 1)
  23 A   0.95587 0.00000 0.04413 0.00000 ( 1)
  24 Y   0.94773 0.00000 0.05227 0.00000 ( 1)
  25 S   0.95156 0.00000 0.04844 0.00000 ( 1)
  26 A   0.95314 0.00000 0.04686 0.00000 ( 1)
  27 N   0.95635 0.00000 0.04365 0.00000 ( 1)
  28 Q   0.93167 0.00000 0.06833 0.00000 ( 1)
  29 T   0.95665 0.00000 0.04335 0.00000 ( 1)
  30 V   0.95610 0.00000 0.04390 0.00000 ( 1)
  31 V   0.95700 0.00000 0.04300 0.00000 ( 1)
  32 D   0.95737 0.00000 0.04263 0.00000 ( 1)
  33 K   0.94199 0.00000 0.05801 0.00000 ( 1)
  34 V   0.94716 0.00000 0.05284 0.00000 ( 1)
  35 L   0.13639 0.70505 0.03506 0.12350 ( 2)
  36 P   0.93186 0.00000 0.06814 0.00000 ( 1)
  37 E   0.93725 0.00000 0.06275 0.00000 ( 1)
  38 M   0.96019 0.00000 0.03981 0.00000 ( 1)
  39 L   0.93138 0.00000 0.06862 0.00000 ( 1)
  40 H   0.94897 0.00000 0.05103 0.00000 ( 1)
  41 L   0.01972 0.00000 0.98028 0.00000 ( 3)
  42 I   0.03274 0.00000 0.96726 0.00000 ( 3)
  43 D   0.95725 0.00000 0.04275 0.00000 ( 1)
  44 A   0.93124 0.00000 0.06876 0.00000 ( 1)
  45 H   0.94690 0.00000 0.05310 0.00000 ( 1)
  46 W   0.93556 0.00000 0.06444 0.00000 ( 1)
  47 Y   0.93543 0.00000 0.06457 0.00000 ( 1)
  48 Q   0.92794 0.00000 0.07206 0.00000 ( 1)
  49 F   0.94885 0.00000 0.05115 0.00000 ( 1)
  50 P   0.93119 0.00000 0.06881 0.00000 ( 1)
  51 P   0.93882 0.00000 0.06118 0.00000 ( 1)
  52 M   0.96246 0.00000 0.03754 0.00000 ( 1)
  53 N   0.95569 0.00000 0.04431 0.00000 ( 1)
  54 P   0.93809 0.00000 0.06191 0.00000 ( 1)
  55 L   0.92433 0.00000 0.07567 0.00000 ( 1)
  56 W   0.93556 0.00000 0.06444 0.00000 ( 1)
  57 Y   0.94851 0.00000 0.05149 0.00000 ( 1)
  58 G   0.93715 0.00000 0.06285 0.00000 ( 1)
  59 L   0.93043 0.00000 0.06957 0.00000 ( 1)
  60 L   0.93254 0.00000 0.06746 0.00000 ( 1)
  61 G   0.93805 0.00000 0.06195 0.00000 ( 1)
  62 F   0.95854 0.00000 0.04146 0.00000 ( 1)
  63 T   0.94408 0.00000 0.05592 0.00000 ( 1)
  64 I   0.95086 0.00000 0.04914 0.00000 ( 1)
  65 C   0.95155 0.00000 0.04845 0.00000 ( 1)
  66 I   0.00000 0.93842 0.00000 0.06158 ( 2)
  67 L   0.93595 0.00000 0.06405 0.00000 ( 1)
  68 A   0.94856 0.00000 0.05144 0.00000 ( 1)
  69 F   0.95903 0.00000 0.04097 0.00000 ( 1)
  70 I   0.95984 0.00000 0.04016 0.00000 ( 1)
  71 S   0.92956 0.00000 0.07044 0.00000 ( 1)
  72 V   0.96070 0.00000 0.03930 0.00000 ( 1)
  73 T   0.94371 0.00000 0.05629 0.00000 ( 1)
  74 G   0.95149 0.00000 0.04851 0.00000 ( 1)
  75 N   0.95623 0.00000 0.04377 0.00000 ( 1)
  76 G   0.92892 0.00000 0.07108 0.00000 ( 1)
  77 M   0.96247 0.00000 0.03753 0.00000 ( 1)
  78 V   0.94623 0.00000 0.05377 0.00000 ( 1)
  79 I   0.93460 0.00000 0.06540 0.00000 ( 1)
  80 Y   0.94774 0.00000 0.05226 0.00000 ( 1)
  81 I   0.95137 0.00000 0.04863 0.00000 ( 1)
  82 F   0.95948 0.00000 0.04052 0.00000 ( 1)
  83 S   0.93541 0.00000 0.06459 0.00000 ( 1)
  84 T   0.84796 0.00054 0.15142 0.00009 ( 1)
  85 T   0.93597 0.00000 0.06403 0.00000 ( 1)
  86 K   0.94675 0.00000 0.05325 0.00000 ( 1)
  87 S   0.00000 0.93929 0.00000 0.06071 ( 2)
  88 L   0.95359 0.00000 0.04641 0.00000 ( 1)
  89 K   0.93840 0.00000 0.06160 0.00000 ( 1)
  90 T   0.93579 0.00000 0.06421 0.00000 ( 1)
  91 P   0.93126 0.00000 0.06874 0.00000 ( 1)
  92 S   0.92779 0.00000 0.07221 0.00000 ( 1)
  93 N   0.95627 0.00000 0.04373 0.00000 ( 1)
  94 L   0.88227 0.00000 0.11773 0.00000 ( 1)
  95 L   0.92529 0.00000 0.07471 0.00000 ( 1)
  96 V   0.93919 0.00000 0.06081 0.00000 ( 1)
  97 V   0.93655 0.00000 0.06345 0.00000 ( 1)
  98 N   0.94493 0.00000 0.05507 0.00000 ( 1)
  99 L   0.92521 0.00000 0.07479 0.00000 ( 1)
 100 A   0.94240 0.00000 0.05760 0.00000 ( 1)
 101 F   0.95232 0.00000 0.04768 0.00000 ( 1)
 102 S   0.93981 0.00000 0.06019 0.00000 ( 1)
 103 D   0.95493 0.00000 0.04507 0.00000 ( 1)
 104 F   0.95939 0.00000 0.04061 0.00000 ( 1)
 105 L   0.92824 0.00000 0.07176 0.00000 ( 1)
 106 M   0.96247 0.00000 0.03753 0.00000 ( 1)
 107 M   0.96247 0.00000 0.03753 0.00000 ( 1)
 108 A   0.00108 0.00000 0.99892 0.00000 ( 3)
 109 M   0.00000 0.92446 0.00000 0.07554 ( 2)
 110 M   0.96247 0.00000 0.03753 0.00000 ( 1)
 111 A   0.93744 0.00000 0.06256 0.00000 ( 1)
 112 P   0.94175 0.00000 0.05825 0.00000 ( 1)
 113 P   0.15989 0.02445 0.81093 0.00473 ( 3)
 114 L   0.96247 0.00000 0.03753 0.00000 ( 1)
 115 C   0.94410 0.00000 0.05590 0.00000 ( 1)
 116 I   0.87050 0.00000 0.12950 0.00000 ( 1)
 117 N   0.94450 0.00000 0.05550 0.00000 ( 1)
 118 S   0.93670 0.00000 0.06330 0.00000 ( 1)
 119 Y   0.94316 0.00000 0.05684 0.00000 ( 1)
 120 Y   0.02271 0.00000 0.97729 0.00000 ( 3)
 121 Q   0.93987 0.00000 0.06013 0.00000 ( 1)
 122 T   0.93541 0.00000 0.06459 0.00000 ( 1)
 123 W   0.93556 0.00000 0.06444 0.00000 ( 1)
 124 V   0.93664 0.00000 0.06336 0.00000 ( 1)
 125 F   0.94985 0.00000 0.05015 0.00000 ( 1)
 126 G   0.93783 0.00000 0.06217 0.00000 ( 1)
 127 P   0.93184 0.00000 0.06816 0.00000 ( 1)
 128 V   0.93172 0.00000 0.06828 0.00000 ( 1)
 129 A   0.93825 0.00000 0.06175 0.00000 ( 1)
 130 C   0.93677 0.00000 0.06323 0.00000 ( 1)
 131 Q   0.93986 0.00000 0.06014 0.00000 ( 1)
 132 F   0.92494 0.00000 0.07506 0.00000 ( 1)
 133 Y   0.94764 0.00000 0.05236 0.00000 ( 1)
 134 A   0.94424 0.00000 0.05576 0.00000 ( 1)
 135 C   0.93611 0.00000 0.06389 0.00000 ( 1)
 136 F   0.94581 0.00066 0.05348 0.00005 ( 1)
 137 G   0.94106 0.00000 0.05894 0.00000 ( 1)
 138 S   0.92802 0.00000 0.07198 0.00000 ( 1)
 139 L   0.92428 0.00000 0.07572 0.00000 ( 1)
 140 F   0.95935 0.00000 0.04065 0.00000 ( 1)
 141 G   0.94079 0.00000 0.05921 0.00000 ( 1)
 142 C   0.76329 0.00000 0.23671 0.00000 ( 1)
 143 V   0.00561 0.00000 0.99439 0.00000 ( 3)
 144 S   0.93348 0.00000 0.06652 0.00000 ( 1)
 145 I   0.94906 0.00000 0.05094 0.00000 ( 1)
 146 W   0.93556 0.00000 0.06444 0.00000 ( 1)
 147 T   0.93724 0.00000 0.06276 0.00000 ( 1)
 148 M   0.96247 0.00000 0.03753 0.00000 ( 1)
 149 T   0.94289 0.00000 0.05711 0.00000 ( 1)
 150 A   0.96247 0.00000 0.03753 0.00000 ( 1)
 151 I   0.95064 0.00000 0.04936 0.00000 ( 1)
 152 A   0.95562 0.00000 0.04438 0.00000 ( 1)
 153 F   0.95946 0.00000 0.04054 0.00000 ( 1)
 154 D   0.95736 0.00000 0.04264 0.00000 ( 1)
 155 R   0.91741 0.00000 0.08259 0.00000 ( 1)
 156 Y   0.94775 0.00000 0.05225 0.00000 ( 1)
 157 N   0.94520 0.00000 0.05480 0.00000 ( 1)
 158 V   0.95152 0.00000 0.04848 0.00000 ( 1)
 159 I   0.95981 0.00000 0.04019 0.00000 ( 1)
 160 V   0.93845 0.00000 0.06155 0.00000 ( 1)
 161 K   0.94653 0.00000 0.05347 0.00000 ( 1)
 162 G   0.93847 0.00000 0.06153 0.00000 ( 1)
 163 I   0.95756 0.00000 0.04244 0.00000 ( 1)
 164 A   0.95581 0.00000 0.04419 0.00000 ( 1)
 165 A   0.95210 0.00000 0.04790 0.00000 ( 1)
 166 K   0.94651 0.00000 0.05349 0.00000 ( 1)
 167 P   0.93138 0.00000 0.06862 0.00000 ( 1)
 168 L   0.89455 0.00000 0.10545 0.00000 ( 1)
 169 T   0.95652 0.00000 0.04348 0.00000 ( 1)
 170 V   0.02675 0.00000 0.97325 0.00000 ( 3)
 171 N   0.94947 0.00000 0.05053 0.00000 ( 1)
 172 G   0.92898 0.00000 0.07102 0.00000 ( 1)
 173 A   0.94383 0.00000 0.05617 0.00000 ( 1)
 174 L   0.93300 0.00000 0.06700 0.00000 ( 1)
 175 L   0.93264 0.00000 0.06736 0.00000 ( 1)
 176 Q   0.91742 0.00000 0.08258 0.00000 ( 1)
 177 I   0.95478 0.00000 0.04522 0.00000 ( 1)
 178 F   0.94036 0.00000 0.05964 0.00000 ( 1)
 179 G   0.94855 0.00000 0.05145 0.00000 ( 1)
 180 V   0.96054 0.00000 0.03946 0.00000 ( 1)
 181 W   0.93556 0.00000 0.06444 0.00000 ( 1)
 182 A   0.00000 0.91413 0.00000 0.08587 ( 2)
 183 F   0.95958 0.00000 0.04042 0.00000 ( 1)
 184 S   0.92800 0.00000 0.07200 0.00000 ( 1)
 185 L   0.93999 0.00000 0.06001 0.00000 ( 1)
 186 A   0.93609 0.00001 0.06390 0.00000 ( 1)
 187 W   0.93556 0.00000 0.06444 0.00000 ( 1)
 188 T   0.94355 0.00000 0.05645 0.00000 ( 1)
 189 L   0.03459 0.00000 0.96541 0.00000 ( 3)
 190 A   0.93722 0.00000 0.06278 0.00000 ( 1)
 191 P   0.93118 0.00000 0.06882 0.00000 ( 1)
 192 I   0.00691 0.00000 0.99309 0.00000 ( 3)
 193 F   0.95909 0.00000 0.04091 0.00000 ( 1)
 194 G   0.93625 0.00000 0.06375 0.00000 ( 1)
 195 W   0.93556 0.00000 0.06444 0.00000 ( 1)
 196 S   0.95500 0.00000 0.04500 0.00000 ( 1)
 197 R   0.94462 0.00000 0.05538 0.00000 ( 1)
 198 Y   0.94038 0.00000 0.05962 0.00000 ( 1)
 199 V   0.94109 0.00000 0.05891 0.00000 ( 1)
 200 P   0.93865 0.00000 0.06135 0.00000 ( 1)
 201 E   0.93463 0.00000 0.06537 0.00000 ( 1)
 202 G   0.94747 0.00000 0.05253 0.00000 ( 1)
 203 N   0.95640 0.00000 0.04360 0.00000 ( 1)
 204 M   0.96247 0.00000 0.03753 0.00000 ( 1)
 205 T   0.95246 0.00000 0.04754 0.00000 ( 1)
 206 A   0.95292 0.00000 0.04708 0.00000 ( 1)
 207 C   0.94477 0.00000 0.05523 0.00000 ( 1)
 208 G   0.92890 0.00000 0.07110 0.00000 ( 1)
 209 T   0.94355 0.00000 0.05645 0.00000 ( 1)
 210 D   0.95735 0.00000 0.04265 0.00000 ( 1)
 211 Y   0.94767 0.00000 0.05233 0.00000 ( 1)
 212 L   0.33709 0.00000 0.66291 0.00000 ( 3)
 213 S   0.00000 0.94112 0.00000 0.05888 ( 2)
 214 K   0.94675 0.00000 0.05325 0.00000 ( 1)
 215 D   0.94843 0.00000 0.05157 0.00000 ( 1)
 216 L   0.93556 0.00000 0.06444 0.00000 ( 1)
 217 L   0.00000 0.93963 0.00000 0.06037 ( 2)
 218 S   0.95415 0.00000 0.04585 0.00000 ( 1)
 219 Q   0.94271 0.00000 0.05729 0.00000 ( 1)
 220 I   0.95415 0.00000 0.04585 0.00000 ( 1)
 221 Y   0.94772 0.00000 0.05228 0.00000 ( 1)
 222 I   0.96081 0.00000 0.03919 0.00000 ( 1)
 223 I   0.93333 0.00000 0.06667 0.00000 ( 1)
 224 T   0.92597 0.00000 0.07403 0.00000 ( 1)
 225 Y   0.94774 0.00000 0.05226 0.00000 ( 1)
 226 S   0.92796 0.00000 0.07204 0.00000 ( 1)
 227 I   0.91618 0.00000 0.08382 0.00000 ( 1)
 228 A   0.95960 0.00000 0.04040 0.00000 ( 1)
 229 C   0.95573 0.00000 0.04427 0.00000 ( 1)
 230 Y   0.94774 0.00000 0.05226 0.00000 ( 1)
 231 F   0.95908 0.00000 0.04092 0.00000 ( 1)
 232 L   0.00000 0.89496 0.00000 0.10504 ( 2)
 233 P   0.93881 0.00000 0.06119 0.00000 ( 1)
 234 L   0.93338 0.00000 0.06662 0.00000 ( 1)
 235 A   0.60211 0.00000 0.39789 0.00000 ( 1)
 236 L   0.95357 0.00000 0.04643 0.00000 ( 1)
 237 I   0.96076 0.00000 0.03924 0.00000 ( 1)
 238 V   0.96074 0.00000 0.03926 0.00000 ( 1)
 239 Y   0.94769 0.00000 0.05231 0.00000 ( 1)
 240 S   0.94019 0.00000 0.05981 0.00000 ( 1)
 241 Y   0.94768 0.00000 0.05232 0.00000 ( 1)
 242 F   0.95920 0.00000 0.04080 0.00000 ( 1)
 243 F   0.95958 0.00000 0.04042 0.00000 ( 1)
 244 I   0.94922 0.00000 0.05078 0.00000 ( 1)
 245 V   0.94310 0.00000 0.05690 0.00000 ( 1)
 246 Q   0.93491 0.00000 0.06509 0.00000 ( 1)
 247 A   0.94556 0.00000 0.05444 0.00000 ( 1)
 248 V   0.93629 0.00000 0.06371 0.00000 ( 1)
 249 A   0.93581 0.00000 0.06419 0.00000 ( 1)
 250 A   0.94390 0.00000 0.05610 0.00000 ( 1)
 251 H   0.94932 0.00000 0.05068 0.00000 ( 1)
 252 E   0.94117 0.00000 0.05883 0.00000 ( 1)
 253 K   0.93848 0.00000 0.06152 0.00000 ( 1)
 254 A   0.95438 0.00000 0.04562 0.00000 ( 1)
 255 M   0.96247 0.00000 0.03753 0.00000 ( 1)
 256 R   0.94494 0.00000 0.05506 0.00000 ( 1)
 257 E   0.93984 0.00000 0.06016 0.00000 ( 1)
 258 Q   0.93211 0.00000 0.06789 0.00000 ( 1)
 259 A   0.94584 0.00000 0.05416 0.00000 ( 1)
 260 K   0.94674 0.00000 0.05326 0.00000 ( 1)
 261 K   0.93841 0.00000 0.06159 0.00000 ( 1)
 262 M   0.96247 0.00000 0.03753 0.00000 ( 1)
 263 N   0.95632 0.00000 0.04368 0.00000 ( 1)
 264 V   0.94420 0.00000 0.05580 0.00000 ( 1)
 265 A   0.94389 0.00000 0.05611 0.00000 ( 1)
 266 S   0.94015 0.00000 0.05985 0.00000 ( 1)
 267 L   0.94844 0.00000 0.05156 0.00000 ( 1)
 268 R   0.93426 0.00000 0.06574 0.00000 ( 1)
 269 S   0.92793 0.00000 0.07207 0.00000 ( 1)
 270 S   0.94020 0.00000 0.05980 0.00000 ( 1)
 271 E   0.93708 0.00000 0.06292 0.00000 ( 1)
 272 Q   0.75682 0.00000 0.24318 0.00000 ( 1)
 273 A   0.94684 0.00000 0.05316 0.00000 ( 1)
 274 N   0.95639 0.00000 0.04361 0.00000 ( 1)
 275 T   0.95548 0.00000 0.04452 0.00000 ( 1)
 276 S   0.95408 0.00000 0.04592 0.00000 ( 1)
 277 A   0.94404 0.00000 0.05596 0.00000 ( 1)
 278 E   0.93984 0.00000 0.06016 0.00000 ( 1)
 279 C   0.94847 0.00000 0.05153 0.00000 ( 1)
 280 K   0.93842 0.00000 0.06158 0.00000 ( 1)
 281 L   0.93451 0.00000 0.06549 0.00000 ( 1)
 282 A   0.94393 0.00000 0.05607 0.00000 ( 1)
 283 K   0.94675 0.00000 0.05325 0.00000 ( 1)
 284 V   0.94414 0.00000 0.05586 0.00000 ( 1)
 285 A   0.93740 0.00000 0.06260 0.00000 ( 1)
 286 L   0.93705 0.00000 0.06295 0.00000 ( 1)
 287 M   0.96247 0.00000 0.03753 0.00000 ( 1)
 288 T   0.95630 0.00000 0.04370 0.00000 ( 1)
 289 I   0.95384 0.00000 0.04616 0.00000 ( 1)
 290 S   0.93865 0.00000 0.06135 0.00000 ( 1)
 291 L   0.92882 0.00000 0.07118 0.00000 ( 1)
 292 W   0.93556 0.00000 0.06444 0.00000 ( 1)
 293 F   0.95950 0.00000 0.04050 0.00000 ( 1)
 294 M   0.96247 0.00000 0.03753 0.00000 ( 1)
 295 A   0.93983 0.00000 0.06017 0.00000 ( 1)
 296 W   0.93556 0.00000 0.06444 0.00000 ( 1)
 297 T   0.94420 0.00000 0.05580 0.00000 ( 1)
 298 P   0.93118 0.00000 0.06882 0.00000 ( 1)
 299 Y   0.94760 0.00000 0.05240 0.00000 ( 1)
 300 L   0.93302 0.00000 0.06698 0.00000 ( 1)
 301 V   0.94702 0.00000 0.05298 0.00000 ( 1)
 302 I   0.96081 0.00000 0.03919 0.00000 ( 1)
 303 N   0.95626 0.00000 0.04374 0.00000 ( 1)
 304 F   0.94136 0.00000 0.05864 0.00000 ( 1)
 305 A   0.94474 0.00000 0.05526 0.00000 ( 1)
 306 G   0.92890 0.00000 0.07110 0.00000 ( 1)
 307 V   0.94182 0.00000 0.05818 0.00000 ( 1)
 308 F   0.95947 0.00000 0.04053 0.00000 ( 1)
 309 E   0.94707 0.00000 0.05293 0.00000 ( 1)
 310 T   0.02314 0.00000 0.97686 0.00000 ( 3)
 311 A   0.93975 0.00000 0.06025 0.00000 ( 1)
 312 P   0.94097 0.00000 0.05903 0.00000 ( 1)
 313 I   0.96084 0.00000 0.03916 0.00000 ( 1)
 314 S   0.95409 0.00000 0.04591 0.00000 ( 1)
 315 P   0.93761 0.00000 0.06239 0.00000 ( 1)
 316 L   0.93465 0.00000 0.06535 0.00000 ( 1)
 317 S   0.95578 0.00000 0.04422 0.00000 ( 1)
 318 T   0.95656 0.00000 0.04344 0.00000 ( 1)
 319 I   0.96067 0.00000 0.03933 0.00000 ( 1)
 320 W   0.93556 0.00000 0.06444 0.00000 ( 1)
 321 G   0.94593 0.00000 0.05407 0.00000 ( 1)
 322 S   0.93514 0.00000 0.06486 0.00000 ( 1)
 323 V   0.02314 0.00000 0.97686 0.00000 ( 3)
 324 F   0.95816 0.00000 0.04184 0.00000 ( 1)
 325 A   0.95680 0.00000 0.04320 0.00000 ( 1)
 326 K   0.94674 0.00000 0.05326 0.00000 ( 1)
 327 A   0.94390 0.00000 0.05610 0.00000 ( 1)
 328 N   0.94495 0.00000 0.05505 0.00000 ( 1)
 329 A   0.94795 0.00000 0.05205 0.00000 ( 1)
 330 V   0.95662 0.00000 0.04338 0.00000 ( 1)
 331 Y   0.94766 0.00000 0.05234 0.00000 ( 1)
 332 N   0.94508 0.00000 0.05492 0.00000 ( 1)
 333 P   0.93879 0.00000 0.06121 0.00000 ( 1)
 334 I   0.94924 0.00000 0.05076 0.00000 ( 1)
 335 V   0.93628 0.00000 0.06372 0.00000 ( 1)
 336 Y   0.93543 0.00000 0.06457 0.00000 ( 1)
 337 G   0.93853 0.00000 0.06147 0.00000 ( 1)
 338 I   0.96086 0.00000 0.03914 0.00000 ( 1)
 339 S   0.95415 0.00000 0.04585 0.00000 ( 1)
 340 H   0.94264 0.00000 0.05736 0.00000 ( 1)
 341 P   0.93883 0.00000 0.06117 0.00000 ( 1)
 342 K   0.93840 0.00000 0.06160 0.00000 ( 1)
 343 Y   0.94772 0.00000 0.05228 0.00000 ( 1)
 344 R   0.94268 0.00000 0.05732 0.00000 ( 1)
 345 A   0.94669 0.00000 0.05331 0.00000 ( 1)
 346 A   0.94618 0.00000 0.05382 0.00000 ( 1)
 347 L   0.93290 0.00000 0.06710 0.00000 ( 1)
 348 Y   0.94774 0.00000 0.05226 0.00000 ( 1)
 349 Q   0.93491 0.00000 0.06509 0.00000 ( 1)
 350 R   0.94458 0.00000 0.05542 0.00000 ( 1)
 351 F   0.95960 0.00000 0.04040 0.00000 ( 1)
 352 P   0.93450 0.00000 0.06550 0.00000 ( 1)
 353 S   0.86891 0.00000 0.13109 0.00000 ( 1)
 354 L   0.93337 0.00000 0.06663 0.00000 ( 1)
 355 A   0.04597 0.00000 0.95403 0.00000 ( 3)
 356 C   0.94849 0.00000 0.05151 0.00000 ( 1)
 357 Q   0.93489 0.00000 0.06511 0.00000 ( 1)
 358 P   0.01829 0.00511 0.97216 0.00444 ( 3)
 359 S   0.93955 0.00000 0.06045 0.00000 ( 1)
 360 P   0.95034 0.00000 0.04966 0.00000 ( 1)
 361 E   0.34365 0.00000 0.65635 0.00000 ( 3)
 362 E   0.94524 0.00000 0.05476 0.00000 ( 1)
 363 T   0.00000 0.91640 0.00000 0.08360 ( 2)
 364 G   0.95150 0.00000 0.04850 0.00000 ( 1)
 365 S   0.95129 0.00000 0.04871 0.00000 ( 1)
 366 V   0.94737 0.00000 0.05263 0.00000 ( 1)
 367 A   0.95518 0.00000 0.04482 0.00000 ( 1)
 368 S   0.95066 0.00000 0.04934 0.00000 ( 1)
 369 A   0.95123 0.00000 0.04877 0.00000 ( 1)
 370 A   0.95669 0.00000 0.04331 0.00000 ( 1)
 371 T   0.95651 0.00000 0.04349 0.00000 ( 1)
 372 A   0.95565 0.00000 0.04435 0.00000 ( 1)
 373 C   0.95506 0.00000 0.04494 0.00000 ( 1)
 374 T   0.95099 0.00000 0.04901 0.00000 ( 1)
 375 E   0.94797 0.00000 0.05203 0.00000 ( 1)
 376 E   0.94810 0.00000 0.05190 0.00000 ( 1)
 377 K   0.94544 0.00000 0.05456 0.00000 ( 1)
 378 P   0.94895 0.00000 0.05105 0.00000 ( 1)
 379 S   0.02306 0.00000 0.97694 0.00000 ( 3)
 380 A   0.94692 0.00000 0.05308 0.00000 ( 1)


lnL = -69090.306488

Bayes Empirical Bayes (BEB) probabilities for 4 classes (class)
(amino acids refer to 1st sequence: ColCroc|LWS3)

   1 M   0.80838 0.00000 0.19162 0.00000 ( 1)
   2 A   0.78932 0.00000 0.21068 0.00000 ( 1)
   3 T   0.00000 0.76994 0.00000 0.23006 ( 2)
   4 S   0.79534 0.00000 0.20466 0.00000 ( 1)
   5 M   0.78878 0.00000 0.21122 0.00000 ( 1)
   6 D   0.80133 0.00000 0.19867 0.00000 ( 1)
   7 P   0.79391 0.00000 0.20609 0.00000 ( 1)
   8 A   0.77580 0.00000 0.22420 0.00000 ( 1)
   9 P   0.77738 0.00000 0.22262 0.00000 ( 1)
  10 G   0.79486 0.00000 0.20514 0.00000 ( 1)
  11 V   0.00000 0.77902 0.00000 0.22098 ( 2)
  12 A   0.78702 0.00000 0.21298 0.00000 ( 1)
  13 A   0.79144 0.00000 0.20856 0.00000 ( 1)
  14 M   0.77880 0.00000 0.22120 0.00000 ( 1)
  15 Q   0.77969 0.00000 0.22031 0.00000 ( 1)
  16 T   0.78160 0.00000 0.21840 0.00000 ( 1)
  17 W   0.78067 0.00000 0.21933 0.00000 ( 1)
  18 G   0.79529 0.00000 0.20471 0.00000 ( 1)
  19 G   0.79514 0.00000 0.20486 0.00000 ( 1)
  20 H   0.77672 0.00000 0.22328 0.00000 ( 1)
  21 A   0.02768 0.00000 0.97232 0.00000 ( 3)
  22 E   0.79151 0.00000 0.20849 0.00000 ( 1)
  23 A   0.80168 0.00000 0.19832 0.00000 ( 1)
  24 Y   0.79163 0.00000 0.20837 0.00000 ( 1)
  25 S   0.79534 0.00000 0.20466 0.00000 ( 1)
  26 A   0.79768 0.00000 0.20232 0.00000 ( 1)
  27 N   0.80069 0.00000 0.19931 0.00000 ( 1)
  28 Q   0.77769 0.00000 0.22231 0.00000 ( 1)
  29 T   0.80214 0.00000 0.19786 0.00000 ( 1)
  30 V   0.80243 0.00000 0.19757 0.00000 ( 1)
  31 V   0.80353 0.00000 0.19647 0.00000 ( 1)
  32 D   0.80207 0.00000 0.19793 0.00000 ( 1)
  33 K   0.78646 0.00000 0.21354 0.00000 ( 1)
  34 V   0.79207 0.00000 0.20793 0.00000 ( 1)
  35 L   0.65598 0.02567 0.30836 0.00999 ( 1)
  36 P   0.77801 0.00000 0.22199 0.00000 ( 1)
  37 E   0.78209 0.00000 0.21791 0.00000 ( 1)
  38 M   0.80639 0.00000 0.19361 0.00000 ( 1)
  39 L   0.77799 0.00000 0.22201 0.00000 ( 1)
  40 H   0.79252 0.00000 0.20748 0.00000 ( 1)
  41 L   0.02355 0.00000 0.97645 0.00000 ( 3)
  42 I   0.03086 0.00000 0.96914 0.00000 ( 3)
  43 D   0.80201 0.00000 0.19799 0.00000 ( 1)
  44 A   0.77752 0.00000 0.22248 0.00000 ( 1)
  45 H   0.79064 0.00000 0.20936 0.00000 ( 1)
  46 W   0.78067 0.00000 0.21933 0.00000 ( 1)
  47 Y   0.78079 0.00000 0.21921 0.00000 ( 1)
  48 Q   0.77495 0.00000 0.22505 0.00000 ( 1)
  49 F   0.79300 0.00000 0.20700 0.00000 ( 1)
  50 P   0.77748 0.00000 0.22252 0.00000 ( 1)
  51 P   0.78356 0.00000 0.21644 0.00000 ( 1)
  52 M   0.80837 0.00000 0.19163 0.00000 ( 1)
  53 N   0.80003 0.00000 0.19997 0.00000 ( 1)
  54 P   0.78294 0.00000 0.21706 0.00000 ( 1)
  55 L   0.77258 0.00000 0.22742 0.00000 ( 1)
  56 W   0.78067 0.00000 0.21933 0.00000 ( 1)
  57 Y   0.79221 0.00000 0.20779 0.00000 ( 1)
  58 G   0.78230 0.00000 0.21770 0.00000 ( 1)
  59 L   0.78107 0.00000 0.21893 0.00000 ( 1)
  60 L   0.77867 0.00000 0.22133 0.00000 ( 1)
  61 G   0.78301 0.00000 0.21699 0.00000 ( 1)
  62 F   0.80426 0.00000 0.19574 0.00000 ( 1)
  63 T   0.78880 0.00000 0.21120 0.00000 ( 1)
  64 I   0.79563 0.00000 0.20437 0.00000 ( 1)
  65 C   0.79533 0.00000 0.20467 0.00000 ( 1)
  66 I   0.00000 0.78251 0.00000 0.21749 ( 2)
  67 L   0.78872 0.00000 0.21128 0.00000 ( 1)
  68 A   0.79243 0.00000 0.20757 0.00000 ( 1)
  69 F   0.80469 0.00000 0.19531 0.00000 ( 1)
  70 I   0.80667 0.00000 0.19333 0.00000 ( 1)
  71 S   0.77666 0.00000 0.22334 0.00000 ( 1)
  72 V   0.80746 0.00000 0.19254 0.00000 ( 1)
  73 T   0.78836 0.00000 0.21164 0.00000 ( 1)
  74 G   0.79527 0.00000 0.20473 0.00000 ( 1)
  75 N   0.80059 0.00000 0.19941 0.00000 ( 1)
  76 G   0.77580 0.00000 0.22420 0.00000 ( 1)
  77 M   0.80838 0.00000 0.19162 0.00000 ( 1)
  78 V   0.79124 0.00000 0.20876 0.00000 ( 1)
  79 I   0.78055 0.00000 0.21945 0.00000 ( 1)
  80 Y   0.79164 0.00000 0.20836 0.00000 ( 1)
  81 I   0.79652 0.00000 0.20348 0.00000 ( 1)
  82 F   0.80514 0.00000 0.19486 0.00000 ( 1)
  83 S   0.78098 0.00000 0.21902 0.00000 ( 1)
  84 T   0.71650 0.00000 0.28350 0.00000 ( 1)
  85 T   0.78149 0.00000 0.21851 0.00000 ( 1)
  86 K   0.79050 0.00000 0.20950 0.00000 ( 1)
  87 S   0.00000 0.78193 0.00000 0.21807 ( 2)
  88 L   0.79770 0.00000 0.20230 0.00000 ( 1)
  89 K   0.78302 0.00000 0.21698 0.00000 ( 1)
  90 T   0.78133 0.00000 0.21867 0.00000 ( 1)
  91 P   0.77754 0.00000 0.22246 0.00000 ( 1)
  92 S   0.77517 0.00000 0.22483 0.00000 ( 1)
  93 N   0.80064 0.00000 0.19936 0.00000 ( 1)
  94 L   0.76909 0.00000 0.23091 0.00000 ( 1)
  95 L   0.77336 0.00000 0.22664 0.00000 ( 1)
  96 V   0.78459 0.00000 0.21541 0.00000 ( 1)
  97 V   0.78219 0.00000 0.21781 0.00000 ( 1)
  98 N   0.78879 0.00000 0.21121 0.00000 ( 1)
  99 L   0.77355 0.00000 0.22645 0.00000 ( 1)
 100 A   0.78736 0.00000 0.21264 0.00000 ( 1)
 101 F   0.79701 0.00000 0.20299 0.00000 ( 1)
 102 S   0.78496 0.00000 0.21504 0.00000 ( 1)
 103 D   0.79959 0.00000 0.20041 0.00000 ( 1)
 104 F   0.80511 0.00000 0.19489 0.00000 ( 1)
 105 L   0.77628 0.00000 0.22372 0.00000 ( 1)
 106 M   0.80838 0.00000 0.19162 0.00000 ( 1)
 107 M   0.80838 0.00000 0.19162 0.00000 ( 1)
 108 A   0.00581 0.00000 0.99419 0.00000 ( 3)
 109 M   0.00000 0.77267 0.00000 0.22733 ( 2)
 110 M   0.80838 0.00000 0.19162 0.00000 ( 1)
 111 A   0.78289 0.00000 0.21711 0.00000 ( 1)
 112 P   0.78607 0.00000 0.21393 0.00000 ( 1)
 113 P   0.18850 0.00013 0.81131 0.00005 ( 3)
 114 L   0.80838 0.00000 0.19162 0.00000 ( 1)
 115 C   0.78909 0.00000 0.21091 0.00000 ( 1)
 116 I   0.72986 0.00000 0.27014 0.00000 ( 1)
 117 N   0.78848 0.00000 0.21152 0.00000 ( 1)
 118 S   0.78161 0.00000 0.21839 0.00000 ( 1)
 119 Y   0.78753 0.00000 0.21247 0.00000 ( 1)
 120 Y   0.02498 0.00000 0.97502 0.00000 ( 3)
 121 Q   0.78427 0.00000 0.21573 0.00000 ( 1)
 122 T   0.78098 0.00000 0.21902 0.00000 ( 1)
 123 W   0.78067 0.00000 0.21933 0.00000 ( 1)
 124 V   0.78227 0.00000 0.21773 0.00000 ( 1)
 125 F   0.79486 0.00000 0.20514 0.00000 ( 1)
 126 G   0.78270 0.00000 0.21730 0.00000 ( 1)
 127 P   0.77797 0.00000 0.22203 0.00000 ( 1)
 128 V   0.77932 0.00000 0.22068 0.00000 ( 1)
 129 A   0.78360 0.00000 0.21640 0.00000 ( 1)
 130 C   0.78169 0.00000 0.21831 0.00000 ( 1)
 131 Q   0.78426 0.00000 0.21574 0.00000 ( 1)
 132 F   0.77304 0.00000 0.22696 0.00000 ( 1)
 133 Y   0.79155 0.00000 0.20845 0.00000 ( 1)
 134 A   0.78899 0.00000 0.21101 0.00000 ( 1)
 135 C   0.78182 0.00000 0.21818 0.00000 ( 1)
 136 F   0.79136 0.00000 0.20863 0.00000 ( 1)
 137 G   0.78589 0.00000 0.21411 0.00000 ( 1)
 138 S   0.77535 0.00000 0.22465 0.00000 ( 1)
 139 L   0.77258 0.00000 0.22742 0.00000 ( 1)
 140 F   0.80502 0.00000 0.19498 0.00000 ( 1)
 141 G   0.78603 0.00000 0.21397 0.00000 ( 1)
 142 C   0.67535 0.00000 0.32465 0.00000 ( 1)
 143 V   0.01629 0.00000 0.98371 0.00000 ( 3)
 144 S   0.77965 0.00000 0.22035 0.00000 ( 1)
 145 I   0.79397 0.00000 0.20603 0.00000 ( 1)
 146 W   0.78067 0.00000 0.21933 0.00000 ( 1)
 147 T   0.78291 0.00000 0.21709 0.00000 ( 1)
 148 M   0.80838 0.00000 0.19162 0.00000 ( 1)
 149 T   0.78773 0.00000 0.21227 0.00000 ( 1)
 150 A   0.80838 0.00000 0.19162 0.00000 ( 1)
 151 I   0.79532 0.00000 0.20468 0.00000 ( 1)
 152 A   0.80140 0.00000 0.19860 0.00000 ( 1)
 153 F   0.80514 0.00000 0.19486 0.00000 ( 1)
 154 D   0.80207 0.00000 0.19793 0.00000 ( 1)
 155 R   0.76791 0.00000 0.23209 0.00000 ( 1)
 156 Y   0.79165 0.00000 0.20835 0.00000 ( 1)
 157 N   0.78911 0.00000 0.21089 0.00000 ( 1)
 158 V   0.79764 0.00000 0.20236 0.00000 ( 1)
 159 I   0.80644 0.00000 0.19356 0.00000 ( 1)
 160 V   0.78390 0.00000 0.21610 0.00000 ( 1)
 161 K   0.79037 0.00000 0.20963 0.00000 ( 1)
 162 G   0.78319 0.00000 0.21681 0.00000 ( 1)
 163 I   0.80422 0.00000 0.19578 0.00000 ( 1)
 164 A   0.80166 0.00000 0.19834 0.00000 ( 1)
 165 A   0.79765 0.00000 0.20235 0.00000 ( 1)
 166 K   0.79038 0.00000 0.20962 0.00000 ( 1)
 167 P   0.77764 0.00000 0.22236 0.00000 ( 1)
 168 L   0.75876 0.00000 0.24124 0.00000 ( 1)
 169 T   0.80201 0.00000 0.19799 0.00000 ( 1)
 170 V   0.02736 0.00000 0.97264 0.00000 ( 3)
 171 N   0.79586 0.00000 0.20414 0.00000 ( 1)
 172 G   0.77585 0.00000 0.22415 0.00000 ( 1)
 173 A   0.78857 0.00000 0.21143 0.00000 ( 1)
 174 L   0.77899 0.00000 0.22101 0.00000 ( 1)
 175 L   0.77871 0.00000 0.22129 0.00000 ( 1)
 176 Q   0.76792 0.00000 0.23208 0.00000 ( 1)
 177 I   0.80025 0.00000 0.19975 0.00000 ( 1)
 178 F   0.78488 0.00000 0.21512 0.00000 ( 1)
 179 G   0.79256 0.00000 0.20744 0.00000 ( 1)
 180 V   0.80737 0.00000 0.19263 0.00000 ( 1)
 181 W   0.78067 0.00000 0.21933 0.00000 ( 1)
 182 A   0.00000 0.76492 0.00000 0.23508 ( 2)
 183 F   0.80524 0.00000 0.19476 0.00000 ( 1)
 184 S   0.77534 0.00000 0.22466 0.00000 ( 1)
 185 L   0.78468 0.00000 0.21532 0.00000 ( 1)
 186 A   0.78170 0.00000 0.21830 0.00000 ( 1)
 187 W   0.78067 0.00000 0.21933 0.00000 ( 1)
 188 T   0.78812 0.00000 0.21188 0.00000 ( 1)
 189 L   0.04673 0.00000 0.95327 0.00000 ( 3)
 190 A   0.78269 0.00000 0.21731 0.00000 ( 1)
 191 P   0.77747 0.00000 0.22253 0.00000 ( 1)
 192 I   0.01580 0.00000 0.98420 0.00000 ( 3)
 193 F   0.80479 0.00000 0.19521 0.00000 ( 1)
 194 G   0.78196 0.00000 0.21804 0.00000 ( 1)
 195 W   0.78067 0.00000 0.21933 0.00000 ( 1)
 196 S   0.79925 0.00000 0.20075 0.00000 ( 1)
 197 R   0.78843 0.00000 0.21157 0.00000 ( 1)
 198 Y   0.78508 0.00000 0.21492 0.00000 ( 1)
 199 V   0.78641 0.00000 0.21359 0.00000 ( 1)
 200 P   0.78340 0.00000 0.21660 0.00000 ( 1)
 201 E   0.78341 0.00000 0.21659 0.00000 ( 1)
 202 G   0.79143 0.00000 0.20857 0.00000 ( 1)
 203 N   0.80071 0.00000 0.19929 0.00000 ( 1)
 204 M   0.80838 0.00000 0.19162 0.00000 ( 1)
 205 T   0.79747 0.00000 0.20253 0.00000 ( 1)
 206 A   0.79832 0.00000 0.20168 0.00000 ( 1)
 207 C   0.78871 0.00000 0.21129 0.00000 ( 1)
 208 G   0.77579 0.00000 0.22421 0.00000 ( 1)
 209 T   0.78812 0.00000 0.21188 0.00000 ( 1)
 210 D   0.80207 0.00000 0.19793 0.00000 ( 1)
 211 Y   0.79158 0.00000 0.20842 0.00000 ( 1)
 212 L   0.51360 0.00000 0.48640 0.00000 ( 1)
 213 S   0.00000 0.78398 0.00000 0.21602 ( 2)
 214 K   0.79050 0.00000 0.20950 0.00000 ( 1)
 215 D   0.79373 0.00000 0.20627 0.00000 ( 1)
 216 L   0.78067 0.00000 0.21933 0.00000 ( 1)
 217 L   0.00000 0.78416 0.00000 0.21584 ( 2)
 218 S   0.79776 0.00000 0.20224 0.00000 ( 1)
 219 Q   0.78657 0.00000 0.21343 0.00000 ( 1)
 220 I   0.79776 0.00000 0.20224 0.00000 ( 1)
 221 Y   0.79162 0.00000 0.20838 0.00000 ( 1)
 222 I   0.80760 0.00000 0.19240 0.00000 ( 1)
 223 I   0.77926 0.00000 0.22074 0.00000 ( 1)
 224 T   0.76977 0.00000 0.23023 0.00000 ( 1)
 225 Y   0.79164 0.00000 0.20836 0.00000 ( 1)
 226 S   0.77531 0.00000 0.22469 0.00000 ( 1)
 227 I   0.76178 0.00000 0.23822 0.00000 ( 1)
 228 A   0.80525 0.00000 0.19475 0.00000 ( 1)
 229 C   0.80210 0.00000 0.19790 0.00000 ( 1)
 230 Y   0.79164 0.00000 0.20836 0.00000 ( 1)
 231 F   0.80477 0.00000 0.19523 0.00000 ( 1)
 232 L   0.00000 0.75499 0.00000 0.24501 ( 2)
 233 P   0.78352 0.00000 0.21648 0.00000 ( 1)
 234 L   0.77932 0.00000 0.22068 0.00000 ( 1)
 235 A   0.49412 0.00000 0.50588 0.00000 ( 3)
 236 L   0.79768 0.00000 0.20232 0.00000 ( 1)
 237 I   0.80756 0.00000 0.19244 0.00000 ( 1)
 238 V   0.80755 0.00000 0.19245 0.00000 ( 1)
 239 Y   0.79159 0.00000 0.20841 0.00000 ( 1)
 240 S   0.78494 0.00000 0.21506 0.00000 ( 1)
 241 Y   0.79158 0.00000 0.20842 0.00000 ( 1)
 242 F   0.80481 0.00000 0.19519 0.00000 ( 1)
 243 F   0.80524 0.00000 0.19476 0.00000 ( 1)
 244 I   0.79354 0.00000 0.20646 0.00000 ( 1)
 245 V   0.78816 0.00000 0.21184 0.00000 ( 1)
 246 Q   0.78017 0.00000 0.21983 0.00000 ( 1)
 247 A   0.79032 0.00000 0.20968 0.00000 ( 1)
 248 V   0.78190 0.00000 0.21810 0.00000 ( 1)
 249 A   0.78142 0.00000 0.21858 0.00000 ( 1)
 250 A   0.78861 0.00000 0.21139 0.00000 ( 1)
 251 H   0.79274 0.00000 0.20726 0.00000 ( 1)
 252 E   0.78584 0.00000 0.21416 0.00000 ( 1)
 253 K   0.78339 0.00000 0.21661 0.00000 ( 1)
 254 A   0.80059 0.00000 0.19941 0.00000 ( 1)
 255 M   0.80838 0.00000 0.19162 0.00000 ( 1)
 256 R   0.78861 0.00000 0.21139 0.00000 ( 1)
 257 E   0.78426 0.00000 0.21574 0.00000 ( 1)
 258 Q   0.77822 0.00000 0.22178 0.00000 ( 1)
 259 A   0.79062 0.00000 0.20938 0.00000 ( 1)
 260 K   0.79049 0.00000 0.20951 0.00000 ( 1)
 261 K   0.78302 0.00000 0.21698 0.00000 ( 1)
 262 M   0.80838 0.00000 0.19162 0.00000 ( 1)
 263 N   0.80064 0.00000 0.19936 0.00000 ( 1)
 264 V   0.78914 0.00000 0.21086 0.00000 ( 1)
 265 A   0.78861 0.00000 0.21139 0.00000 ( 1)
 266 S   0.78489 0.00000 0.21511 0.00000 ( 1)
 267 L   0.79266 0.00000 0.20734 0.00000 ( 1)
 268 R   0.77990 0.00000 0.22010 0.00000 ( 1)
 269 S   0.77529 0.00000 0.22471 0.00000 ( 1)
 270 S   0.78496 0.00000 0.21504 0.00000 ( 1)
 271 E   0.78195 0.00000 0.21805 0.00000 ( 1)
 272 Q   0.67342 0.00000 0.32658 0.00000 ( 1)
 273 A   0.79203 0.00000 0.20797 0.00000 ( 1)
 274 N   0.80070 0.00000 0.19930 0.00000 ( 1)
 275 T   0.80090 0.00000 0.19910 0.00000 ( 1)
 276 S   0.79771 0.00000 0.20229 0.00000 ( 1)
 277 A   0.78877 0.00000 0.21123 0.00000 ( 1)
 278 E   0.78427 0.00000 0.21573 0.00000 ( 1)
 279 C   0.79198 0.00000 0.20802 0.00000 ( 1)
 280 K   0.78302 0.00000 0.21698 0.00000 ( 1)
 281 L   0.78345 0.00000 0.21655 0.00000 ( 1)
 282 A   0.78864 0.00000 0.21136 0.00000 ( 1)
 283 K   0.79050 0.00000 0.20950 0.00000 ( 1)
 284 V   0.78911 0.00000 0.21089 0.00000 ( 1)
 285 A   0.78281 0.00000 0.21719 0.00000 ( 1)
 286 L   0.78271 0.00000 0.21729 0.00000 ( 1)
 287 M   0.80838 0.00000 0.19162 0.00000 ( 1)
 288 T   0.80176 0.00000 0.19824 0.00000 ( 1)
 289 I   0.79916 0.00000 0.20084 0.00000 ( 1)
 290 S   0.78382 0.00000 0.21618 0.00000 ( 1)
 291 L   0.77604 0.00000 0.22396 0.00000 ( 1)
 292 W   0.78067 0.00000 0.21933 0.00000 ( 1)
 293 F   0.80516 0.00000 0.19484 0.00000 ( 1)
 294 M   0.80838 0.00000 0.19162 0.00000 ( 1)
 295 A   0.78496 0.00000 0.21504 0.00000 ( 1)
 296 W   0.78067 0.00000 0.21933 0.00000 ( 1)
 297 T   0.78892 0.00000 0.21108 0.00000 ( 1)
 298 P   0.77747 0.00000 0.22253 0.00000 ( 1)
 299 Y   0.79152 0.00000 0.20848 0.00000 ( 1)
 300 L   0.77899 0.00000 0.22101 0.00000 ( 1)
 301 V   0.79210 0.00000 0.20790 0.00000 ( 1)
 302 I   0.80760 0.00000 0.19240 0.00000 ( 1)
 303 N   0.80062 0.00000 0.19938 0.00000 ( 1)
 304 F   0.78615 0.00000 0.21385 0.00000 ( 1)
 305 A   0.78932 0.00000 0.21068 0.00000 ( 1)
 306 G   0.77579 0.00000 0.22421 0.00000 ( 1)
 307 V   0.78716 0.00000 0.21284 0.00000 ( 1)
 308 F   0.80515 0.00000 0.19485 0.00000 ( 1)
 309 E   0.79141 0.00000 0.20859 0.00000 ( 1)
 310 T   0.02529 0.00000 0.97471 0.00000 ( 3)
 311 A   0.78493 0.00000 0.21507 0.00000 ( 1)
 312 P   0.78586 0.00000 0.21414 0.00000 ( 1)
 313 I   0.80762 0.00000 0.19238 0.00000 ( 1)
 314 S   0.79769 0.00000 0.20231 0.00000 ( 1)
 315 P   0.78256 0.00000 0.21744 0.00000 ( 1)
 316 L   0.78050 0.00000 0.21950 0.00000 ( 1)
 317 S   0.80156 0.00000 0.19844 0.00000 ( 1)
 318 T   0.80204 0.00000 0.19796 0.00000 ( 1)
 319 I   0.80750 0.00000 0.19250 0.00000 ( 1)
 320 W   0.78067 0.00000 0.21933 0.00000 ( 1)
 321 G   0.79003 0.00000 0.20997 0.00000 ( 1)
 322 S   0.78101 0.00000 0.21899 0.00000 ( 1)
 323 V   0.02558 0.00000 0.97442 0.00000 ( 3)
 324 F   0.80387 0.00000 0.19613 0.00000 ( 1)
 325 A   0.80277 0.00000 0.19723 0.00000 ( 1)
 326 K   0.79049 0.00000 0.20951 0.00000 ( 1)
 327 A   0.78861 0.00000 0.21139 0.00000 ( 1)
 328 N   0.78901 0.00000 0.21099 0.00000 ( 1)
 329 A   0.79284 0.00000 0.20716 0.00000 ( 1)
 330 V   0.80310 0.00000 0.19690 0.00000 ( 1)
 331 Y   0.79157 0.00000 0.20843 0.00000 ( 1)
 332 N   0.78970 0.00000 0.21030 0.00000 ( 1)
 333 P   0.78350 0.00000 0.21650 0.00000 ( 1)
 334 I   0.79354 0.00000 0.20646 0.00000 ( 1)
 335 V   0.78188 0.00000 0.21812 0.00000 ( 1)
 336 Y   0.78079 0.00000 0.21921 0.00000 ( 1)
 337 G   0.78325 0.00000 0.21675 0.00000 ( 1)
 338 I   0.80763 0.00000 0.19237 0.00000 ( 1)
 339 S   0.79776 0.00000 0.20224 0.00000 ( 1)
 340 H   0.78688 0.00000 0.21312 0.00000 ( 1)
 341 P   0.78354 0.00000 0.21646 0.00000 ( 1)
 342 K   0.78302 0.00000 0.21698 0.00000 ( 1)
 343 Y   0.79163 0.00000 0.20837 0.00000 ( 1)
 344 R   0.78655 0.00000 0.21345 0.00000 ( 1)
 345 A   0.79138 0.00000 0.20862 0.00000 ( 1)
 346 A   0.79092 0.00000 0.20908 0.00000 ( 1)
 347 L   0.77898 0.00000 0.22102 0.00000 ( 1)
 348 Y   0.79164 0.00000 0.20836 0.00000 ( 1)
 349 Q   0.78017 0.00000 0.21983 0.00000 ( 1)
 350 R   0.78830 0.00000 0.21170 0.00000 ( 1)
 351 F   0.80525 0.00000 0.19475 0.00000 ( 1)
 352 P   0.78013 0.00000 0.21987 0.00000 ( 1)
 353 S   0.73153 0.00000 0.26847 0.00000 ( 1)
 354 L   0.77935 0.00000 0.22065 0.00000 ( 1)
 355 A   0.05514 0.00000 0.94486 0.00000 ( 3)
 356 C   0.79199 0.00000 0.20801 0.00000 ( 1)
 357 Q   0.78016 0.00000 0.21984 0.00000 ( 1)
 358 P   0.02348 0.00003 0.97647 0.00003 ( 3)
 359 S   0.78455 0.00000 0.21545 0.00000 ( 1)
 360 P   0.79429 0.00000 0.20571 0.00000 ( 1)
 361 E   0.30773 0.00000 0.69227 0.00000 ( 3)
 362 E   0.79080 0.00000 0.20920 0.00000 ( 1)
 363 T   0.00000 0.76664 0.00000 0.23336 ( 2)
 364 G   0.79529 0.00000 0.20471 0.00000 ( 1)
 365 S   0.79598 0.00000 0.20402 0.00000 ( 1)
 366 V   0.79219 0.00000 0.20781 0.00000 ( 1)
 367 A   0.80095 0.00000 0.19905 0.00000 ( 1)
 368 S   0.79526 0.00000 0.20474 0.00000 ( 1)
 369 A   0.79505 0.00000 0.20495 0.00000 ( 1)
 370 A   0.80263 0.00000 0.19737 0.00000 ( 1)
 371 T   0.80199 0.00000 0.19801 0.00000 ( 1)
 372 A   0.80156 0.00000 0.19844 0.00000 ( 1)
 373 C   0.80135 0.00000 0.19865 0.00000 ( 1)
 374 T   0.79566 0.00000 0.20434 0.00000 ( 1)
 375 E   0.79180 0.00000 0.20820 0.00000 ( 1)
 376 E   0.79191 0.00000 0.20809 0.00000 ( 1)
 377 K   0.79008 0.00000 0.20992 0.00000 ( 1)
 378 P   0.79307 0.00000 0.20693 0.00000 ( 1)
 379 S   0.02538 0.00000 0.97462 0.00000 ( 3)
 380 A   0.79159 0.00000 0.20841 0.00000 ( 1)

