Supplemental results for CODEML (seqf: align.fa  treef: tree.nwk)


MLEs of dN/dS (w) for site classes (K=4)

site class             0        1       2a       2b
proportion       0.91386  0.03630  0.04793  0.00190
background w     0.03986  1.00000  0.03986  1.00000
foreground w     0.03986  1.00000  2.25852  2.25852

Naive Empirical Bayes (NEB) probabilities for 4 classes
(amino acids refer to 1st sequence: ColCroc)

   1 M   0.99237 0.00000 0.00763 0.00000 ( 1)
   2 D   0.98830 0.00000 0.01170 0.00000 ( 1)
   3 R   0.00000 0.96450 0.00000 0.03550 ( 2)
   4 T   0.98463 0.00000 0.01537 0.00000 ( 1)
   5 E   0.67108 0.00000 0.32892 0.00000 ( 1)
   6 Y   0.00000 0.94991 0.00000 0.05009 ( 2)
   7 Y   0.80925 0.17116 0.01443 0.00516 ( 1)
   8 I   0.00000 0.96608 0.00000 0.03392 ( 2)
   9 Y   0.00014 0.96855 0.00000 0.03131 ( 2)
  10 G   0.74941 0.00000 0.25059 0.00000 ( 1)
  11 A   0.98464 0.00000 0.01536 0.00000 ( 1)
  12 Y   0.98257 0.00000 0.01743 0.00000 ( 1)
  13 F   0.45845 0.00000 0.54155 0.00000 ( 3)
  14 A   0.98448 0.00000 0.01552 0.00000 ( 1)
  15 P   0.98161 0.00000 0.01839 0.00000 ( 1)
  16 L   0.98554 0.00000 0.01446 0.00000 ( 1)
  17 R   0.98448 0.00000 0.01552 0.00000 ( 1)
  18 S   0.98350 0.00000 0.01650 0.00000 ( 1)
  19 G   0.00000 0.96742 0.00000 0.03258 ( 2)
  20 G   0.00000 0.96913 0.00000 0.03087 ( 2)
  21 E   0.48523 0.00000 0.51477 0.00000 ( 3)
  22 R   0.01153 0.00000 0.98847 0.00000 ( 3)
  23 M   0.99239 0.00000 0.00761 0.00000 ( 1)
  24 L   0.97659 0.00000 0.02341 0.00000 ( 1)
  25 G   0.46057 0.00000 0.53943 0.00000 ( 3)
  26 E   0.52211 0.00000 0.47789 0.00000 ( 1)
  27 G   0.98261 0.00000 0.01739 0.00000 ( 1)
  28 L   0.97726 0.00000 0.02274 0.00000 ( 1)
  29 T   0.57146 0.00000 0.42854 0.00000 ( 1)
  30 G   0.97771 0.00000 0.02229 0.00000 ( 1)
  31 E   0.98544 0.00000 0.01456 0.00000 ( 1)
  32 D   0.98826 0.00000 0.01174 0.00000 ( 1)
  33 L   0.97681 0.00000 0.02319 0.00000 ( 1)
  34 A   0.98518 0.00000 0.01482 0.00000 ( 1)
  35 M   0.98437 0.00000 0.01563 0.00000 ( 1)
  36 I   0.98464 0.00000 0.01536 0.00000 ( 1)
  37 P   0.98261 0.00000 0.01739 0.00000 ( 1)
  38 E   0.98520 0.00000 0.01480 0.00000 ( 1)
  39 H   0.98489 0.00000 0.01511 0.00000 ( 1)
  40 W   0.97785 0.00000 0.02215 0.00000 ( 1)
  41 F   0.01570 0.00000 0.98430 0.00000 ( 3)
  42 K   0.00003 0.96824 0.00000 0.03173 ( 2)
  43 Y   0.98616 0.00000 0.01384 0.00000 ( 1)
  44 P   0.98342 0.00000 0.01658 0.00000 ( 1)
  45 E   0.98474 0.00000 0.01526 0.00000 ( 1)
  46 P   0.98263 0.00000 0.01737 0.00000 ( 1)
  47 P   0.98281 0.00000 0.01719 0.00000 ( 1)
  48 A   0.98528 0.00000 0.01472 0.00000 ( 1)
  49 S   0.82753 0.00000 0.17247 0.00000 ( 1)
  50 A   0.98453 0.00000 0.01547 0.00000 ( 1)
  51 H   0.98489 0.00000 0.01511 0.00000 ( 1)
  52 T   0.98482 0.00000 0.01518 0.00000 ( 1)
  53 A   0.98465 0.00000 0.01535 0.00000 ( 1)
  54 L   0.98282 0.00000 0.01718 0.00000 ( 1)
  55 C   0.98466 0.00000 0.01534 0.00000 ( 1)
  56 L   0.97699 0.00000 0.02301 0.00000 ( 1)
  57 L   0.98492 0.00000 0.01508 0.00000 ( 1)
  58 Y   0.98250 0.00000 0.01750 0.00000 ( 1)
  59 C   0.98581 0.00184 0.01230 0.00006 ( 1)
  60 F   0.98854 0.00000 0.01146 0.00000 ( 1)
  61 F   0.98852 0.00000 0.01148 0.00000 ( 1)
  62 T   0.98460 0.00000 0.01540 0.00000 ( 1)
  63 A   0.98425 0.00000 0.01575 0.00000 ( 1)
  64 A   0.98400 0.00000 0.01600 0.00000 ( 1)
  65 A   0.98428 0.00000 0.01572 0.00000 ( 1)
  66 L   0.97991 0.00000 0.02009 0.00000 ( 1)
  67 I   0.98304 0.00000 0.01696 0.00000 ( 1)
  68 G   0.98372 0.00000 0.01628 0.00000 ( 1)
  69 N   0.98543 0.00000 0.01457 0.00000 ( 1)
  70 G   0.98103 0.00000 0.01897 0.00000 ( 1)
  71 M   0.98559 0.00000 0.01441 0.00000 ( 1)
  72 V   0.98632 0.00000 0.01368 0.00000 ( 1)
  73 I   0.98844 0.00000 0.01156 0.00000 ( 1)
  74 F   0.98622 0.00000 0.01378 0.00000 ( 1)
  75 I   0.98604 0.00000 0.01396 0.00000 ( 1)
  76 F   0.98605 0.00000 0.01395 0.00000 ( 1)
  77 A   0.98170 0.00000 0.01830 0.00000 ( 1)
  78 S   0.98462 0.00000 0.01538 0.00000 ( 1)
  79 T   0.98451 0.00000 0.01549 0.00000 ( 1)
  80 K   0.98508 0.00000 0.01492 0.00000 ( 1)
  81 S   0.98466 0.00000 0.01534 0.00000 ( 1)
  82 L   0.97712 0.00000 0.02288 0.00000 ( 1)
  83 R   0.97842 0.00000 0.02158 0.00000 ( 1)
  84 T   0.98447 0.00000 0.01553 0.00000 ( 1)
  85 A   0.97981 0.00000 0.02019 0.00000 ( 1)
  86 S   0.98714 0.00000 0.01286 0.00000 ( 1)
  87 N   0.98584 0.00000 0.01416 0.00000 ( 1)
  88 L   0.98002 0.00000 0.01998 0.00000 ( 1)
  89 L   0.97731 0.00000 0.02269 0.00000 ( 1)
  90 I   0.98813 0.00000 0.01187 0.00000 ( 1)
  91 L   0.97658 0.00000 0.02342 0.00000 ( 1)
  92 N   0.97825 0.00000 0.02175 0.00000 ( 1)
  93 L   0.97828 0.00000 0.02172 0.00000 ( 1)
  94 A   0.98439 0.00000 0.01561 0.00000 ( 1)
  95 I   0.98447 0.00000 0.01553 0.00000 ( 1)
  96 F   0.97998 0.00000 0.02002 0.00000 ( 1)
  97 D   0.98786 0.00000 0.01214 0.00000 ( 1)
  98 F   0.98672 0.00000 0.01328 0.00000 ( 1)
  99 I   0.98730 0.00000 0.01270 0.00000 ( 1)
 100 M   0.99239 0.00000 0.00761 0.00000 ( 1)
 101 M   0.99239 0.00000 0.00761 0.00000 ( 1)
 102 L   0.98482 0.00000 0.01518 0.00000 ( 1)
 103 K   0.98508 0.00000 0.01492 0.00000 ( 1)
 104 A   0.98471 0.00000 0.01529 0.00000 ( 1)
 105 P   0.98239 0.00000 0.01761 0.00000 ( 1)
 106 I   0.98818 0.00000 0.01182 0.00000 ( 1)
 107 F   0.98810 0.00000 0.01190 0.00000 ( 1)
 108 I   0.98829 0.00000 0.01171 0.00000 ( 1)
 109 Y   0.98238 0.00000 0.01762 0.00000 ( 1)
 110 N   0.98821 0.00000 0.01179 0.00000 ( 1)
 111 S   0.98631 0.00000 0.01369 0.00000 ( 1)
 112 A   0.98465 0.00000 0.01535 0.00000 ( 1)
 113 M   0.99239 0.00000 0.00761 0.00000 ( 1)
 114 R   0.97071 0.00000 0.02929 0.00000 ( 1)
 115 G   0.98407 0.00000 0.01593 0.00000 ( 1)
 116 F   0.98836 0.00000 0.01164 0.00000 ( 1)
 117 A   0.98454 0.00000 0.01546 0.00000 ( 1)
 118 A   0.00000 0.96964 0.00000 0.03036 ( 2)
 119 G   0.98493 0.00000 0.01507 0.00000 ( 1)
 120 A   0.59324 0.00000 0.40676 0.00000 ( 1)
 121 L   0.00000 0.94176 0.00000 0.05824 ( 2)
 122 W   0.98152 0.00000 0.01848 0.00000 ( 1)
 123 C   0.98310 0.00000 0.01690 0.00000 ( 1)
 124 K   0.97856 0.00000 0.02144 0.00000 ( 1)
 125 I   0.98904 0.00000 0.01096 0.00000 ( 1)
 126 F   0.98625 0.00000 0.01375 0.00000 ( 1)
 127 A   0.98433 0.00000 0.01567 0.00000 ( 1)
 128 V   0.95597 0.00000 0.04403 0.00000 ( 1)
 129 M   0.99239 0.00000 0.00761 0.00000 ( 1)
 130 G   0.98506 0.00000 0.01494 0.00000 ( 1)
 131 S   0.46467 0.00000 0.53533 0.00000 ( 3)
 132 Y   0.98257 0.00000 0.01743 0.00000 ( 1)
 133 S   0.98747 0.00000 0.01253 0.00000 ( 1)
 134 G   0.98487 0.00000 0.01513 0.00000 ( 1)
 135 I   0.98801 0.00000 0.01199 0.00000 ( 1)
 136 G   0.98195 0.00000 0.01805 0.00000 ( 1)
 137 A   0.98430 0.00000 0.01570 0.00000 ( 1)
 138 A   0.97227 0.00000 0.02773 0.00000 ( 1)
 139 M   0.99239 0.00000 0.00761 0.00000 ( 1)
 140 T   0.98661 0.00000 0.01339 0.00000 ( 1)
 141 N   0.98815 0.00000 0.01185 0.00000 ( 1)
 142 A   0.98419 0.00000 0.01581 0.00000 ( 1)
 143 C   0.97936 0.00000 0.02064 0.00000 ( 1)
 144 I   0.98684 0.00000 0.01316 0.00000 ( 1)
 145 A   0.98371 0.00000 0.01629 0.00000 ( 1)
 146 Y   0.98067 0.00000 0.01933 0.00000 ( 1)
 147 D   0.98825 0.00000 0.01175 0.00000 ( 1)
 148 R   0.98335 0.00000 0.01665 0.00000 ( 1)
 149 H   0.98144 0.00000 0.01856 0.00000 ( 1)
 150 S   0.97936 0.00000 0.02064 0.00000 ( 1)
 151 T   0.98448 0.00000 0.01552 0.00000 ( 1)
 152 I   0.98667 0.00000 0.01333 0.00000 ( 1)
 153 T   0.98463 0.00000 0.01537 0.00000 ( 1)
 154 R   0.97295 0.00000 0.02705 0.00000 ( 1)
 155 P   0.98136 0.00000 0.01864 0.00000 ( 1)
 156 L   0.97707 0.00000 0.02293 0.00000 ( 1)
 157 D   0.98645 0.00000 0.01355 0.00000 ( 1)
 158 G   0.98129 0.00000 0.01871 0.00000 ( 1)
 159 R   0.97682 0.00000 0.02318 0.00000 ( 1)
 160 L   0.97774 0.00000 0.02226 0.00000 ( 1)
 161 S   0.98097 0.00000 0.01903 0.00000 ( 1)
 162 R   0.97276 0.00000 0.02724 0.00000 ( 1)
 163 G   0.98215 0.00000 0.01785 0.00000 ( 1)
 164 K   0.98504 0.00000 0.01496 0.00000 ( 1)
 165 V   0.98438 0.00000 0.01562 0.00000 ( 1)
 166 L   0.98118 0.00000 0.01882 0.00000 ( 1)
 167 L   0.97754 0.00000 0.02246 0.00000 ( 1)
 168 M   0.99239 0.00000 0.00761 0.00000 ( 1)
 169 I   0.98464 0.00000 0.01536 0.00000 ( 1)
 170 I   0.98434 0.00000 0.01566 0.00000 ( 1)
 171 C   0.98667 0.00000 0.01333 0.00000 ( 1)
 172 I   0.98478 0.00000 0.01522 0.00000 ( 1)
 173 W   0.97785 0.00000 0.02215 0.00000 ( 1)
 174 I   0.98879 0.00000 0.01121 0.00000 ( 1)
 175 Y   0.98252 0.00000 0.01748 0.00000 ( 1)
 176 T   0.98522 0.00000 0.01478 0.00000 ( 1)
 177 T   0.98507 0.00000 0.01493 0.00000 ( 1)
 178 P   0.98277 0.00000 0.01723 0.00000 ( 1)
 179 W   0.97785 0.00000 0.02215 0.00000 ( 1)
 180 S   0.44287 0.00000 0.55713 0.00000 ( 3)
 181 L   0.97959 0.00000 0.02041 0.00000 ( 1)
 182 M   0.97714 0.00000 0.02286 0.00000 ( 1)
 183 P   0.98228 0.00000 0.01772 0.00000 ( 1)
 184 L   0.98027 0.00000 0.01973 0.00000 ( 1)
 185 F   0.98642 0.00000 0.01358 0.00000 ( 1)
 186 R   0.60468 0.00000 0.39532 0.00000 ( 1)
 187 V   0.77034 0.00000 0.22966 0.00000 ( 1)
 188 W   0.97785 0.00000 0.02215 0.00000 ( 1)
 189 G   0.98522 0.00000 0.01478 0.00000 ( 1)
 190 R   0.98315 0.00000 0.01685 0.00000 ( 1)
 191 F   0.93099 0.00000 0.06901 0.00000 ( 1)
 192 V   0.98428 0.00000 0.01572 0.00000 ( 1)
 193 P   0.98203 0.00000 0.01797 0.00000 ( 1)
 194 E   0.98565 0.00000 0.01435 0.00000 ( 1)
 195 G   0.98350 0.00000 0.01650 0.00000 ( 1)
 196 Y   0.98251 0.00000 0.01749 0.00000 ( 1)
 197 L   0.97687 0.00000 0.02313 0.00000 ( 1)
 198 T   0.98464 0.00000 0.01536 0.00000 ( 1)
 199 S   0.98122 0.00000 0.01878 0.00000 ( 1)
 200 C   0.98199 0.00000 0.01801 0.00000 ( 1)
 201 T   0.98409 0.00000 0.01591 0.00000 ( 1)
 202 F   0.98850 0.00000 0.01150 0.00000 ( 1)
 203 D   0.98778 0.00000 0.01222 0.00000 ( 1)
 204 Y   0.98066 0.00000 0.01934 0.00000 ( 1)
 205 L   0.97696 0.00000 0.02304 0.00000 ( 1)
 206 T   0.98176 0.00000 0.01824 0.00000 ( 1)
 207 N   0.98620 0.00000 0.01380 0.00000 ( 1)
 208 S   0.98451 0.00000 0.01549 0.00000 ( 1)
 209 F   0.98742 0.00000 0.01258 0.00000 ( 1)
 210 D   0.98647 0.00000 0.01353 0.00000 ( 1)
 211 N   0.98434 0.00000 0.01566 0.00000 ( 1)
 212 K   0.98494 0.00000 0.01506 0.00000 ( 1)
 213 L   0.97559 0.00000 0.02441 0.00000 ( 1)
 214 F   0.98854 0.00000 0.01146 0.00000 ( 1)
 215 V   0.98447 0.00000 0.01553 0.00000 ( 1)
 216 G   0.46659 0.00000 0.53341 0.00000 ( 3)
 217 C   0.98317 0.00000 0.01683 0.00000 ( 1)
 218 I   0.98710 0.00000 0.01290 0.00000 ( 1)
 219 F   0.98615 0.00000 0.01385 0.00000 ( 1)
 220 T   0.00000 0.92561 0.00000 0.07439 ( 2)
 221 C   0.98317 0.00000 0.01683 0.00000 ( 1)
 222 S   0.98764 0.00000 0.01236 0.00000 ( 1)
 223 Y   0.98257 0.00000 0.01743 0.00000 ( 1)
 224 V   0.98501 0.00000 0.01499 0.00000 ( 1)
 225 F   0.98838 0.00000 0.01162 0.00000 ( 1)
 226 P   0.98261 0.00000 0.01739 0.00000 ( 1)
 227 M   0.99239 0.00000 0.00761 0.00000 ( 1)
 228 L   0.97695 0.00000 0.02305 0.00000 ( 1)
 229 C   0.99238 0.00000 0.00762 0.00000 ( 1)
 230 I   0.98774 0.00000 0.01226 0.00000 ( 1)
 231 I   0.97948 0.00000 0.02052 0.00000 ( 1)
 232 Y   0.98155 0.00000 0.01845 0.00000 ( 1)
 233 F   0.98849 0.00000 0.01151 0.00000 ( 1)
 234 Y   0.98251 0.00000 0.01749 0.00000 ( 1)
 235 S   0.98595 0.00000 0.01405 0.00000 ( 1)
 236 G   0.98258 0.00000 0.01742 0.00000 ( 1)
 237 I   0.98634 0.00000 0.01366 0.00000 ( 1)
 238 V   0.98449 0.00000 0.01551 0.00000 ( 1)
 239 K   0.98438 0.00000 0.01562 0.00000 ( 1)
 240 Q   0.97826 0.00000 0.02174 0.00000 ( 1)
 241 V   0.98447 0.00000 0.01553 0.00000 ( 1)
 242 F   0.98606 0.00000 0.01394 0.00000 ( 1)
 243 A   0.98439 0.00000 0.01561 0.00000 ( 1)
 244 H   0.98368 0.00000 0.01632 0.00000 ( 1)
 245 E   0.98522 0.00000 0.01478 0.00000 ( 1)
 246 A   0.98449 0.00000 0.01551 0.00000 ( 1)
 247 A   0.98499 0.00000 0.01501 0.00000 ( 1)
 248 L   0.98009 0.00000 0.01991 0.00000 ( 1)
 249 R   0.98264 0.00000 0.01736 0.00000 ( 1)
 250 E   0.45469 0.00000 0.54531 0.00000 ( 3)
 251 Q   0.97834 0.00000 0.02166 0.00000 ( 1)
 252 A   0.98487 0.00000 0.01513 0.00000 ( 1)
 253 K   0.98512 0.00000 0.01488 0.00000 ( 1)
 254 K   0.98485 0.00000 0.01515 0.00000 ( 1)
 255 M   0.99239 0.00000 0.00761 0.00000 ( 1)
 256 N   0.98812 0.00000 0.01188 0.00000 ( 1)
 257 V   0.98458 0.00000 0.01542 0.00000 ( 1)
 258 E   0.98502 0.00000 0.01498 0.00000 ( 1)
 259 S   0.98115 0.00000 0.01885 0.00000 ( 1)
 260 L   0.97723 0.00000 0.02277 0.00000 ( 1)
 261 R   0.97091 0.00000 0.02909 0.00000 ( 1)
 262 S   0.98109 0.00000 0.01891 0.00000 ( 1)
 263 N   0.98808 0.00000 0.01192 0.00000 ( 1)
 264 Q   0.97860 0.00000 0.02140 0.00000 ( 1)
 265 N   0.98547 0.00000 0.01453 0.00000 ( 1)
 266 A   0.98465 0.00000 0.01535 0.00000 ( 1)
 267 G   0.00442 0.95978 0.00011 0.03569 ( 2)
 268 A   0.98386 0.00000 0.01614 0.00000 ( 1)
 269 E   0.65418 0.00000 0.34582 0.00000 ( 1)
 270 S   0.97894 0.00000 0.02106 0.00000 ( 1)
 271 A   0.98436 0.00000 0.01564 0.00000 ( 1)
 272 E   0.98522 0.00000 0.01478 0.00000 ( 1)
 273 I   0.98665 0.00000 0.01335 0.00000 ( 1)
 274 R   0.97924 0.00000 0.02076 0.00000 ( 1)
 275 I   0.98889 0.00000 0.01111 0.00000 ( 1)
 276 A   0.98474 0.00000 0.01526 0.00000 ( 1)
 277 K   0.98491 0.00000 0.01509 0.00000 ( 1)
 278 A   0.98450 0.00000 0.01550 0.00000 ( 1)
 279 A   0.98513 0.00000 0.01487 0.00000 ( 1)
 280 L   0.98552 0.00000 0.01448 0.00000 ( 1)
 281 T   0.98459 0.00000 0.01541 0.00000 ( 1)
 282 V   0.98467 0.00000 0.01533 0.00000 ( 1)
 283 C   0.98313 0.00000 0.01687 0.00000 ( 1)
 284 F   0.98854 0.00000 0.01146 0.00000 ( 1)
 285 L   0.97652 0.00000 0.02348 0.00000 ( 1)
 286 F   0.98738 0.00000 0.01262 0.00000 ( 1)
 287 V   0.98463 0.00000 0.01537 0.00000 ( 1)
 288 A   0.98253 0.00000 0.01747 0.00000 ( 1)
 289 S   0.98086 0.00000 0.01914 0.00000 ( 1)
 290 W   0.97785 0.00000 0.02215 0.00000 ( 1)
 291 T   0.98477 0.00000 0.01523 0.00000 ( 1)
 292 P   0.98275 0.00000 0.01725 0.00000 ( 1)
 293 Y   0.98243 0.00000 0.01757 0.00000 ( 1)
 294 G   0.98495 0.00000 0.01505 0.00000 ( 1)
 295 V   0.98482 0.00000 0.01518 0.00000 ( 1)
 296 M   0.99239 0.00000 0.00761 0.00000 ( 1)
 297 S   0.89322 0.00000 0.10678 0.00000 ( 1)
 298 L   0.98537 0.00000 0.01463 0.00000 ( 1)
 299 I   0.98835 0.00000 0.01165 0.00000 ( 1)
 300 G   0.98103 0.00000 0.01897 0.00000 ( 1)
 301 A   0.98497 0.00000 0.01503 0.00000 ( 1)
 302 F   0.98616 0.00000 0.01384 0.00000 ( 1)
 303 G   0.98103 0.00000 0.01897 0.00000 ( 1)
 304 D   0.61882 0.00000 0.38118 0.00000 ( 1)
 305 Q   0.97778 0.00000 0.02222 0.00000 ( 1)
 306 E   0.45785 0.00004 0.54212 0.00000 ( 3)
 307 L   0.97691 0.00000 0.02309 0.00000 ( 1)
 308 L   0.98184 0.00000 0.01816 0.00000 ( 1)
 309 T   0.98550 0.00000 0.01450 0.00000 ( 1)
 310 P   0.98130 0.00000 0.01870 0.00000 ( 1)
 311 G   0.98263 0.00000 0.01737 0.00000 ( 1)
 312 V   0.98454 0.00000 0.01546 0.00000 ( 1)
 313 T   0.98480 0.00000 0.01520 0.00000 ( 1)
 314 M   0.99239 0.00000 0.00761 0.00000 ( 1)
 315 I   0.98688 0.00000 0.01312 0.00000 ( 1)
 316 P   0.98237 0.00000 0.01763 0.00000 ( 1)
 317 A   0.98455 0.00000 0.01545 0.00000 ( 1)
 318 I   0.98446 0.00000 0.01554 0.00000 ( 1)
 319 T   0.98441 0.00000 0.01559 0.00000 ( 1)
 320 C   0.98316 0.00000 0.01684 0.00000 ( 1)
 321 K   0.98508 0.00000 0.01492 0.00000 ( 1)
 322 A   0.98372 0.00000 0.01628 0.00000 ( 1)
 323 V   0.98456 0.00000 0.01544 0.00000 ( 1)
 324 A   0.98571 0.00000 0.01429 0.00000 ( 1)
 325 C   0.98057 0.00000 0.01943 0.00000 ( 1)
 326 I   0.98904 0.00000 0.01096 0.00000 ( 1)
 327 D   0.98568 0.00000 0.01432 0.00000 ( 1)
 328 P   0.98129 0.00000 0.01871 0.00000 ( 1)
 329 W   0.97785 0.00000 0.02215 0.00000 ( 1)
 330 V   0.98423 0.00000 0.01577 0.00000 ( 1)
 331 Y   0.98108 0.00000 0.01892 0.00000 ( 1)
 332 A   0.98445 0.00000 0.01555 0.00000 ( 1)
 333 I   0.98854 0.00000 0.01146 0.00000 ( 1)
 334 S   0.98445 0.00000 0.01555 0.00000 ( 1)
 335 H   0.98144 0.00000 0.01856 0.00000 ( 1)
 336 P   0.98386 0.00000 0.01614 0.00000 ( 1)
 337 K   0.98503 0.00000 0.01497 0.00000 ( 1)
 338 Y   0.98257 0.00000 0.01743 0.00000 ( 1)
 339 R   0.98412 0.00000 0.01588 0.00000 ( 1)
 340 Q   0.97834 0.00000 0.02166 0.00000 ( 1)
 341 E   0.98496 0.00000 0.01504 0.00000 ( 1)
 342 L   0.98168 0.00000 0.01832 0.00000 ( 1)
 343 Q   0.97857 0.00000 0.02143 0.00000 ( 1)
 344 R   0.97501 0.00000 0.02499 0.00000 ( 1)
 345 R   0.98004 0.00000 0.01996 0.00000 ( 1)
 346 M   0.99239 0.00000 0.00761 0.00000 ( 1)
 347 P   0.98220 0.00000 0.01780 0.00000 ( 1)
 348 W   0.97785 0.00000 0.02215 0.00000 ( 1)
 349 L   0.97689 0.00000 0.02311 0.00000 ( 1)
 350 Q   0.97832 0.00000 0.02168 0.00000 ( 1)
 351 I   0.98808 0.00000 0.01192 0.00000 ( 1)
 352 S   0.64491 0.00000 0.35509 0.00000 ( 1)
 353 E   0.98513 0.00000 0.01487 0.00000 ( 1)
 354 P   0.98457 0.00000 0.01543 0.00000 ( 1)
 355 D   0.03608 0.00000 0.96392 0.00000 ( 3)
 356 D   0.98657 0.00000 0.01343 0.00000 ( 1)
 357 N   0.98525 0.00000 0.01475 0.00000 ( 1)
 358 T   0.00000 0.95861 0.00000 0.04139 ( 2)
 359 S   0.98365 0.00000 0.01635 0.00000 ( 1)
 360 N   0.98403 0.00000 0.01597 0.00000 ( 1)
 361 T   0.73185 0.00000 0.26815 0.00000 ( 1)
 362 S   0.98520 0.00000 0.01480 0.00000 ( 1)
 363 N   0.80694 0.00000 0.19306 0.00000 ( 1)
 364 T   0.98790 0.00000 0.01210 0.00000 ( 1)
 365 T   0.98526 0.00000 0.01474 0.00000 ( 1)
 366 T   0.98411 0.00000 0.01589 0.00000 ( 1)
 367 N   0.17549 0.00000 0.82451 0.00000 ( 3)
 368 S   0.00000 0.96693 0.00000 0.03307 ( 2)
 369 A   0.00000 0.95729 0.00000 0.04271 ( 2)
 370 A   0.95653 0.00000 0.04347 0.00000 ( 1)
 371 P   0.95016 0.00000 0.04984 0.00000 ( 1)


lnL = -75809.352368

Bayes Empirical Bayes (BEB) probabilities for 4 classes (class)
(amino acids refer to 1st sequence: ColCroc)

   1 M   0.99707 0.00000 0.00293 0.00000 ( 1)
   2 D   0.99575 0.00000 0.00425 0.00000 ( 1)
   3 R   0.00000 0.98484 0.00000 0.01516 ( 2)
   4 T   0.99376 0.00000 0.00624 0.00000 ( 1)
   5 E   0.79788 0.00000 0.20212 0.00000 ( 1)
   6 Y   0.00000 0.96677 0.00000 0.03323 ( 2)
   7 Y   0.99364 0.00017 0.00619 0.00000 ( 1)
   8 I   0.00033 0.98449 0.00000 0.01517 ( 2)
   9 Y   0.14517 0.84346 0.00105 0.01031 ( 2)
  10 G   0.87973 0.00000 0.12027 0.00000 ( 1)
  11 A   0.99365 0.00000 0.00635 0.00000 ( 1)
  12 Y   0.99385 0.00000 0.00615 0.00000 ( 1)
  13 F   0.62717 0.00000 0.37283 0.00000 ( 1)
  14 A   0.99352 0.00000 0.00648 0.00000 ( 1)
  15 P   0.99314 0.00000 0.00686 0.00000 ( 1)
  16 L   0.99469 0.00000 0.00531 0.00000 ( 1)
  17 R   0.99466 0.00000 0.00534 0.00000 ( 1)
  18 S   0.99370 0.00000 0.00630 0.00000 ( 1)
  19 G   0.00000 0.98643 0.00000 0.01357 ( 2)
  20 G   0.00000 0.98734 0.00000 0.01266 ( 2)
  21 E   0.66487 0.00000 0.33513 0.00000 ( 1)
  22 R   0.01603 0.00000 0.98397 0.00000 ( 3)
  23 M   0.99708 0.00000 0.00292 0.00000 ( 1)
  24 L   0.98994 0.00000 0.01006 0.00000 ( 1)
  25 G   0.62166 0.00000 0.37834 0.00000 ( 1)
  26 E   0.64552 0.00000 0.35448 0.00000 ( 1)
  27 G   0.99355 0.00000 0.00645 0.00000 ( 1)
  28 L   0.99101 0.00000 0.00899 0.00000 ( 1)
  29 T   0.70762 0.00000 0.29238 0.00000 ( 1)
  30 G   0.98933 0.00000 0.01067 0.00000 ( 1)
  31 E   0.99479 0.00000 0.00521 0.00000 ( 1)
  32 D   0.99573 0.00000 0.00427 0.00000 ( 1)
  33 L   0.98972 0.00000 0.01028 0.00000 ( 1)
  34 A   0.99343 0.00000 0.00657 0.00000 ( 1)
  35 M   0.99344 0.00000 0.00656 0.00000 ( 1)
  36 I   0.99361 0.00000 0.00639 0.00000 ( 1)
  37 P   0.99352 0.00000 0.00648 0.00000 ( 1)
  38 E   0.99455 0.00000 0.00545 0.00000 ( 1)
  39 H   0.99489 0.00000 0.00511 0.00000 ( 1)
  40 W   0.99202 0.00000 0.00798 0.00000 ( 1)
  41 F   0.02525 0.00000 0.97475 0.00000 ( 3)
  42 K   0.08995 0.89751 0.00066 0.01187 ( 2)
  43 Y   0.99465 0.00000 0.00535 0.00000 ( 1)
  44 P   0.99334 0.00000 0.00666 0.00000 ( 1)
  45 E   0.99368 0.00000 0.00632 0.00000 ( 1)
  46 P   0.99337 0.00000 0.00663 0.00000 ( 1)
  47 P   0.99356 0.00000 0.00644 0.00000 ( 1)
  48 A   0.99378 0.00000 0.00622 0.00000 ( 1)
  49 S   0.89708 0.00000 0.10292 0.00000 ( 1)
  50 A   0.99350 0.00000 0.00650 0.00000 ( 1)
  51 H   0.99489 0.00000 0.00511 0.00000 ( 1)
  52 T   0.99329 0.00000 0.00671 0.00000 ( 1)
  53 A   0.99359 0.00000 0.00641 0.00000 ( 1)
  54 L   0.99341 0.00000 0.00659 0.00000 ( 1)
  55 C   0.99356 0.00000 0.00644 0.00000 ( 1)
  56 L   0.99027 0.00000 0.00973 0.00000 ( 1)
  57 L   0.99440 0.00000 0.00560 0.00000 ( 1)
  58 Y   0.99382 0.00000 0.00618 0.00000 ( 1)
  59 C   0.99476 0.00000 0.00524 0.00000 ( 1)
  60 F   0.99572 0.00000 0.00428 0.00000 ( 1)
  61 F   0.99571 0.00000 0.00429 0.00000 ( 1)
  62 T   0.99376 0.00000 0.00624 0.00000 ( 1)
  63 A   0.99341 0.00000 0.00659 0.00000 ( 1)
  64 A   0.99327 0.00000 0.00673 0.00000 ( 1)
  65 A   0.99325 0.00000 0.00675 0.00000 ( 1)
  66 L   0.99119 0.00000 0.00881 0.00000 ( 1)
  67 I   0.99236 0.00000 0.00764 0.00000 ( 1)
  68 G   0.99335 0.00000 0.00665 0.00000 ( 1)
  69 N   0.99493 0.00000 0.00507 0.00000 ( 1)
  70 G   0.99306 0.00000 0.00694 0.00000 ( 1)
  71 M   0.99472 0.00000 0.00528 0.00000 ( 1)
  72 V   0.99409 0.00000 0.00591 0.00000 ( 1)
  73 I   0.99527 0.00000 0.00473 0.00000 ( 1)
  74 F   0.99484 0.00000 0.00516 0.00000 ( 1)
  75 I   0.99357 0.00000 0.00643 0.00000 ( 1)
  76 F   0.99495 0.00000 0.00505 0.00000 ( 1)
  77 A   0.99280 0.00000 0.00720 0.00000 ( 1)
  78 S   0.99359 0.00000 0.00641 0.00000 ( 1)
  79 T   0.99383 0.00000 0.00617 0.00000 ( 1)
  80 K   0.99480 0.00000 0.00520 0.00000 ( 1)
  81 S   0.99476 0.00000 0.00524 0.00000 ( 1)
  82 L   0.99054 0.00000 0.00946 0.00000 ( 1)
  83 R   0.99158 0.00000 0.00842 0.00000 ( 1)
  84 T   0.99339 0.00000 0.00661 0.00000 ( 1)
  85 A   0.99203 0.00000 0.00797 0.00000 ( 1)
  86 S   0.99555 0.00000 0.00445 0.00000 ( 1)
  87 N   0.99498 0.00000 0.00502 0.00000 ( 1)
  88 L   0.99148 0.00000 0.00852 0.00000 ( 1)
  89 L   0.99059 0.00000 0.00941 0.00000 ( 1)
  90 I   0.99501 0.00000 0.00499 0.00000 ( 1)
  91 L   0.98981 0.00000 0.01019 0.00000 ( 1)
  92 N   0.99200 0.00000 0.00800 0.00000 ( 1)
  93 L   0.99037 0.00000 0.00963 0.00000 ( 1)
  94 A   0.99346 0.00000 0.00654 0.00000 ( 1)
  95 I   0.99304 0.00000 0.00696 0.00000 ( 1)
  96 F   0.99215 0.00000 0.00785 0.00000 ( 1)
  97 D   0.99551 0.00000 0.00449 0.00000 ( 1)
  98 F   0.99503 0.00000 0.00497 0.00000 ( 1)
  99 I   0.99444 0.00000 0.00556 0.00000 ( 1)
 100 M   0.99708 0.00000 0.00292 0.00000 ( 1)
 101 M   0.99708 0.00000 0.00292 0.00000 ( 1)
 102 L   0.99364 0.00000 0.00636 0.00000 ( 1)
 103 K   0.99480 0.00000 0.00520 0.00000 ( 1)
 104 A   0.99368 0.00000 0.00632 0.00000 ( 1)
 105 P   0.99323 0.00000 0.00677 0.00000 ( 1)
 106 I   0.99501 0.00000 0.00499 0.00000 ( 1)
 107 F   0.99548 0.00000 0.00452 0.00000 ( 1)
 108 I   0.99509 0.00000 0.00491 0.00000 ( 1)
 109 Y   0.99376 0.00000 0.00624 0.00000 ( 1)
 110 N   0.99583 0.00000 0.00417 0.00000 ( 1)
 111 S   0.99529 0.00000 0.00471 0.00000 ( 1)
 112 A   0.99344 0.00000 0.00656 0.00000 ( 1)
 113 M   0.99708 0.00000 0.00292 0.00000 ( 1)
 114 R   0.98735 0.00000 0.01265 0.00000 ( 1)
 115 G   0.99414 0.00000 0.00586 0.00000 ( 1)
 116 F   0.99562 0.00000 0.00438 0.00000 ( 1)
 117 A   0.99342 0.00000 0.00658 0.00000 ( 1)
 118 A   0.00000 0.98609 0.00000 0.01391 ( 2)
 119 G   0.99457 0.00000 0.00543 0.00000 ( 1)
 120 A   0.77305 0.00000 0.22695 0.00000 ( 1)
 121 L   0.00000 0.95915 0.00000 0.04085 ( 2)
 122 W   0.99294 0.00000 0.00706 0.00000 ( 1)
 123 C   0.99422 0.00000 0.00578 0.00000 ( 1)
 124 K   0.99221 0.00000 0.00779 0.00000 ( 1)
 125 I   0.99568 0.00000 0.00432 0.00000 ( 1)
 126 F   0.99483 0.00000 0.00517 0.00000 ( 1)
 127 A   0.99338 0.00000 0.00662 0.00000 ( 1)
 128 V   0.97130 0.00000 0.02870 0.00000 ( 1)
 129 M   0.99708 0.00000 0.00292 0.00000 ( 1)
 130 G   0.99467 0.00000 0.00533 0.00000 ( 1)
 131 S   0.61962 0.00000 0.38038 0.00000 ( 1)
 132 Y   0.99385 0.00000 0.00615 0.00000 ( 1)
 133 S   0.99575 0.00000 0.00425 0.00000 ( 1)
 134 G   0.99460 0.00000 0.00540 0.00000 ( 1)
 135 I   0.99490 0.00000 0.00510 0.00000 ( 1)
 136 G   0.99216 0.00000 0.00784 0.00000 ( 1)
 137 A   0.99353 0.00000 0.00647 0.00000 ( 1)
 138 A   0.98827 0.00000 0.01173 0.00000 ( 1)
 139 M   0.99708 0.00000 0.00292 0.00000 ( 1)
 140 T   0.99451 0.00000 0.00549 0.00000 ( 1)
 141 N   0.99580 0.00000 0.00420 0.00000 ( 1)
 142 A   0.99336 0.00000 0.00664 0.00000 ( 1)
 143 C   0.99259 0.00000 0.00741 0.00000 ( 1)
 144 I   0.99456 0.00000 0.00544 0.00000 ( 1)
 145 A   0.99331 0.00000 0.00669 0.00000 ( 1)
 146 Y   0.99298 0.00000 0.00702 0.00000 ( 1)
 147 D   0.99572 0.00000 0.00428 0.00000 ( 1)
 148 R   0.99428 0.00000 0.00572 0.00000 ( 1)
 149 H   0.99354 0.00000 0.00646 0.00000 ( 1)
 150 S   0.99195 0.00000 0.00805 0.00000 ( 1)
 151 T   0.99347 0.00000 0.00653 0.00000 ( 1)
 152 I   0.99440 0.00000 0.00560 0.00000 ( 1)
 153 T   0.99371 0.00000 0.00629 0.00000 ( 1)
 154 R   0.98757 0.00000 0.01243 0.00000 ( 1)
 155 P   0.99305 0.00000 0.00695 0.00000 ( 1)
 156 L   0.99057 0.00000 0.00943 0.00000 ( 1)
 157 D   0.99506 0.00000 0.00494 0.00000 ( 1)
 158 G   0.99310 0.00000 0.00690 0.00000 ( 1)
 159 R   0.99140 0.00000 0.00860 0.00000 ( 1)
 160 L   0.99045 0.00000 0.00955 0.00000 ( 1)
 161 S   0.99272 0.00000 0.00728 0.00000 ( 1)
 162 R   0.98810 0.00000 0.01190 0.00000 ( 1)
 163 G   0.99331 0.00000 0.00669 0.00000 ( 1)
 164 K   0.99476 0.00000 0.00524 0.00000 ( 1)
 165 V   0.99298 0.00000 0.00702 0.00000 ( 1)
 166 L   0.99241 0.00000 0.00759 0.00000 ( 1)
 167 L   0.99075 0.00000 0.00925 0.00000 ( 1)
 168 M   0.99708 0.00000 0.00292 0.00000 ( 1)
 169 I   0.99261 0.00000 0.00739 0.00000 ( 1)
 170 I   0.99331 0.00000 0.00669 0.00000 ( 1)
 171 C   0.99497 0.00000 0.00503 0.00000 ( 1)
 172 I   0.99277 0.00000 0.00723 0.00000 ( 1)
 173 W   0.99202 0.00000 0.00798 0.00000 ( 1)
 174 I   0.99549 0.00000 0.00451 0.00000 ( 1)
 175 Y   0.99383 0.00000 0.00617 0.00000 ( 1)
 176 T   0.99370 0.00000 0.00630 0.00000 ( 1)
 177 T   0.99377 0.00000 0.00623 0.00000 ( 1)
 178 P   0.99348 0.00000 0.00652 0.00000 ( 1)
 179 W   0.99202 0.00000 0.00798 0.00000 ( 1)
 180 S   0.58392 0.00000 0.41608 0.00000 ( 1)
 181 L   0.99185 0.00000 0.00815 0.00000 ( 1)
 182 M   0.99019 0.00000 0.00981 0.00000 ( 1)
 183 P   0.99330 0.00000 0.00670 0.00000 ( 1)
 184 L   0.99213 0.00000 0.00787 0.00000 ( 1)
 185 F   0.99486 0.00000 0.00514 0.00000 ( 1)
 186 R   0.76841 0.00000 0.23159 0.00000 ( 1)
 187 V   0.88462 0.00000 0.11538 0.00000 ( 1)
 188 W   0.99202 0.00000 0.00798 0.00000 ( 1)
 189 G   0.99477 0.00000 0.00523 0.00000 ( 1)
 190 R   0.99407 0.00000 0.00593 0.00000 ( 1)
 191 F   0.95785 0.00000 0.04215 0.00000 ( 1)
 192 V   0.99336 0.00000 0.00664 0.00000 ( 1)
 193 P   0.99303 0.00000 0.00697 0.00000 ( 1)
 194 E   0.99492 0.00000 0.00508 0.00000 ( 1)
 195 G   0.99373 0.00000 0.00627 0.00000 ( 1)
 196 Y   0.99382 0.00000 0.00618 0.00000 ( 1)
 197 L   0.99044 0.00000 0.00956 0.00000 ( 1)
 198 T   0.99378 0.00000 0.00622 0.00000 ( 1)
 199 S   0.99228 0.00000 0.00772 0.00000 ( 1)
 200 C   0.99355 0.00000 0.00645 0.00000 ( 1)
 201 T   0.99290 0.00000 0.00710 0.00000 ( 1)
 202 F   0.99569 0.00000 0.00431 0.00000 ( 1)
 203 D   0.99547 0.00000 0.00453 0.00000 ( 1)
 204 Y   0.99298 0.00000 0.00702 0.00000 ( 1)
 205 L   0.99065 0.00000 0.00935 0.00000 ( 1)
 206 T   0.99173 0.00000 0.00827 0.00000 ( 1)
 207 N   0.99488 0.00000 0.00512 0.00000 ( 1)
 208 S   0.99371 0.00000 0.00629 0.00000 ( 1)
 209 F   0.99527 0.00000 0.00473 0.00000 ( 1)
 210 D   0.99507 0.00000 0.00493 0.00000 ( 1)
 211 N   0.99331 0.00000 0.00669 0.00000 ( 1)
 212 K   0.99455 0.00000 0.00545 0.00000 ( 1)
 213 L   0.98681 0.00000 0.01319 0.00000 ( 1)
 214 F   0.99572 0.00000 0.00428 0.00000 ( 1)
 215 V   0.99338 0.00000 0.00662 0.00000 ( 1)
 216 G   0.63243 0.00000 0.36757 0.00000 ( 1)
 217 C   0.99426 0.00000 0.00574 0.00000 ( 1)
 218 I   0.99421 0.00000 0.00579 0.00000 ( 1)
 219 F   0.99470 0.00000 0.00530 0.00000 ( 1)
 220 T   0.00000 0.93774 0.00000 0.06226 ( 2)
 221 C   0.99426 0.00000 0.00574 0.00000 ( 1)
 222 S   0.99584 0.00000 0.00416 0.00000 ( 1)
 223 Y   0.99385 0.00000 0.00615 0.00000 ( 1)
 224 V   0.99342 0.00000 0.00658 0.00000 ( 1)
 225 F   0.99564 0.00000 0.00436 0.00000 ( 1)
 226 P   0.99345 0.00000 0.00655 0.00000 ( 1)
 227 M   0.99708 0.00000 0.00292 0.00000 ( 1)
 228 L   0.98978 0.00000 0.01022 0.00000 ( 1)
 229 C   0.99708 0.00000 0.00292 0.00000 ( 1)
 230 I   0.99470 0.00000 0.00530 0.00000 ( 1)
 231 I   0.98984 0.00000 0.01016 0.00000 ( 1)
 232 Y   0.99337 0.00000 0.00663 0.00000 ( 1)
 233 F   0.99569 0.00000 0.00431 0.00000 ( 1)
 234 Y   0.99382 0.00000 0.00618 0.00000 ( 1)
 235 S   0.99516 0.00000 0.00484 0.00000 ( 1)
 236 G   0.99371 0.00000 0.00629 0.00000 ( 1)
 237 I   0.99454 0.00000 0.00546 0.00000 ( 1)
 238 V   0.99333 0.00000 0.00667 0.00000 ( 1)
 239 K   0.99406 0.00000 0.00594 0.00000 ( 1)
 240 Q   0.99202 0.00000 0.00798 0.00000 ( 1)
 241 V   0.99338 0.00000 0.00662 0.00000 ( 1)
 242 F   0.99495 0.00000 0.00505 0.00000 ( 1)
 243 A   0.99343 0.00000 0.00657 0.00000 ( 1)
 244 H   0.99429 0.00000 0.00571 0.00000 ( 1)
 245 E   0.99465 0.00000 0.00535 0.00000 ( 1)
 246 A   0.99348 0.00000 0.00652 0.00000 ( 1)
 247 A   0.99369 0.00000 0.00631 0.00000 ( 1)
 248 L   0.99218 0.00000 0.00782 0.00000 ( 1)
 249 R   0.99311 0.00000 0.00689 0.00000 ( 1)
 250 E   0.60114 0.00000 0.39886 0.00000 ( 1)
 251 Q   0.99211 0.00000 0.00789 0.00000 ( 1)
 252 A   0.99329 0.00000 0.00671 0.00000 ( 1)
 253 K   0.99469 0.00000 0.00531 0.00000 ( 1)
 254 K   0.99455 0.00000 0.00545 0.00000 ( 1)
 255 M   0.99708 0.00000 0.00292 0.00000 ( 1)
 256 N   0.99578 0.00000 0.00422 0.00000 ( 1)
 257 V   0.99352 0.00000 0.00648 0.00000 ( 1)
 258 E   0.99447 0.00000 0.00553 0.00000 ( 1)
 259 S   0.99269 0.00000 0.00731 0.00000 ( 1)
 260 L   0.99070 0.00000 0.00930 0.00000 ( 1)
 261 R   0.98712 0.00000 0.01288 0.00000 ( 1)
 262 S   0.99262 0.00000 0.00738 0.00000 ( 1)
 263 N   0.99576 0.00000 0.00424 0.00000 ( 1)
 264 Q   0.99224 0.00000 0.00776 0.00000 ( 1)
 265 N   0.99484 0.00000 0.00516 0.00000 ( 1)
 266 A   0.99333 0.00000 0.00667 0.00000 ( 1)
 267 G   0.95183 0.03703 0.01047 0.00067 ( 1)
 268 A   0.99307 0.00000 0.00693 0.00000 ( 1)
 269 E   0.79563 0.00000 0.20437 0.00000 ( 1)
 270 S   0.99124 0.00000 0.00876 0.00000 ( 1)
 271 A   0.99314 0.00000 0.00686 0.00000 ( 1)
 272 E   0.99462 0.00000 0.00538 0.00000 ( 1)
 273 I   0.99412 0.00000 0.00588 0.00000 ( 1)
 274 R   0.99218 0.00000 0.00782 0.00000 ( 1)
 275 I   0.99557 0.00000 0.00443 0.00000 ( 1)
 276 A   0.99339 0.00000 0.00661 0.00000 ( 1)
 277 K   0.99462 0.00000 0.00538 0.00000 ( 1)
 278 A   0.99354 0.00000 0.00646 0.00000 ( 1)
 279 A   0.99353 0.00000 0.00647 0.00000 ( 1)
 280 L   0.99467 0.00000 0.00533 0.00000 ( 1)
 281 T   0.99351 0.00000 0.00649 0.00000 ( 1)
 282 V   0.99369 0.00000 0.00631 0.00000 ( 1)
 283 C   0.99424 0.00000 0.00576 0.00000 ( 1)
 284 F   0.99572 0.00000 0.00428 0.00000 ( 1)
 285 L   0.98945 0.00000 0.01055 0.00000 ( 1)
 286 F   0.99522 0.00000 0.00478 0.00000 ( 1)
 287 V   0.99353 0.00000 0.00647 0.00000 ( 1)
 288 A   0.99153 0.00000 0.00847 0.00000 ( 1)
 289 S   0.99263 0.00000 0.00737 0.00000 ( 1)
 290 W   0.99202 0.00000 0.00798 0.00000 ( 1)
 291 T   0.99386 0.00000 0.00614 0.00000 ( 1)
 292 P   0.99350 0.00000 0.00650 0.00000 ( 1)
 293 Y   0.99378 0.00000 0.00622 0.00000 ( 1)
 294 G   0.99458 0.00000 0.00542 0.00000 ( 1)
 295 V   0.99311 0.00000 0.00689 0.00000 ( 1)
 296 M   0.99708 0.00000 0.00292 0.00000 ( 1)
 297 S   0.93797 0.00000 0.06203 0.00000 ( 1)
 298 L   0.99460 0.00000 0.00540 0.00000 ( 1)
 299 I   0.99515 0.00000 0.00485 0.00000 ( 1)
 300 G   0.99300 0.00000 0.00700 0.00000 ( 1)
 301 A   0.99348 0.00000 0.00652 0.00000 ( 1)
 302 F   0.99467 0.00000 0.00533 0.00000 ( 1)
 303 G   0.99306 0.00000 0.00694 0.00000 ( 1)
 304 D   0.81132 0.00000 0.18868 0.00000 ( 1)
 305 Q   0.99150 0.00000 0.00850 0.00000 ( 1)
 306 E   0.62831 0.00000 0.37169 0.00000 ( 1)
 307 L   0.99053 0.00000 0.00947 0.00000 ( 1)
 308 L   0.99303 0.00000 0.00697 0.00000 ( 1)
 309 T   0.99383 0.00000 0.00617 0.00000 ( 1)
 310 P   0.99308 0.00000 0.00692 0.00000 ( 1)
 311 G   0.99375 0.00000 0.00625 0.00000 ( 1)
 312 V   0.99345 0.00000 0.00655 0.00000 ( 1)
 313 T   0.99390 0.00000 0.00610 0.00000 ( 1)
 314 M   0.99708 0.00000 0.00292 0.00000 ( 1)
 315 I   0.99415 0.00000 0.00585 0.00000 ( 1)
 316 P   0.99334 0.00000 0.00666 0.00000 ( 1)
 317 A   0.99362 0.00000 0.00638 0.00000 ( 1)
 318 I   0.99335 0.00000 0.00665 0.00000 ( 1)
 319 T   0.99367 0.00000 0.00633 0.00000 ( 1)
 320 C   0.99426 0.00000 0.00574 0.00000 ( 1)
 321 K   0.99480 0.00000 0.00520 0.00000 ( 1)
 322 A   0.99332 0.00000 0.00668 0.00000 ( 1)
 323 V   0.99341 0.00000 0.00659 0.00000 ( 1)
 324 A   0.99371 0.00000 0.00629 0.00000 ( 1)
 325 C   0.99270 0.00000 0.00730 0.00000 ( 1)
 326 I   0.99568 0.00000 0.00432 0.00000 ( 1)
 327 D   0.99494 0.00000 0.00506 0.00000 ( 1)
 328 P   0.99308 0.00000 0.00692 0.00000 ( 1)
 329 W   0.99202 0.00000 0.00798 0.00000 ( 1)
 330 V   0.99287 0.00000 0.00713 0.00000 ( 1)
 331 Y   0.99317 0.00000 0.00683 0.00000 ( 1)
 332 A   0.99342 0.00000 0.00658 0.00000 ( 1)
 333 I   0.99531 0.00000 0.00469 0.00000 ( 1)
 334 S   0.99474 0.00000 0.00526 0.00000 ( 1)
 335 H   0.99354 0.00000 0.00646 0.00000 ( 1)
 336 P   0.99395 0.00000 0.00605 0.00000 ( 1)
 337 K   0.99475 0.00000 0.00525 0.00000 ( 1)
 338 Y   0.99385 0.00000 0.00615 0.00000 ( 1)
 339 R   0.99442 0.00000 0.00558 0.00000 ( 1)
 340 Q   0.99211 0.00000 0.00789 0.00000 ( 1)
 341 E   0.99435 0.00000 0.00565 0.00000 ( 1)
 342 L   0.99309 0.00000 0.00691 0.00000 ( 1)
 343 Q   0.99221 0.00000 0.00779 0.00000 ( 1)
 344 R   0.99025 0.00000 0.00975 0.00000 ( 1)
 345 R   0.99284 0.00000 0.00716 0.00000 ( 1)
 346 M   0.99708 0.00000 0.00292 0.00000 ( 1)
 347 P   0.99329 0.00000 0.00671 0.00000 ( 1)
 348 W   0.99202 0.00000 0.00798 0.00000 ( 1)
 349 L   0.99030 0.00000 0.00970 0.00000 ( 1)
 350 Q   0.99209 0.00000 0.00791 0.00000 ( 1)
 351 I   0.99494 0.00000 0.00506 0.00000 ( 1)
 352 S   0.83147 0.00000 0.16853 0.00000 ( 1)
 353 E   0.99457 0.00000 0.00543 0.00000 ( 1)
 354 P   0.99433 0.00000 0.00567 0.00000 ( 1)
 355 D   0.06541 0.00000 0.93459 0.00000 ( 3)
 356 D   0.99490 0.00000 0.00510 0.00000 ( 1)
 357 N   0.99330 0.00000 0.00670 0.00000 ( 1)
 358 T   0.00000 0.97618 0.00000 0.02382 ( 2)
 359 S   0.99356 0.00000 0.00644 0.00000 ( 1)
 360 N   0.99272 0.00000 0.00728 0.00000 ( 1)
 361 T   0.85484 0.00000 0.14516 0.00000 ( 1)
 362 S   0.99379 0.00000 0.00621 0.00000 ( 1)
 363 N   0.89059 0.00000 0.10941 0.00000 ( 1)
 364 T   0.99565 0.00000 0.00435 0.00000 ( 1)
 365 T   0.99334 0.00000 0.00666 0.00000 ( 1)
 366 T   0.99314 0.00000 0.00686 0.00000 ( 1)
 367 N   0.23228 0.00000 0.76772 0.00000 ( 3)
 368 S   0.00000 0.98474 0.00000 0.01526 ( 2)
 369 A   0.00000 0.97477 0.00000 0.02523 ( 2)
 370 A   0.97311 0.00000 0.02689 0.00000 ( 1)
 371 P   0.96640 0.00000 0.03360 0.00000 ( 1)

