Supplemental results for CODEML (seqf: align.fa  treef: tree.nwk)


MLEs of dN/dS (w) for site classes (K=3)

p:   0.71452  0.28548  0.00000
w:   0.00789  0.14752 24.35929
(note that p[2] is zero)


Naive Empirical Bayes (NEB) probabilities for 3 classes & postmean_w & P(w>1)
(amino acids refer to 1st sequence: ColCroc)

   1 M   1.00000 0.00000 0.00000 ( 1)  0.008  0.000
   2 D   0.00000 1.00000 0.00000 ( 2)  0.148  0.000
   3 R   0.00000 1.00000 0.00000 ( 2)  0.148  0.000
   4 T   0.28023 0.71977 0.00000 ( 2)  0.108  0.000
   5 E   0.00000 1.00000 0.00000 ( 2)  0.148  0.000
   6 Y   0.00000 1.00000 0.00000 ( 2)  0.148  0.000
   7 Y   0.00000 1.00000 0.00000 ( 2)  0.148  0.000
   8 I   0.00000 1.00000 0.00000 ( 2)  0.148  0.000
   9 Y   0.00000 1.00000 0.00000 ( 2)  0.148  0.000
  10 G   0.00000 1.00000 0.00000 ( 2)  0.148  0.000
  11 A   0.00000 1.00000 0.00000 ( 2)  0.148  0.000
  12 Y   0.00000 1.00000 0.00000 ( 2)  0.148  0.000
  13 F   0.01374 0.98626 0.00000 ( 2)  0.146  0.000
  14 A   0.00000 1.00000 0.00000 ( 2)  0.148  0.000
  15 P   0.00000 1.00000 0.00000 ( 2)  0.148  0.000
  16 L   0.00000 1.00000 0.00000 ( 2)  0.148  0.000
  17 R   0.00000 1.00000 0.00000 ( 2)  0.148  0.000
  18 S   0.00000 1.00000 0.00000 ( 2)  0.148  0.000
  19 G   0.00000 1.00000 0.00000 ( 2)  0.148  0.000
  20 G   0.00000 1.00000 0.00000 ( 2)  0.148  0.000
  21 E   0.00000 1.00000 0.00000 ( 2)  0.148  0.000
  22 R   0.00000 1.00000 0.00000 ( 2)  0.148  0.000
  23 M   0.00000 1.00000 0.00000 ( 2)  0.148  0.000
  24 L   1.00000 0.00000 0.00000 ( 1)  0.008  0.000
  25 G   0.98335 0.01665 0.00000 ( 1)  0.010  0.000
  26 E   0.00000 1.00000 0.00000 ( 2)  0.148  0.000
  27 G   1.00000 0.00000 0.00000 ( 1)  0.008  0.000
  28 L   1.00000 0.00000 0.00000 ( 1)  0.008  0.000
  29 T   0.00000 1.00000 0.00000 ( 2)  0.148  0.000
  30 G   0.95556 0.04444 0.00000 ( 1)  0.014  0.000
  31 E   0.00000 1.00000 0.00000 ( 2)  0.148  0.000
  32 D   0.99178 0.00822 0.00000 ( 1)  0.009  0.000
  33 L   1.00000 0.00000 0.00000 ( 1)  0.008  0.000
  34 A   1.00000 0.00000 0.00000 ( 1)  0.008  0.000
  35 M   0.00000 1.00000 0.00000 ( 2)  0.148  0.000
  36 I   0.02134 0.97866 0.00000 ( 2)  0.145  0.000
  37 P   1.00000 0.00000 0.00000 ( 1)  0.008  0.000
  38 E   0.96212 0.03788 0.00000 ( 1)  0.013  0.000
  39 H   1.00000 0.00000 0.00000 ( 1)  0.008
  40 W   1.00000 0.00000 0.00000 ( 1)  0.008
  41 F   0.00000 1.00000 0.00000 ( 2)  0.148  0.000
  42 K   0.00000 1.00000 0.00000 ( 2)  0.148  0.000
  43 Y   0.00000 1.00000 0.00000 ( 2)  0.148  0.000
  44 P   0.00000 1.00000 0.00000 ( 2)  0.148  0.000
  45 E   1.00000 0.00000 0.00000 ( 1)  0.008  0.000
  46 P   1.00000 0.00000 0.00000 ( 1)  0.008  0.000
  47 P   1.00000 0.00000 0.00000 ( 1)  0.008  0.000
  48 A   0.63123 0.36877 0.00000 ( 1)  0.059  0.000
  49 S   0.00000 1.00000 0.00000 ( 2)  0.148  0.000
  50 A   1.00000 0.00000 0.00000 ( 1)  0.008  0.000
  51 H   1.00000 0.00000 0.00000 ( 1)  0.008
  52 T   1.00000 0.00000 0.00000 ( 1)  0.008  0.000
  53 A   1.00000 0.00000 0.00000 ( 1)  0.008  0.000
  54 L   1.00000 0.00000 0.00000 ( 1)  0.008  0.000
  55 C   1.00000 0.00000 0.00000 ( 1)  0.008  0.000
  56 L   1.00000 0.00000 0.00000 ( 1)  0.008  0.000
  57 L   1.00000 0.00000 0.00000 ( 1)  0.008  0.000
  58 Y   1.00000 0.00000 0.00000 ( 1)  0.008  0.000
  59 C   0.00000 1.00000 0.00000 ( 2)  0.148  0.000
  60 F   1.00000 0.00000 0.00000 ( 1)  0.008  0.000
  61 F   0.08167 0.91833 0.00000 ( 2)  0.136  0.000
  62 T   1.00000 0.00000 0.00000 ( 1)  0.008  0.000
  63 A   0.00051 0.99949 0.00000 ( 2)  0.147  0.000
  64 A   1.00000 0.00000 0.00000 ( 1)  0.008  0.000
  65 A   0.04110 0.95890 0.00000 ( 2)  0.142  0.000
  66 L   1.00000 0.00000 0.00000 ( 1)  0.008  0.000
  67 I   0.00000 1.00000 0.00000 ( 2)  0.148  0.000
  68 G   1.00000 0.00000 0.00000 ( 1)  0.008  0.000
  69 N   1.00000 0.00000 0.00000 ( 1)  0.008  0.000
  70 G   1.00000 0.00000 0.00000 ( 1)  0.008  0.000
  71 M   0.00000 1.00000 0.00000 ( 2)  0.148  0.000
  72 V   1.00000 0.00000 0.00000 ( 1)  0.008  0.000
  73 I   1.00000 0.00000 0.00000 ( 1)  0.008  0.000
  74 F   0.99457 0.00543 0.00000 ( 1)  0.009  0.000
  75 I   0.00000 1.00000 0.00000 ( 2)  0.148  0.000
  76 F   1.00000 0.00000 0.00000 ( 1)  0.008  0.000
  77 A   0.00000 1.00000 0.00000 ( 2)  0.148  0.000
  78 S   1.00000 0.00000 0.00000 ( 1)  0.008  0.000
  79 T   1.00000 0.00000 0.00000 ( 1)  0.008  0.000
  80 K   1.00000 0.00000 0.00000 ( 1)  0.008  0.000
  81 S   0.00000 1.00000 0.00000 ( 2)  0.148  0.000
  82 L   1.00000 0.00000 0.00000 ( 1)  0.008  0.000
  83 R   1.00000 0.00000 0.00000 ( 1)  0.008  0.000
  84 T   1.00000 0.00000 0.00000 ( 1)  0.008  0.000
  85 A   0.99578 0.00422 0.00000 ( 1)  0.008  0.000
  86 S   1.00000 0.00000 0.00000 ( 1)  0.008
  87 N   1.00000 0.00000 0.00000 ( 1)  0.008  0.000
  88 L   0.99353 0.00647 0.00000 ( 1)  0.009  0.000
  89 L   1.00000 0.00000 0.00000 ( 1)  0.008  0.000
  90 I   1.00000 0.00000 0.00000 ( 1)  0.008  0.000
  91 L   1.00000 0.00000 0.00000 ( 1)  0.008  0.000
  92 N   0.00000 1.00000 0.00000 ( 2)  0.148  0.000
  93 L   1.00000 0.00000 0.00000 ( 1)  0.008  0.000
  94 A   0.00017 0.99983 0.00000 ( 2)  0.148  0.000
  95 I   0.00107 0.99893 0.00000 ( 2)  0.147  0.000
  96 F   0.00000 1.00000 0.00000 ( 2)  0.148  0.000
  97 D   1.00000 0.00000 0.00000 ( 1)  0.008  0.000
  98 F   1.00000 0.00000 0.00000 ( 1)  0.008  0.000
  99 I   1.00000 0.00000 0.00000 ( 1)  0.008  0.000
 100 M   1.00000 0.00000 0.00000 ( 1)  0.008  0.000
 101 M   1.00000 0.00000 0.00000 ( 1)  0.008  0.000
 102 L   0.99993 0.00007 0.00000 ( 1)  0.008  0.000
 103 K   1.00000 0.00000 0.00000 ( 1)  0.008  0.000
 104 A   1.00000 0.00000 0.00000 ( 1)  0.008  0.000
 105 P   1.00000 0.00000 0.00000 ( 1)  0.008  0.000
 106 I   0.99997 0.00003 0.00000 ( 1)  0.008  0.000
 107 F   1.00000 0.00000 0.00000 ( 1)  0.008  0.000
 108 I   1.00000 0.00000 0.00000 ( 1)  0.008  0.000
 109 Y   1.00000 0.00000 0.00000 ( 1)  0.008  0.000
 110 N   1.00000 0.00000 0.00000 ( 1)  0.008  0.000
 111 S   1.00000 0.00000 0.00000 ( 1)  0.008  0.000
 112 A   0.00000 1.00000 0.00000 ( 2)  0.148  0.000
 113 M   0.00000 1.00000 0.00000 ( 2)  0.148  0.000
 114 R   0.00000 1.00000 0.00000 ( 2)  0.148  0.000
 115 G   1.00000 0.00000 0.00000 ( 1)  0.008  0.000
 116 F   1.00000 0.00000 0.00000 ( 1)  0.008  0.000
 117 A   1.00000 0.00000 0.00000 ( 1)  0.008  0.000
 118 A   0.00000 1.00000 0.00000 ( 2)  0.148  0.000
 119 G   1.00000 0.00000 0.00000 ( 1)  0.008  0.000
 120 A   0.00000 1.00000 0.00000 ( 2)  0.148  0.000
 121 L   0.00000 1.00000 0.00000 ( 2)  0.148  0.000
 122 W   0.99976 0.00024 0.00000 ( 1)  0.008  0.000
 123 C   1.00000 0.00000 0.00000 ( 1)  0.008  0.000
 124 K   0.00000 1.00000 0.00000 ( 2)  0.148  0.000
 125 I   0.00000 1.00000 0.00000 ( 2)  0.148  0.000
 126 F   1.00000 0.00000 0.00000 ( 1)  0.008  0.000
 127 A   0.00000 1.00000 0.00000 ( 2)  0.148  0.000
 128 V   0.00000 1.00000 0.00000 ( 2)  0.148  0.000
 129 M   1.00000 0.00000 0.00000 ( 1)  0.008  0.000
 130 G   1.00000 0.00000 0.00000 ( 1)  0.008  0.000
 131 S   0.07998 0.92002 0.00000 ( 2)  0.136  0.000
 132 Y   0.56000 0.44000 0.00000 ( 1)  0.069  0.000
 133 S   1.00000 0.00000 0.00000 ( 1)  0.008  0.000
 134 G   1.00000 0.00000 0.00000 ( 1)  0.008  0.000
 135 I   1.00000 0.00000 0.00000 ( 1)  0.008  0.000
 136 G   1.00000 0.00000 0.00000 ( 1)  0.008  0.000
 137 A   1.00000 0.00000 0.00000 ( 1)  0.008  0.000
 138 A   0.00000 1.00000 0.00000 ( 2)  0.148  0.000
 139 M   1.00000 0.00000 0.00000 ( 1)  0.008  0.000
 140 T   1.00000 0.00000 0.00000 ( 1)  0.008  0.000
 141 N   1.00000 0.00000 0.00000 ( 1)  0.008  0.000
 142 A   1.00000 0.00000 0.00000 ( 1)  0.008  0.000
 143 C   1.00000 0.00000 0.00000 ( 1)  0.008  0.000
 144 I   1.00000 0.00000 0.00000 ( 1)  0.008  0.000
 145 A   1.00000 0.00000 0.00000 ( 1)  0.008  0.000
 146 Y   0.99998 0.00002 0.00000 ( 1)  0.008  0.000
 147 D   1.00000 0.00000 0.00000 ( 1)  0.008  0.000
 148 R   1.00000 0.00000 0.00000 ( 1)  0.008  0.000
 149 H   1.00000 0.00000 0.00000 ( 1)  0.008  0.000
 150 S   1.00000 0.00000 0.00000 ( 1)  0.008  0.000
 151 T   1.00000 0.00000 0.00000 ( 1)  0.008  0.000
 152 I   1.00000 0.00000 0.00000 ( 1)  0.008  0.000
 153 T   1.00000 0.00000 0.00000 ( 1)  0.008  0.000
 154 R   1.00000 0.00000 0.00000 ( 1)  0.008  0.000
 155 P   1.00000 0.00000 0.00000 ( 1)  0.008  0.000
 156 L   1.00000 0.00000 0.00000 ( 1)  0.008  0.000
 157 D   1.00000 0.00000 0.00000 ( 1)  0.008  0.000
 158 G   1.00000 0.00000 0.00000 ( 1)  0.008  0.000
 159 R   1.00000 0.00000 0.00000 ( 1)  0.008  0.000
 160 L   1.00000 0.00000 0.00000 ( 1)  0.008  0.000
 161 S   1.00000 0.00000 0.00000 ( 1)  0.008  0.000
 162 R   0.00000 1.00000 0.00000 ( 2)  0.148  0.000
 163 G   1.00000 0.00000 0.00000 ( 1)  0.008  0.000
 164 K   1.00000 0.00000 0.00000 ( 1)  0.008  0.000
 165 V   0.75703 0.24297 0.00000 ( 1)  0.042  0.000
 166 L   0.00000 1.00000 0.00000 ( 2)  0.148  0.000
 167 L   0.99999 0.00001 0.00000 ( 1)  0.008  0.000
 168 M   1.00000 0.00000 0.00000 ( 1)  0.008  0.000
 169 I   0.00000 1.00000 0.00000 ( 2)  0.148  0.000
 170 I   0.00000 1.00000 0.00000 ( 2)  0.148  0.000
 171 C   0.00000 1.00000 0.00000 ( 2)  0.148  0.000
 172 I   0.00000 1.00000 0.00000 ( 2)  0.148  0.000
 173 W   1.00000 0.00000 0.00000 ( 1)  0.008
 174 I   0.00000 1.00000 0.00000 ( 2)  0.148  0.000
 175 Y   1.00000 0.00000 0.00000 ( 1)  0.008  0.000
 176 T   0.00000 1.00000 0.00000 ( 2)  0.148  0.000
 177 T   1.00000 0.00000 0.00000 ( 1)  0.008  0.000
 178 P   1.00000 0.00000 0.00000 ( 1)  0.008  0.000
 179 W   1.00000 0.00000 0.00000 ( 1)  0.008
 180 S   0.99983 0.00017 0.00000 ( 1)  0.008  0.000
 181 L   0.00132 0.99868 0.00000 ( 2)  0.147  0.000
 182 M   0.99999 0.00001 0.00000 ( 1)  0.008  0.000
 183 P   1.00000 0.00000 0.00000 ( 1)  0.008  0.000
 184 L   1.00000 0.00000 0.00000 ( 1)  0.008  0.000
 185 F   0.00000 1.00000 0.00000 ( 2)  0.148  0.000
 186 R   0.00000 1.00000 0.00000 ( 2)  0.148  0.000
 187 V   0.02047 0.97953 0.00000 ( 2)  0.145  0.000
 188 W   1.00000 0.00000 0.00000 ( 1)  0.008
 189 G   1.00000 0.00000 0.00000 ( 1)  0.008  0.000
 190 R   1.00000 0.00000 0.00000 ( 1)  0.008  0.000
 191 F   0.00000 1.00000 0.00000 ( 2)  0.148  0.000
 192 V   1.00000 0.00000 0.00000 ( 1)  0.008  0.000
 193 P   1.00000 0.00000 0.00000 ( 1)  0.008  0.000
 194 E   1.00000 0.00000 0.00000 ( 1)  0.008  0.000
 195 G   1.00000 0.00000 0.00000 ( 1)  0.008  0.000
 196 Y   1.00000 0.00000 0.00000 ( 1)  0.008  0.000
 197 L   1.00000 0.00000 0.00000 ( 1)  0.008  0.000
 198 T   1.00000 0.00000 0.00000 ( 1)  0.008  0.000
 199 S   1.00000 0.00000 0.00000 ( 1)  0.008  0.000
 200 C   1.00000 0.00000 0.00000 ( 1)  0.008  0.000
 201 T   0.00000 1.00000 0.00000 ( 2)  0.148  0.000
 202 F   1.00000 0.00000 0.00000 ( 1)  0.008  0.000
 203 D   1.00000 0.00000 0.00000 ( 1)  0.008  0.000
 204 Y   1.00000 0.00000 0.00000 ( 1)  0.008  0.000
 205 L   1.00000 0.00000 0.00000 ( 1)  0.008  0.000
 206 T   1.00000 0.00000 0.00000 ( 1)  0.008  0.000
 207 N   0.06213 0.93787 0.00000 ( 2)  0.139  0.000
 208 S   0.46533 0.53467 0.00000 ( 2)  0.083  0.000
 209 F   1.00000 0.00000 0.00000 ( 1)  0.008  0.000
 210 D   1.00000 0.00000 0.00000 ( 1)  0.008  0.000
 211 N   1.00000 0.00000 0.00000 ( 1)  0.008  0.000
 212 K   1.00000 0.00000 0.00000 ( 1)  0.008  0.000
 213 L   1.00000 0.00000 0.00000 ( 1)  0.008  0.000
 214 F   1.00000 0.00000 0.00000 ( 1)  0.008  0.000
 215 V   1.00000 0.00000 0.00000 ( 1)  0.008  0.000
 216 G   0.00000 1.00000 0.00000 ( 2)  0.148  0.000
 217 C   1.00000 0.00000 0.00000 ( 1)  0.008
 218 I   1.00000 0.00000 0.00000 ( 1)  0.008  0.000
 219 F   1.00000 0.00000 0.00000 ( 1)  0.008  0.000
 220 T   0.00000 1.00000 0.00000 ( 2)  0.148  0.000
 221 C   1.00000 0.00000 0.00000 ( 1)  0.008
 222 S   1.00000 0.00000 0.00000 ( 1)  0.008  0.000
 223 Y   1.00000 0.00000 0.00000 ( 1)  0.008  0.000
 224 V   0.00000 1.00000 0.00000 ( 2)  0.148  0.000
 225 F   0.99380 0.00620 0.00000 ( 1)  0.009  0.000
 226 P   1.00000 0.00000 0.00000 ( 1)  0.008  0.000
 227 M   1.00000 0.00000 0.00000 ( 1)  0.008  0.000
 228 L   0.00000 1.00000 0.00000 ( 2)  0.148  0.000
 229 C   0.00000 1.00000 0.00000 ( 2)  0.148  0.000
 230 I   1.00000 0.00000 0.00000 ( 1)  0.008  0.000
 231 I   0.00000 1.00000 0.00000 ( 2)  0.148  0.000
 232 Y   1.00000 0.00000 0.00000 ( 1)  0.008  0.000
 233 F   1.00000 0.00000 0.00000 ( 1)  0.008  0.000
 234 Y   1.00000 0.00000 0.00000 ( 1)  0.008  0.000
 235 S   1.00000 0.00000 0.00000 ( 1)  0.008  0.000
 236 G   1.00000 0.00000 0.00000 ( 1)  0.008  0.000
 237 I   1.00000 0.00000 0.00000 ( 1)  0.008  0.000
 238 V   1.00000 0.00000 0.00000 ( 1)  0.008  0.000
 239 K   0.99960 0.00040 0.00000 ( 1)  0.008  0.000
 240 Q   1.00000 0.00000 0.00000 ( 1)  0.008  0.000
 241 V   1.00000 0.00000 0.00000 ( 1)  0.008  0.000
 242 F   1.00000 0.00000 0.00000 ( 1)  0.008  0.000
 243 A   1.00000 0.00000 0.00000 ( 1)  0.008  0.000
 244 H   1.00000 0.00000 0.00000 ( 1)  0.008  0.000
 245 E   1.00000 0.00000 0.00000 ( 1)  0.008  0.000
 246 A   1.00000 0.00000 0.00000 ( 1)  0.008  0.000
 247 A   1.00000 0.00000 0.00000 ( 1)  0.008  0.000
 248 L   1.00000 0.00000 0.00000 ( 1)  0.008  0.000
 249 R   1.00000 0.00000 0.00000 ( 1)  0.008  0.000
 250 E   0.99742 0.00258 0.00000 ( 1)  0.008  0.000
 251 Q   1.00000 0.00000 0.00000 ( 1)  0.008
 252 A   1.00000 0.00000 0.00000 ( 1)  0.008  0.000
 253 K   1.00000 0.00000 0.00000 ( 1)  0.008  0.000
 254 K   1.00000 0.00000 0.00000 ( 1)  0.008  0.000
 255 M   1.00000 0.00000 0.00000 ( 1)  0.008  0.000
 256 N   1.00000 0.00000 0.00000 ( 1)  0.008  0.000
 257 V   1.00000 0.00000 0.00000 ( 1)  0.008  0.000
 258 E   1.00000 0.00000 0.00000 ( 1)  0.008  0.000
 259 S   1.00000 0.00000 0.00000 ( 1)  0.008  0.000
 260 L   1.00000 0.00000 0.00000 ( 1)  0.008  0.000
 261 R   1.00000 0.00000 0.00000 ( 1)  0.008  0.000
 262 S   0.00000 1.00000 0.00000 ( 2)  0.148  0.000
 263 N   1.00000 0.00000 0.00000 ( 1)  0.008  0.000
 264 Q   1.00000 0.00000 0.00000 ( 1)  0.008  0.000
 265 N   0.00000 1.00000 0.00000 ( 2)  0.148  0.000
 266 A   0.00000 1.00000 0.00000 ( 2)  0.148  0.000
 267 G   0.00000 1.00000 0.00000 ( 2)  0.148  0.000
 268 A   0.00000 1.00000 0.00000 ( 2)  0.148  0.000
 269 E   0.00000 1.00000 0.00000 ( 2)  0.148  0.000
 270 S   0.99987 0.00013 0.00000 ( 1)  0.008  0.000
 271 A   1.00000 0.00000 0.00000 ( 1)  0.008  0.000
 272 E   1.00000 0.00000 0.00000 ( 1)  0.008  0.000
 273 I   1.00000 0.00000 0.00000 ( 1)  0.008  0.000
 274 R   1.00000 0.00000 0.00000 ( 1)  0.008  0.000
 275 I   1.00000 0.00000 0.00000 ( 1)  0.008  0.000
 276 A   1.00000 0.00000 0.00000 ( 1)  0.008  0.000
 277 K   1.00000 0.00000 0.00000 ( 1)  0.008  0.000
 278 A   1.00000 0.00000 0.00000 ( 1)  0.008  0.000
 279 A   1.00000 0.00000 0.00000 ( 1)  0.008  0.000
 280 L   1.00000 0.00000 0.00000 ( 1)  0.008  0.000
 281 T   1.00000 0.00000 0.00000 ( 1)  0.008  0.000
 282 V   1.00000 0.00000 0.00000 ( 1)  0.008  0.000
 283 C   1.00000 0.00000 0.00000 ( 1)  0.008
 284 F   1.00000 0.00000 0.00000 ( 1)  0.008  0.000
 285 L   1.00000 0.00000 0.00000 ( 1)  0.008  0.000
 286 F   0.99618 0.00382 0.00000 ( 1)  0.008  0.000
 287 V   1.00000 0.00000 0.00000 ( 1)  0.008  0.000
 288 A   0.19550 0.80450 0.00000 ( 2)  0.120  0.000
 289 S   1.00000 0.00000 0.00000 ( 1)  0.008  0.000
 290 W   1.00000 0.00000 0.00000 ( 1)  0.008
 291 T   1.00000 0.00000 0.00000 ( 1)  0.008  0.000
 292 P   1.00000 0.00000 0.00000 ( 1)  0.008  0.000
 293 Y   1.00000 0.00000 0.00000 ( 1)  0.008  0.000
 294 G   1.00000 0.00000 0.00000 ( 1)  0.008  0.000
 295 V   0.13234 0.86766 0.00000 ( 2)  0.129  0.000
 296 M   1.00000 0.00000 0.00000 ( 1)  0.008  0.000
 297 S   0.00000 1.00000 0.00000 ( 2)  0.148  0.000
 298 L   1.00000 0.00000 0.00000 ( 1)  0.008  0.000
 299 I   1.00000 0.00000 0.00000 ( 1)  0.008  0.000
 300 G   1.00000 0.00000 0.00000 ( 1)  0.008  0.000
 301 A   1.00000 0.00000 0.00000 ( 1)  0.008  0.000
 302 F   1.00000 0.00000 0.00000 ( 1)  0.008  0.000
 303 G   1.00000 0.00000 0.00000 ( 1)  0.008  0.000
 304 D   0.00000 1.00000 0.00000 ( 2)  0.148  0.000
 305 Q   0.87856 0.12144 0.00000 ( 1)  0.025  0.000
 306 E   0.00000 1.00000 0.00000 ( 2)  0.148  0.000
 307 L   0.99991 0.00009 0.00000 ( 1)  0.008  0.000
 308 L   1.00000 0.00000 0.00000 ( 1)  0.008  0.000
 309 T   1.00000 0.00000 0.00000 ( 1)  0.008  0.000
 310 P   1.00000 0.00000 0.00000 ( 1)  0.008  0.000
 311 G   1.00000 0.00000 0.00000 ( 1)  0.008  0.000
 312 V   1.00000 0.00000 0.00000 ( 1)  0.008  0.000
 313 T   1.00000 0.00000 0.00000 ( 1)  0.008  0.000
 314 M   1.00000 0.00000 0.00000 ( 1)  0.008  0.000
 315 I   1.00000 0.00000 0.00000 ( 1)  0.008  0.000
 316 P   1.00000 0.00000 0.00000 ( 1)  0.008  0.000
 317 A   1.00000 0.00000 0.00000 ( 1)  0.008  0.000
 318 I   1.00000 0.00000 0.00000 ( 1)  0.008  0.000
 319 T   0.00321 0.99679 0.00000 ( 2)  0.147  0.000
 320 C   1.00000 0.00000 0.00000 ( 1)  0.008
 321 K   1.00000 0.00000 0.00000 ( 1)  0.008  0.000
 322 A   0.00000 1.00000 0.00000 ( 2)  0.148  0.000
 323 V   1.00000 0.00000 0.00000 ( 1)  0.008  0.000
 324 A   1.00000 0.00000 0.00000 ( 1)  0.008  0.000
 325 C   1.00000 0.00000 0.00000 ( 1)  0.008  0.000
 326 I   1.00000 0.00000 0.00000 ( 1)  0.008  0.000
 327 D   1.00000 0.00000 0.00000 ( 1)  0.008  0.000
 328 P   1.00000 0.00000 0.00000 ( 1)  0.008  0.000
 329 W   1.00000 0.00000 0.00000 ( 1)  0.008
 330 V   1.00000 0.00000 0.00000 ( 1)  0.008  0.000
 331 Y   1.00000 0.00000 0.00000 ( 1)  0.008  0.000
 332 A   1.00000 0.00000 0.00000 ( 1)  0.008  0.000
 333 I   1.00000 0.00000 0.00000 ( 1)  0.008  0.000
 334 S   1.00000 0.00000 0.00000 ( 1)  0.008  0.000
 335 H   1.00000 0.00000 0.00000 ( 1)  0.008
 336 P   1.00000 0.00000 0.00000 ( 1)  0.008  0.000
 337 K   1.00000 0.00000 0.00000 ( 1)  0.008  0.000
 338 Y   1.00000 0.00000 0.00000 ( 1)  0.008  0.000
 339 R   1.00000 0.00000 0.00000 ( 1)  0.008  0.000
 340 Q   0.99998 0.00002 0.00000 ( 1)  0.008
 341 E   1.00000 0.00000 0.00000 ( 1)  0.008  0.000
 342 L   1.00000 0.00000 0.00000 ( 1)  0.008  0.000
 343 Q   1.00000 0.00000 0.00000 ( 1)  0.008  0.000
 344 R   0.00000 1.00000 0.00000 ( 2)  0.148  0.000
 345 R   1.00000 0.00000 0.00000 ( 1)  0.008  0.000
 346 M   1.00000 0.00000 0.00000 ( 1)  0.008  0.000
 347 P   1.00000 0.00000 0.00000 ( 1)  0.008  0.000
 348 W   1.00000 0.00000 0.00000 ( 1)  0.008
 349 L   1.00000 0.00000 0.00000 ( 1)  0.008  0.000
 350 Q   1.00000 0.00000 0.00000 ( 1)  0.008  0.000
 351 I   1.00000 0.00000 0.00000 ( 1)  0.008  0.000
 352 S   0.00000 1.00000 0.00000 ( 2)  0.148  0.000
 353 E   1.00000 0.00000 0.00000 ( 1)  0.008  0.000
 354 P   1.00000 0.00000 0.00000 ( 1)  0.008  0.000
 355 D   0.00000 1.00000 0.00000 ( 2)  0.148  0.000
 356 D   1.00000 0.00000 0.00000 ( 1)  0.008  0.000
 357 N   0.00000 1.00000 0.00000 ( 2)  0.148  0.000
 358 T   0.00000 1.00000 0.00000 ( 2)  0.148  0.000
 359 S   1.00000 0.00000 0.00000 ( 1)  0.008  0.000
 360 N   0.99849 0.00151 0.00000 ( 1)  0.008  0.000
 361 T   0.00000 1.00000 0.00000 ( 2)  0.148  0.000
 362 S   1.00000 0.00000 0.00000 ( 1)  0.008  0.000
 363 N   0.00000 1.00000 0.00000 ( 2)  0.148  0.000
 364 T   0.00021 0.99979 0.00000 ( 2)  0.147  0.000
 365 T   1.00000 0.00000 0.00000 ( 1)  0.008  0.000
 366 T   0.00000 1.00000 0.00000 ( 2)  0.148  0.000
 367 N   0.00000 1.00000 0.00000 ( 2)  0.148  0.000
 368 S   0.00000 1.00000 0.00000 ( 2)  0.148  0.000
 369 A   0.00000 1.00000 0.00000 ( 2)  0.148  0.000
 370 A   0.00000 1.00000 0.00000 ( 2)  0.148  0.000
 371 P   0.00000 1.00000 0.00000 ( 2)  0.148  0.000

Positively selected sites

	Prob(w>1)  mean w



lnL = -73839.204072

