Supplemental results for CODEML (seqf: align.fa  treef: tree.nwk)


MLEs of dN/dS (w) for site classes (K=4)

site class             0        1       2a       2b
proportion       0.56270  0.01659  0.40866  0.01205
background w     0.04056  1.00000  0.04056  1.00000
foreground w     0.04056  1.00000  1.00000  1.00000

Naive Empirical Bayes (NEB) probabilities for 4 classes
(amino acids refer to 1st sequence: ColCroc|LWS3)

   1 M   0.62001 0.00000 0.37999 0.00000 ( 1)
   2 A   0.60317 0.00011 0.39663 0.00008 ( 1)
   3 T   0.00000 0.57929 0.00000 0.42071 ( 2)
   4 S   0.60899 0.00000 0.39101 0.00000 ( 1)
   5 M   0.60310 0.00000 0.39690 0.00000 ( 1)
   6 D   0.61383 0.00000 0.38617 0.00000 ( 1)
   7 P   0.60725 0.00000 0.39275 0.00000 ( 1)
   8 A   0.59251 0.00000 0.40749 0.00000 ( 1)
   9 P   0.59378 0.00000 0.40622 0.00000 ( 1)
  10 G   0.60798 0.00000 0.39202 0.00000 ( 1)
  11 V   0.00000 0.57929 0.00000 0.42071 ( 2)
  12 A   0.60232 0.00000 0.39768 0.00000 ( 1)
  13 A   0.60544 0.00000 0.39456 0.00000 ( 1)
  14 M   0.59508 0.00000 0.40492 0.00000 ( 1)
  15 Q   0.59563 0.00000 0.40437 0.00000 ( 1)
  16 T   0.59776 0.00000 0.40224 0.00000 ( 1)
  17 W   0.59640 0.00000 0.40360 0.00000 ( 1)
  18 G   0.60853 0.00000 0.39147 0.00000 ( 1)
  19 G   0.60840 0.00000 0.39160 0.00000 ( 1)
  20 H   0.59312 0.00000 0.40688 0.00000 ( 1)
  21 A   0.05986 0.00000 0.94014 0.00000 ( 3)
  22 E   0.60547 0.00000 0.39453 0.00000 ( 1)
  23 A   0.61429 0.00000 0.38571 0.00000 ( 1)
  24 Y   0.60549 0.00000 0.39451 0.00000 ( 1)
  25 S   0.60860 0.00000 0.39140 0.00000 ( 1)
  26 A   0.61068 0.00000 0.38932 0.00000 ( 1)
  27 N   0.61320 0.00000 0.38680 0.00000 ( 1)
  28 Q   0.59404 0.00000 0.40596 0.00000 ( 1)
  29 T   0.61460 0.00000 0.38540 0.00000 ( 1)
  30 V   0.61493 0.00000 0.38507 0.00000 ( 1)
  31 V   0.61585 0.00000 0.38415 0.00000 ( 1)
  32 D   0.61445 0.00000 0.38555 0.00000 ( 1)
  33 K   0.60109 0.00000 0.39891 0.00000 ( 1)
  34 V   0.60595 0.00000 0.39405 0.00000 ( 1)
  35 L   0.08385 0.48444 0.07989 0.35182 ( 2)
  36 P   0.59427 0.00000 0.40573 0.00000 ( 1)
  37 E   0.59741 0.00000 0.40259 0.00000 ( 1)
  38 M   0.61869 0.00000 0.38131 0.00000 ( 1)
  39 L   0.59451 0.00000 0.40549 0.00000 ( 1)
  40 H   0.60615 0.00000 0.39385 0.00000 ( 1)
  41 L   0.05752 0.00000 0.94248 0.00000 ( 3)
  42 I   0.06255 0.00000 0.93745 0.00000 ( 3)
  43 D   0.61437 0.00000 0.38563 0.00000 ( 1)
  44 A   0.59388 0.00000 0.40612 0.00000 ( 1)
  45 H   0.60496 0.00000 0.39504 0.00000 ( 1)
  46 W   0.59640 0.00000 0.40360 0.00000 ( 1)
  47 Y   0.59652 0.00000 0.40348 0.00000 ( 1)
  48 Q   0.59180 0.00000 0.40820 0.00000 ( 1)
  49 F   0.60668 0.00000 0.39332 0.00000 ( 1)
  50 P   0.59384 0.00000 0.40616 0.00000 ( 1)
  51 P   0.59910 0.00000 0.40090 0.00000 ( 1)
  52 M   0.62000 0.00000 0.38000 0.00000 ( 1)
  53 N   0.61269 0.00000 0.38731 0.00000 ( 1)
  54 P   0.59834 0.00000 0.40166 0.00000 ( 1)
  55 L   0.58995 0.00000 0.41005 0.00000 ( 1)
  56 W   0.59640 0.00000 0.40360 0.00000 ( 1)
  57 Y   0.60587 0.00000 0.39413 0.00000 ( 1)
  58 G   0.59753 0.00000 0.40247 0.00000 ( 1)
  59 L   0.59624 0.00000 0.40376 0.00000 ( 1)
  60 L   0.59486 0.00000 0.40514 0.00000 ( 1)
  61 G   0.59808 0.00000 0.40192 0.00000 ( 1)
  62 F   0.61654 0.00000 0.38346 0.00000 ( 1)
  63 T   0.60355 0.00000 0.39645 0.00000 ( 1)
  64 I   0.60933 0.00000 0.39067 0.00000 ( 1)
  65 C   0.60859 0.00000 0.39141 0.00000 ( 1)
  66 I   0.00000 0.57929 0.00000 0.42071 ( 2)
  67 L   0.60301 0.00000 0.39699 0.00000 ( 1)
  68 A   0.60617 0.00000 0.39383 0.00000 ( 1)
  69 F   0.61685 0.00000 0.38315 0.00000 ( 1)
  70 I   0.61861 0.00000 0.38139 0.00000 ( 1)
  71 S   0.59346 0.00000 0.40654 0.00000 ( 1)
  72 V   0.61934 0.00000 0.38066 0.00000 ( 1)
  73 T   0.60314 0.00000 0.39686 0.00000 ( 1)
  74 G   0.60847 0.00000 0.39153 0.00000 ( 1)
  75 N   0.61312 0.00000 0.38688 0.00000 ( 1)
  76 G   0.59250 0.00000 0.40750 0.00000 ( 1)
  77 M   0.62001 0.00000 0.37999 0.00000 ( 1)
  78 V   0.60562 0.00000 0.39438 0.00000 ( 1)
  79 I   0.59593 0.00000 0.40407 0.00000 ( 1)
  80 Y   0.60549 0.00000 0.39451 0.00000 ( 1)
  81 I   0.60972 0.00000 0.39028 0.00000 ( 1)
  82 F   0.61719 0.00000 0.38281 0.00000 ( 1)
  83 S   0.59670 0.00000 0.40330 0.00000 ( 1)
  84 T   0.54125 0.00038 0.45809 0.00028 ( 1)
  85 T   0.59728 0.00000 0.40272 0.00000 ( 1)
  86 K   0.60451 0.00000 0.39549 0.00000 ( 1)
  87 S   0.00000 0.57929 0.00000 0.42071 ( 2)
  88 L   0.61063 0.00000 0.38937 0.00000 ( 1)
  89 K   0.59832 0.00000 0.40168 0.00000 ( 1)
  90 T   0.59700 0.00000 0.40300 0.00000 ( 1)
  91 P   0.59392 0.00000 0.40608 0.00000 ( 1)
  92 S   0.59201 0.00000 0.40799 0.00000 ( 1)
  93 N   0.61315 0.00000 0.38685 0.00000 ( 1)
  94 L   0.59235 0.00000 0.40765 0.00000 ( 1)
  95 L   0.59059 0.00000 0.40941 0.00000 ( 1)
  96 V   0.59987 0.00000 0.40013 0.00000 ( 1)
  97 V   0.59793 0.00000 0.40207 0.00000 ( 1)
  98 N   0.60308 0.00000 0.39692 0.00000 ( 1)
  99 L   0.59092 0.00000 0.40908 0.00000 ( 1)
 100 A   0.60221 0.00000 0.39779 0.00000 ( 1)
 101 F   0.61056 0.00000 0.38944 0.00000 ( 1)
 102 S   0.60022 0.00000 0.39978 0.00000 ( 1)
 103 D   0.61244 0.00000 0.38756 0.00000 ( 1)
 104 F   0.61715 0.00000 0.38285 0.00000 ( 1)
 105 L   0.59314 0.00000 0.40686 0.00000 ( 1)
 106 M   0.62001 0.00000 0.37999 0.00000 ( 1)
 107 M   0.62001 0.00000 0.37999 0.00000 ( 1)
 108 A   0.01572 0.00000 0.98428 0.00000 ( 3)
 109 M   0.00000 0.57929 0.00000 0.42071 ( 2)
 110 M   0.62001 0.00000 0.37999 0.00000 ( 1)
 111 A   0.59826 0.00000 0.40174 0.00000 ( 1)
 112 P   0.60083 0.00000 0.39917 0.00000 ( 1)
 113 P   0.13265 0.01873 0.83502 0.01360 ( 3)
 114 L   0.62001 0.00000 0.37999 0.00000 ( 1)
 115 C   0.60358 0.00000 0.39642 0.00000 ( 1)
 116 I   0.55665 0.00000 0.44335 0.00000 ( 1)
 117 N   0.60287 0.00000 0.39713 0.00000 ( 1)
 118 S   0.59716 0.00000 0.40284 0.00000 ( 1)
 119 Y   0.60240 0.00000 0.39760 0.00000 ( 1)
 120 Y   0.05866 0.00000 0.94134 0.00000 ( 3)
 121 Q   0.59933 0.00000 0.40067 0.00000 ( 1)
 122 T   0.59671 0.00000 0.40329 0.00000 ( 1)
 123 W   0.59640 0.00000 0.40360 0.00000 ( 1)
 124 V   0.59793 0.00000 0.40207 0.00000 ( 1)
 125 F   0.60854 0.00000 0.39146 0.00000 ( 1)
 126 G   0.59806 0.00000 0.40194 0.00000 ( 1)
 127 P   0.59426 0.00000 0.40574 0.00000 ( 1)
 128 V   0.59566 0.00000 0.40434 0.00000 ( 1)
 129 A   0.59890 0.00000 0.40110 0.00000 ( 1)
 130 C   0.59723 0.00000 0.40277 0.00000 ( 1)
 131 Q   0.59933 0.00000 0.40067 0.00000 ( 1)
 132 F   0.59037 0.00000 0.40963 0.00000 ( 1)
 133 Y   0.60542 0.00000 0.39458 0.00000 ( 1)
 134 A   0.60360 0.00000 0.39640 0.00000 ( 1)
 135 C   0.59819 0.00000 0.40181 0.00000 ( 1)
 136 F   0.60511 0.00041 0.39419 0.00030 ( 1)
 137 G   0.60116 0.00000 0.39884 0.00000 ( 1)
 138 S   0.59217 0.00000 0.40783 0.00000 ( 1)
 139 L   0.58996 0.00000 0.41004 0.00000 ( 1)
 140 F   0.61709 0.00000 0.38291 0.00000 ( 1)
 141 G   0.60126 0.00000 0.39874 0.00000 ( 1)
 142 C   0.50318 0.00000 0.49682 0.00000 ( 1)
 143 V   0.04152 0.00000 0.95848 0.00000 ( 3)
 144 S   0.59593 0.00000 0.40407 0.00000 ( 1)
 145 I   0.60783 0.00000 0.39217 0.00000 ( 1)
 146 W   0.59640 0.00000 0.40360 0.00000 ( 1)
 147 T   0.59897 0.00000 0.40103 0.00000 ( 1)
 148 M   0.62001 0.00000 0.37999 0.00000 ( 1)
 149 T   0.60242 0.00000 0.39758 0.00000 ( 1)
 150 A   0.62000 0.00000 0.38000 0.00000 ( 1)
 151 I   0.60890 0.00000 0.39110 0.00000 ( 1)
 152 A   0.61398 0.00000 0.38602 0.00000 ( 1)
 153 F   0.61719 0.00000 0.38281 0.00000 ( 1)
 154 D   0.61444 0.00000 0.38556 0.00000 ( 1)
 155 R   0.58627 0.00000 0.41373 0.00000 ( 1)
 156 Y   0.60550 0.00000 0.39450 0.00000 ( 1)
 157 N   0.60339 0.00000 0.39661 0.00000 ( 1)
 158 V   0.61135 0.00000 0.38865 0.00000 ( 1)
 159 I   0.61861 0.00000 0.38139 0.00000 ( 1)
 160 V   0.59936 0.00000 0.40064 0.00000 ( 1)
 161 K   0.60439 0.00000 0.39561 0.00000 ( 1)
 162 G   0.59847 0.00000 0.40153 0.00000 ( 1)
 163 I   0.61670 0.00000 0.38330 0.00000 ( 1)
 164 A   0.61434 0.00000 0.38566 0.00000 ( 1)
 165 A   0.61125 0.00000 0.38875 0.00000 ( 1)
 166 K   0.60441 0.00000 0.39559 0.00000 ( 1)
 167 P   0.59414 0.00000 0.40586 0.00000 ( 1)
 168 L   0.56865 0.00000 0.43135 0.00000 ( 1)
 169 T   0.61447 0.00000 0.38553 0.00000 ( 1)
 170 V   0.06047 0.00000 0.93953 0.00000 ( 3)
 171 N   0.60924 0.00000 0.39076 0.00000 ( 1)
 172 G   0.59255 0.00000 0.40745 0.00000 ( 1)
 173 A   0.60298 0.00000 0.39702 0.00000 ( 1)
 174 L   0.59508 0.00000 0.40492 0.00000 ( 1)
 175 L   0.59489 0.00000 0.40511 0.00000 ( 1)
 176 Q   0.58628 0.00000 0.41372 0.00000 ( 1)
 177 I   0.61337 0.00000 0.38663 0.00000 ( 1)
 178 F   0.59986 0.00000 0.40014 0.00000 ( 1)
 179 G   0.60611 0.00000 0.39389 0.00000 ( 1)
 180 V   0.61922 0.00000 0.38078 0.00000 ( 1)
 181 W   0.59640 0.00000 0.40360 0.00000 ( 1)
 182 A   0.00000 0.57929 0.00000 0.42071 ( 2)
 183 F   0.61728 0.00000 0.38272 0.00000 ( 1)
 184 S   0.59228 0.00000 0.40772 0.00000 ( 1)
 185 L   0.59991 0.00000 0.40009 0.00000 ( 1)
 186 A   0.59736 0.00000 0.40263 0.00000 ( 1)
 187 W   0.59640 0.00000 0.40360 0.00000 ( 1)
 188 T   0.60260 0.00000 0.39740 0.00000 ( 1)
 189 L   0.06599 0.00000 0.93401 0.00000 ( 3)
 190 A   0.59805 0.00000 0.40195 0.00000 ( 1)
 191 P   0.59384 0.00000 0.40616 0.00000 ( 1)
 192 I   0.04156 0.00000 0.95844 0.00000 ( 3)
 193 F   0.61692 0.00000 0.38308 0.00000 ( 1)
 194 G   0.59791 0.00000 0.40209 0.00000 ( 1)
 195 W   0.59640 0.00000 0.40360 0.00000 ( 1)
 196 S   0.61218 0.00000 0.38782 0.00000 ( 1)
 197 R   0.60273 0.00000 0.39727 0.00000 ( 1)
 198 Y   0.60024 0.00000 0.39976 0.00000 ( 1)
 199 V   0.60167 0.00000 0.39833 0.00000 ( 1)
 200 P   0.59864 0.00000 0.40136 0.00000 ( 1)
 201 E   0.60001 0.00000 0.39999 0.00000 ( 1)
 202 G   0.60563 0.00000 0.39437 0.00000 ( 1)
 203 N   0.61324 0.00000 0.38676 0.00000 ( 1)
 204 M   0.62001 0.00000 0.37999 0.00000 ( 1)
 205 T   0.61090 0.00000 0.38910 0.00000 ( 1)
 206 A   0.61145 0.00000 0.38855 0.00000 ( 1)
 207 C   0.60342 0.00000 0.39658 0.00000 ( 1)
 208 G   0.59249 0.00000 0.40751 0.00000 ( 1)
 209 T   0.60263 0.00000 0.39737 0.00000 ( 1)
 210 D   0.61443 0.00000 0.38557 0.00000 ( 1)
 211 Y   0.60543 0.00000 0.39457 0.00000 ( 1)
 212 L   0.52344 0.00000 0.47656 0.00000 ( 1)
 213 S   0.00000 0.57929 0.00000 0.42071 ( 2)
 214 K   0.60451 0.00000 0.39549 0.00000 ( 1)
 215 D   0.60774 0.00000 0.39226 0.00000 ( 1)
 216 L   0.59640 0.00000 0.40360 0.00000 ( 1)
 217 L   0.00000 0.57929 0.00000 0.42071 ( 2)
 218 S   0.61064 0.00000 0.38936 0.00000 ( 1)
 219 Q   0.60120 0.00000 0.39880 0.00000 ( 1)
 220 I   0.61064 0.00000 0.38936 0.00000 ( 1)
 221 Y   0.60547 0.00000 0.39453 0.00000 ( 1)
 222 I   0.61945 0.00000 0.38055 0.00000 ( 1)
 223 I   0.59541 0.00000 0.40459 0.00000 ( 1)
 224 T   0.58776 0.00000 0.41224 0.00000 ( 1)
 225 Y   0.60549 0.00000 0.39451 0.00000 ( 1)
 226 S   0.59215 0.00000 0.40785 0.00000 ( 1)
 227 I   0.57980 0.00000 0.42020 0.00000 ( 1)
 228 A   0.61728 0.00000 0.38272 0.00000 ( 1)
 229 C   0.61487 0.00000 0.38513 0.00000 ( 1)
 230 Y   0.60549 0.00000 0.39451 0.00000 ( 1)
 231 F   0.61693 0.00000 0.38307 0.00000 ( 1)
 232 L   0.00000 0.57929 0.00000 0.42071 ( 2)
 233 P   0.59873 0.00000 0.40127 0.00000 ( 1)
 234 L   0.59544 0.00000 0.40456 0.00000 ( 1)
 235 A   0.34763 0.00000 0.65237 0.00000 ( 3)
 236 L   0.61063 0.00000 0.38937 0.00000 ( 1)
 237 I   0.61941 0.00000 0.38059 0.00000 ( 1)
 238 V   0.61940 0.00000 0.38060 0.00000 ( 1)
 239 Y   0.60544 0.00000 0.39456 0.00000 ( 1)
 240 S   0.59995 0.00000 0.40005 0.00000 ( 1)
 241 Y   0.60538 0.00000 0.39462 0.00000 ( 1)
 242 F   0.61698 0.00000 0.38302 0.00000 ( 1)
 243 F   0.61727 0.00000 0.38273 0.00000 ( 1)
 244 I   0.60719 0.00000 0.39281 0.00000 ( 1)
 245 V   0.60279 0.00000 0.39721 0.00000 ( 1)
 246 Q   0.59599 0.00000 0.40401 0.00000 ( 1)
 247 A   0.60472 0.00000 0.39528 0.00000 ( 1)
 248 V   0.59751 0.00000 0.40249 0.00000 ( 1)
 249 A   0.59707 0.00000 0.40293 0.00000 ( 1)
 250 A   0.60306 0.00000 0.39694 0.00000 ( 1)
 251 H   0.60636 0.00000 0.39364 0.00000 ( 1)
 252 E   0.60076 0.00000 0.39924 0.00000 ( 1)
 253 K   0.59868 0.00000 0.40132 0.00000 ( 1)
 254 A   0.61347 0.00000 0.38653 0.00000 ( 1)
 255 M   0.62001 0.00000 0.37999 0.00000 ( 1)
 256 R   0.60290 0.00000 0.39710 0.00000 ( 1)
 257 E   0.59934 0.00000 0.40066 0.00000 ( 1)
 258 Q   0.59455 0.00000 0.40545 0.00000 ( 1)
 259 A   0.60497 0.00000 0.39503 0.00000 ( 1)
 260 K   0.60450 0.00000 0.39550 0.00000 ( 1)
 261 K   0.59831 0.00000 0.40169 0.00000 ( 1)
 262 M   0.62001 0.00000 0.37999 0.00000 ( 1)
 263 N   0.61318 0.00000 0.38682 0.00000 ( 1)
 264 V   0.60356 0.00000 0.39644 0.00000 ( 1)
 265 A   0.60303 0.00000 0.39697 0.00000 ( 1)
 266 S   0.59991 0.00000 0.40009 0.00000 ( 1)
 267 L   0.60677 0.00000 0.39323 0.00000 ( 1)
 268 R   0.59587 0.00000 0.40413 0.00000 ( 1)
 269 S   0.59218 0.00000 0.40782 0.00000 ( 1)
 270 S   0.59997 0.00000 0.40003 0.00000 ( 1)
 271 E   0.59748 0.00000 0.40252 0.00000 ( 1)
 272 Q   0.51731 0.00000 0.48269 0.00000 ( 1)
 273 A   0.60630 0.00000 0.39370 0.00000 ( 1)
 274 N   0.61323 0.00000 0.38677 0.00000 ( 1)
 275 T   0.61353 0.00000 0.38647 0.00000 ( 1)
 276 S   0.61059 0.00000 0.38941 0.00000 ( 1)
 277 A   0.60317 0.00000 0.39683 0.00000 ( 1)
 278 E   0.59935 0.00000 0.40065 0.00000 ( 1)
 279 C   0.60572 0.00000 0.39428 0.00000 ( 1)
 280 K   0.59831 0.00000 0.40169 0.00000 ( 1)
 281 L   0.59885 0.00000 0.40115 0.00000 ( 1)
 282 A   0.60307 0.00000 0.39693 0.00000 ( 1)
 283 K   0.60451 0.00000 0.39549 0.00000 ( 1)
 284 V   0.60356 0.00000 0.39644 0.00000 ( 1)
 285 A   0.59833 0.00000 0.40167 0.00000 ( 1)
 286 L   0.59807 0.00000 0.40193 0.00000 ( 1)
 287 M   0.62001 0.00000 0.37999 0.00000 ( 1)
 288 T   0.61433 0.00000 0.38567 0.00000 ( 1)
 289 I   0.61221 0.00000 0.38779 0.00000 ( 1)
 290 S   0.59902 0.00000 0.40098 0.00000 ( 1)
 291 L   0.59292 0.00000 0.40708 0.00000 ( 1)
 292 W   0.59640 0.00000 0.40360 0.00000 ( 1)
 293 F   0.61722 0.00000 0.38278 0.00000 ( 1)
 294 M   0.62001 0.00000 0.37999 0.00000 ( 1)
 295 A   0.60025 0.00000 0.39975 0.00000 ( 1)
 296 W   0.59640 0.00000 0.40360 0.00000 ( 1)
 297 T   0.60314 0.00000 0.39686 0.00000 ( 1)
 298 P   0.59383 0.00000 0.40617 0.00000 ( 1)
 299 Y   0.60540 0.00000 0.39460 0.00000 ( 1)
 300 L   0.59508 0.00000 0.40492 0.00000 ( 1)
 301 V   0.60597 0.00000 0.39403 0.00000 ( 1)
 302 I   0.61946 0.00000 0.38054 0.00000 ( 1)
 303 N   0.61315 0.00000 0.38685 0.00000 ( 1)
 304 F   0.60094 0.00000 0.39906 0.00000 ( 1)
 305 A   0.60379 0.00000 0.39621 0.00000 ( 1)
 306 G   0.59248 0.00000 0.40752 0.00000 ( 1)
 307 V   0.60203 0.00000 0.39797 0.00000 ( 1)
 308 F   0.61720 0.00000 0.38280 0.00000 ( 1)
 309 E   0.60528 0.00000 0.39472 0.00000 ( 1)
 310 T   0.05882 0.00000 0.94118 0.00000 ( 3)
 311 A   0.60013 0.00000 0.39987 0.00000 ( 1)
 312 P   0.60165 0.00000 0.39835 0.00000 ( 1)
 313 I   0.61948 0.00000 0.38052 0.00000 ( 1)
 314 S   0.61059 0.00000 0.38941 0.00000 ( 1)
 315 P   0.59801 0.00000 0.40199 0.00000 ( 1)
 316 L   0.59680 0.00000 0.40320 0.00000 ( 1)
 317 S   0.61436 0.00000 0.38564 0.00000 ( 1)
 318 T   0.61450 0.00000 0.38550 0.00000 ( 1)
 319 I   0.61933 0.00000 0.38067 0.00000 ( 1)
 320 W   0.59640 0.00000 0.40360 0.00000 ( 1)
 321 G   0.60456 0.00000 0.39544 0.00000 ( 1)
 322 S   0.59697 0.00000 0.40303 0.00000 ( 1)
 323 V   0.05889 0.00000 0.94111 0.00000 ( 3)
 324 F   0.61618 0.00000 0.38382 0.00000 ( 1)
 325 A   0.61515 0.00000 0.38485 0.00000 ( 1)
 326 K   0.60450 0.00000 0.39550 0.00000 ( 1)
 327 A   0.60306 0.00000 0.39694 0.00000 ( 1)
 328 N   0.60339 0.00000 0.39661 0.00000 ( 1)
 329 A   0.60698 0.00000 0.39302 0.00000 ( 1)
 330 V   0.61556 0.00000 0.38444 0.00000 ( 1)
 331 Y   0.60544 0.00000 0.39456 0.00000 ( 1)
 332 N   0.60434 0.00000 0.39566 0.00000 ( 1)
 333 P   0.59872 0.00000 0.40128 0.00000 ( 1)
 334 I   0.60715 0.00000 0.39285 0.00000 ( 1)
 335 V   0.59746 0.00000 0.40254 0.00000 ( 1)
 336 Y   0.59652 0.00000 0.40348 0.00000 ( 1)
 337 G   0.59855 0.00000 0.40145 0.00000 ( 1)
 338 I   0.61949 0.00000 0.38051 0.00000 ( 1)
 339 S   0.61064 0.00000 0.38936 0.00000 ( 1)
 340 H   0.60121 0.00000 0.39879 0.00000 ( 1)
 341 P   0.59877 0.00000 0.40123 0.00000 ( 1)
 342 K   0.59832 0.00000 0.40168 0.00000 ( 1)
 343 Y   0.60547 0.00000 0.39453 0.00000 ( 1)
 344 R   0.60117 0.00000 0.39883 0.00000 ( 1)
 345 A   0.60533 0.00000 0.39467 0.00000 ( 1)
 346 A   0.60493 0.00000 0.39507 0.00000 ( 1)
 347 L   0.59510 0.00000 0.40490 0.00000 ( 1)
 348 Y   0.60549 0.00000 0.39451 0.00000 ( 1)
 349 Q   0.59599 0.00000 0.40401 0.00000 ( 1)
 350 R   0.60267 0.00000 0.39733 0.00000 ( 1)
 351 F   0.61729 0.00000 0.38271 0.00000 ( 1)
 352 P   0.59647 0.00000 0.40353 0.00000 ( 1)
 353 S   0.55385 0.00000 0.44615 0.00000 ( 1)
 354 L   0.59546 0.00000 0.40454 0.00000 ( 1)
 355 A   0.06988 0.00000 0.93012 0.00000 ( 3)
 356 C   0.60573 0.00000 0.39427 0.00000 ( 1)
 357 Q   0.59598 0.00000 0.40402 0.00000 ( 1)
 358 P   0.05617 0.00720 0.93140 0.00523 ( 3)
 359 S   0.59956 0.00000 0.40044 0.00000 ( 1)
 360 P   0.60778 0.00000 0.39222 0.00000 ( 1)
 361 E   0.20151 0.00000 0.79849 0.00000 ( 3)
 362 E   0.60474 0.00000 0.39526 0.00000 ( 1)
 363 T   0.00000 0.57929 0.00000 0.42071 ( 2)
 364 G   0.60853 0.00000 0.39147 0.00000 ( 1)
 365 S   0.60922 0.00000 0.39078 0.00000 ( 1)
 366 V   0.60606 0.00000 0.39394 0.00000 ( 1)
 367 A   0.61356 0.00000 0.38644 0.00000 ( 1)
 368 S   0.60857 0.00000 0.39143 0.00000 ( 1)
 369 A   0.60827 0.00000 0.39173 0.00000 ( 1)
 370 A   0.61507 0.00000 0.38493 0.00000 ( 1)
 371 T   0.61443 0.00000 0.38557 0.00000 ( 1)
 372 A   0.61424 0.00000 0.38576 0.00000 ( 1)
 373 C   0.61436 0.00000 0.38564 0.00000 ( 1)
 374 T   0.60918 0.00000 0.39082 0.00000 ( 1)
 375 E   0.60563 0.00000 0.39437 0.00000 ( 1)
 376 E   0.60570 0.00000 0.39430 0.00000 ( 1)
 377 K   0.60406 0.00000 0.39594 0.00000 ( 1)
 378 P   0.60619 0.00000 0.39381 0.00000 ( 1)
 379 S   0.05897 0.00000 0.94103 0.00000 ( 3)
 380 A   0.60553 0.00000 0.39447 0.00000 ( 1)


lnL = -69092.378063

