Supplemental results for CODEML (seqf: align.fa  treef: tree.nwk)


MLEs of dN/dS (w) for site classes (K=3)

p:   0.97078  0.01164  0.01758
w:   0.04081  1.00000  1.00000

Naive Empirical Bayes (NEB) probabilities for 3 classes & postmean_w
(amino acids refer to 1st sequence: ColCroc|LWS3)

   1 M   1.00000 0.00000 0.00000 ( 1)  0.041
   2 A   0.99979 0.00008 0.00012 ( 1)  0.041
   3 T   0.00000 0.39825 0.60175 ( 3)  1.000
   4 S   1.00000 0.00000 0.00000 ( 1)  0.041
   5 M   1.00000 0.00000 0.00000 ( 1)  0.041
   6 D   1.00000 0.00000 0.00000 ( 1)  0.041
   7 P   1.00000 0.00000 0.00000 ( 1)  0.041
   8 A   1.00000 0.00000 0.00000 ( 1)  0.041
   9 P   1.00000 0.00000 0.00000 ( 1)  0.041
  10 G   1.00000 0.00000 0.00000 ( 1)  0.041
  11 V   0.00000 0.39825 0.60175 ( 3)  1.000
  12 A   1.00000 0.00000 0.00000 ( 1)  0.041
  13 A   1.00000 0.00000 0.00000 ( 1)  0.041
  14 M   1.00000 0.00000 0.00000 ( 1)  0.041
  15 Q   1.00000 0.00000 0.00000 ( 1)  0.041
  16 T   1.00000 0.00000 0.00000 ( 1)  0.041
  17 W   1.00000 0.00000 0.00000 ( 1)  0.041
  18 G   1.00000 0.00000 0.00000 ( 1)  0.041
  19 G   1.00000 0.00000 0.00000 ( 1)  0.041
  20 H   1.00000 0.00000 0.00000 ( 1)  0.041
  21 A   1.00000 0.00000 0.00000 ( 1)  0.041
  22 E   1.00000 0.00000 0.00000 ( 1)  0.041
  23 A   1.00000 0.00000 0.00000 ( 1)  0.041
  24 Y   1.00000 0.00000 0.00000 ( 1)  0.041
  25 S   1.00000 0.00000 0.00000 ( 1)  0.041
  26 A   1.00000 0.00000 0.00000 ( 1)  0.041
  27 N   1.00000 0.00000 0.00000 ( 1)  0.041
  28 Q   1.00000 0.00000 0.00000 ( 1)  0.041
  29 T   1.00000 0.00000 0.00000 ( 1)  0.041
  30 V   1.00000 0.00000 0.00000 ( 1)  0.041
  31 V   1.00000 0.00000 0.00000 ( 1)  0.041
  32 D   1.00000 0.00000 0.00000 ( 1)  0.041
  33 K   1.00000 0.00000 0.00000 ( 1)  0.041
  34 V   1.00000 0.00000 0.00000 ( 1)  0.041
  35 L   0.10576 0.35613 0.53811 ( 3)  0.899
  36 P   1.00000 0.00000 0.00000 ( 1)  0.041
  37 E   1.00000 0.00000 0.00000 ( 1)  0.041
  38 M   1.00000 0.00000 0.00000 ( 1)  0.041
  39 L   1.00000 0.00000 0.00000 ( 1)  0.041
  40 H   1.00000 0.00000 0.00000 ( 1)  0.041
  41 L   1.00000 0.00000 0.00000 ( 1)  0.041
  42 I   1.00000 0.00000 0.00000 ( 1)  0.041
  43 D   1.00000 0.00000 0.00000 ( 1)  0.041
  44 A   1.00000 0.00000 0.00000 ( 1)  0.041
  45 H   1.00000 0.00000 0.00000 ( 1)  0.041
  46 W   1.00000 0.00000 0.00000 ( 1)  0.041
  47 Y   1.00000 0.00000 0.00000 ( 1)  0.041
  48 Q   1.00000 0.00000 0.00000 ( 1)  0.041
  49 F   1.00000 0.00000 0.00000 ( 1)  0.041
  50 P   1.00000 0.00000 0.00000 ( 1)  0.041
  51 P   1.00000 0.00000 0.00000 ( 1)  0.041
  52 M   1.00000 0.00000 0.00000 ( 1)  0.041
  53 N   1.00000 0.00000 0.00000 ( 1)  0.041
  54 P   1.00000 0.00000 0.00000 ( 1)  0.041
  55 L   1.00000 0.00000 0.00000 ( 1)  0.041
  56 W   1.00000 0.00000 0.00000 ( 1)  0.041
  57 Y   1.00000 0.00000 0.00000 ( 1)  0.041
  58 G   1.00000 0.00000 0.00000 ( 1)  0.041
  59 L   1.00000 0.00000 0.00000 ( 1)  0.041
  60 L   1.00000 0.00000 0.00000 ( 1)  0.041
  61 G   1.00000 0.00000 0.00000 ( 1)  0.041
  62 F   1.00000 0.00000 0.00000 ( 1)  0.041
  63 T   1.00000 0.00000 0.00000 ( 1)  0.041
  64 I   1.00000 0.00000 0.00000 ( 1)  0.041
  65 C   1.00000 0.00000 0.00000 ( 1)  0.041
  66 I   0.00000 0.39825 0.60175 ( 3)  1.000
  67 L   1.00000 0.00000 0.00000 ( 1)  0.041
  68 A   1.00000 0.00000 0.00000 ( 1)  0.041
  69 F   1.00000 0.00000 0.00000 ( 1)  0.041
  70 I   1.00000 0.00000 0.00000 ( 1)  0.041
  71 S   1.00000 0.00000 0.00000 ( 1)  0.041
  72 V   1.00000 0.00000 0.00000 ( 1)  0.041
  73 T   1.00000 0.00000 0.00000 ( 1)  0.041
  74 G   1.00000 0.00000 0.00000 ( 1)  0.041
  75 N   1.00000 0.00000 0.00000 ( 1)  0.041
  76 G   1.00000 0.00000 0.00000 ( 1)  0.041
  77 M   1.00000 0.00000 0.00000 ( 1)  0.041
  78 V   1.00000 0.00000 0.00000 ( 1)  0.041
  79 I   1.00000 0.00000 0.00000 ( 1)  0.041
  80 Y   1.00000 0.00000 0.00000 ( 1)  0.041
  81 I   1.00000 0.00000 0.00000 ( 1)  0.041
  82 F   1.00000 0.00000 0.00000 ( 1)  0.041
  83 S   1.00000 0.00000 0.00000 ( 1)  0.041
  84 T   0.99896 0.00041 0.00062 ( 1)  0.042
  85 T   1.00000 0.00000 0.00000 ( 1)  0.041
  86 K   1.00000 0.00000 0.00000 ( 1)  0.041
  87 S   0.00000 0.39825 0.60175 ( 3)  1.000
  88 L   1.00000 0.00000 0.00000 ( 1)  0.041
  89 K   1.00000 0.00000 0.00000 ( 1)  0.041
  90 T   1.00000 0.00000 0.00000 ( 1)  0.041
  91 P   1.00000 0.00000 0.00000 ( 1)  0.041
  92 S   1.00000 0.00000 0.00000 ( 1)  0.041
  93 N   1.00000 0.00000 0.00000 ( 1)  0.041
  94 L   1.00000 0.00000 0.00000 ( 1)  0.041
  95 L   1.00000 0.00000 0.00000 ( 1)  0.041
  96 V   1.00000 0.00000 0.00000 ( 1)  0.041
  97 V   1.00000 0.00000 0.00000 ( 1)  0.041
  98 N   1.00000 0.00000 0.00000 ( 1)  0.041
  99 L   1.00000 0.00000 0.00000 ( 1)  0.041
 100 A   1.00000 0.00000 0.00000 ( 1)  0.041
 101 F   1.00000 0.00000 0.00000 ( 1)  0.041
 102 S   1.00000 0.00000 0.00000 ( 1)  0.041
 103 D   1.00000 0.00000 0.00000 ( 1)  0.041
 104 F   1.00000 0.00000 0.00000 ( 1)  0.041
 105 L   1.00000 0.00000 0.00000 ( 1)  0.041
 106 M   1.00000 0.00000 0.00000 ( 1)  0.041
 107 M   1.00000 0.00000 0.00000 ( 1)  0.041
 108 A   0.99999 0.00000 0.00000 ( 1)  0.041
 109 M   0.00000 0.39825 0.60175 ( 3)  1.000
 110 M   1.00000 0.00000 0.00000 ( 1)  0.041
 111 A   1.00000 0.00000 0.00000 ( 1)  0.041
 112 P   1.00000 0.00000 0.00000 ( 1)  0.041
 113 P   0.88283 0.04666 0.07051 ( 1)  0.153
 114 L   1.00000 0.00000 0.00000 ( 1)  0.041
 115 C   1.00000 0.00000 0.00000 ( 1)  0.041
 116 I   1.00000 0.00000 0.00000 ( 1)  0.041
 117 N   1.00000 0.00000 0.00000 ( 1)  0.041
 118 S   1.00000 0.00000 0.00000 ( 1)  0.041
 119 Y   1.00000 0.00000 0.00000 ( 1)  0.041
 120 Y   1.00000 0.00000 0.00000 ( 1)  0.041
 121 Q   1.00000 0.00000 0.00000 ( 1)  0.041
 122 T   1.00000 0.00000 0.00000 ( 1)  0.041
 123 W   1.00000 0.00000 0.00000 ( 1)  0.041
 124 V   1.00000 0.00000 0.00000 ( 1)  0.041
 125 F   1.00000 0.00000 0.00000 ( 1)  0.041
 126 G   1.00000 0.00000 0.00000 ( 1)  0.041
 127 P   1.00000 0.00000 0.00000 ( 1)  0.041
 128 V   1.00000 0.00000 0.00000 ( 1)  0.041
 129 A   1.00000 0.00000 0.00000 ( 1)  0.041
 130 C   1.00000 0.00000 0.00000 ( 1)  0.041
 131 Q   1.00000 0.00000 0.00000 ( 1)  0.041
 132 F   1.00000 0.00000 0.00000 ( 1)  0.041
 133 Y   1.00000 0.00000 0.00000 ( 1)  0.041
 134 A   1.00000 0.00000 0.00000 ( 1)  0.041
 135 C   1.00000 0.00000 0.00000 ( 1)  0.041
 136 F   0.99940 0.00024 0.00036 ( 1)  0.041
 137 G   1.00000 0.00000 0.00000 ( 1)  0.041
 138 S   1.00000 0.00000 0.00000 ( 1)  0.041
 139 L   1.00000 0.00000 0.00000 ( 1)  0.041
 140 F   1.00000 0.00000 0.00000 ( 1)  0.041
 141 G   1.00000 0.00000 0.00000 ( 1)  0.041
 142 C   1.00000 0.00000 0.00000 ( 1)  0.041
 143 V   1.00000 0.00000 0.00000 ( 1)  0.041
 144 S   1.00000 0.00000 0.00000 ( 1)  0.041
 145 I   1.00000 0.00000 0.00000 ( 1)  0.041
 146 W   1.00000 0.00000 0.00000 ( 1)  0.041
 147 T   1.00000 0.00000 0.00000 ( 1)  0.041
 148 M   1.00000 0.00000 0.00000 ( 1)  0.041
 149 T   1.00000 0.00000 0.00000 ( 1)  0.041
 150 A   1.00000 0.00000 0.00000 ( 1)  0.041
 151 I   1.00000 0.00000 0.00000 ( 1)  0.041
 152 A   1.00000 0.00000 0.00000 ( 1)  0.041
 153 F   1.00000 0.00000 0.00000 ( 1)  0.041
 154 D   1.00000 0.00000 0.00000 ( 1)  0.041
 155 R   1.00000 0.00000 0.00000 ( 1)  0.041
 156 Y   1.00000 0.00000 0.00000 ( 1)  0.041
 157 N   1.00000 0.00000 0.00000 ( 1)  0.041
 158 V   1.00000 0.00000 0.00000 ( 1)  0.041
 159 I   1.00000 0.00000 0.00000 ( 1)  0.041
 160 V   1.00000 0.00000 0.00000 ( 1)  0.041
 161 K   1.00000 0.00000 0.00000 ( 1)  0.041
 162 G   1.00000 0.00000 0.00000 ( 1)  0.041
 163 I   1.00000 0.00000 0.00000 ( 1)  0.041
 164 A   1.00000 0.00000 0.00000 ( 1)  0.041
 165 A   1.00000 0.00000 0.00000 ( 1)  0.041
 166 K   1.00000 0.00000 0.00000 ( 1)  0.041
 167 P   1.00000 0.00000 0.00000 ( 1)  0.041
 168 L   1.00000 0.00000 0.00000 ( 1)  0.041
 169 T   1.00000 0.00000 0.00000 ( 1)  0.041
 170 V   1.00000 0.00000 0.00000 ( 1)  0.041
 171 N   1.00000 0.00000 0.00000 ( 1)  0.041
 172 G   1.00000 0.00000 0.00000 ( 1)  0.041
 173 A   1.00000 0.00000 0.00000 ( 1)  0.041
 174 L   1.00000 0.00000 0.00000 ( 1)  0.041
 175 L   1.00000 0.00000 0.00000 ( 1)  0.041
 176 Q   1.00000 0.00000 0.00000 ( 1)  0.041
 177 I   1.00000 0.00000 0.00000 ( 1)  0.041
 178 F   1.00000 0.00000 0.00000 ( 1)  0.041
 179 G   1.00000 0.00000 0.00000 ( 1)  0.041
 180 V   1.00000 0.00000 0.00000 ( 1)  0.041
 181 W   1.00000 0.00000 0.00000 ( 1)  0.041
 182 A   0.00000 0.39825 0.60175 ( 3)  1.000
 183 F   1.00000 0.00000 0.00000 ( 1)  0.041
 184 S   1.00000 0.00000 0.00000 ( 1)  0.041
 185 L   1.00000 0.00000 0.00000 ( 1)  0.041
 186 A   0.99999 0.00000 0.00000 ( 1)  0.041
 187 W   1.00000 0.00000 0.00000 ( 1)  0.041
 188 T   1.00000 0.00000 0.00000 ( 1)  0.041
 189 L   1.00000 0.00000 0.00000 ( 1)  0.041
 190 A   1.00000 0.00000 0.00000 ( 1)  0.041
 191 P   1.00000 0.00000 0.00000 ( 1)  0.041
 192 I   1.00000 0.00000 0.00000 ( 1)  0.041
 193 F   1.00000 0.00000 0.00000 ( 1)  0.041
 194 G   1.00000 0.00000 0.00000 ( 1)  0.041
 195 W   1.00000 0.00000 0.00000 ( 1)  0.041
 196 S   1.00000 0.00000 0.00000 ( 1)  0.041
 197 R   1.00000 0.00000 0.00000 ( 1)  0.041
 198 Y   1.00000 0.00000 0.00000 ( 1)  0.041
 199 V   1.00000 0.00000 0.00000 ( 1)  0.041
 200 P   1.00000 0.00000 0.00000 ( 1)  0.041
 201 E   1.00000 0.00000 0.00000 ( 1)  0.041
 202 G   1.00000 0.00000 0.00000 ( 1)  0.041
 203 N   1.00000 0.00000 0.00000 ( 1)  0.041
 204 M   1.00000 0.00000 0.00000 ( 1)  0.041
 205 T   1.00000 0.00000 0.00000 ( 1)  0.041
 206 A   1.00000 0.00000 0.00000 ( 1)  0.041
 207 C   1.00000 0.00000 0.00000 ( 1)  0.041
 208 G   1.00000 0.00000 0.00000 ( 1)  0.041
 209 T   1.00000 0.00000 0.00000 ( 1)  0.041
 210 D   1.00000 0.00000 0.00000 ( 1)  0.041
 211 Y   1.00000 0.00000 0.00000 ( 1)  0.041
 212 L   1.00000 0.00000 0.00000 ( 1)  0.041
 213 S   0.00000 0.39825 0.60175 ( 3)  1.000
 214 K   1.00000 0.00000 0.00000 ( 1)  0.041
 215 D   1.00000 0.00000 0.00000 ( 1)  0.041
 216 L   1.00000 0.00000 0.00000 ( 1)  0.041
 217 L   0.00000 0.39825 0.60175 ( 3)  1.000
 218 S   1.00000 0.00000 0.00000 ( 1)  0.041
 219 Q   1.00000 0.00000 0.00000 ( 1)  0.041
 220 I   1.00000 0.00000 0.00000 ( 1)  0.041
 221 Y   1.00000 0.00000 0.00000 ( 1)  0.041
 222 I   1.00000 0.00000 0.00000 ( 1)  0.041
 223 I   1.00000 0.00000 0.00000 ( 1)  0.041
 224 T   1.00000 0.00000 0.00000 ( 1)  0.041
 225 Y   1.00000 0.00000 0.00000 ( 1)  0.041
 226 S   1.00000 0.00000 0.00000 ( 1)  0.041
 227 I   1.00000 0.00000 0.00000 ( 1)  0.041
 228 A   1.00000 0.00000 0.00000 ( 1)  0.041
 229 C   1.00000 0.00000 0.00000 ( 1)  0.041
 230 Y   1.00000 0.00000 0.00000 ( 1)  0.041
 231 F   1.00000 0.00000 0.00000 ( 1)  0.041
 232 L   0.00000 0.39825 0.60175 ( 3)  1.000
 233 P   1.00000 0.00000 0.00000 ( 1)  0.041
 234 L   1.00000 0.00000 0.00000 ( 1)  0.041
 235 A   1.00000 0.00000 0.00000 ( 1)  0.041
 236 L   1.00000 0.00000 0.00000 ( 1)  0.041
 237 I   1.00000 0.00000 0.00000 ( 1)  0.041
 238 V   1.00000 0.00000 0.00000 ( 1)  0.041
 239 Y   1.00000 0.00000 0.00000 ( 1)  0.041
 240 S   1.00000 0.00000 0.00000 ( 1)  0.041
 241 Y   1.00000 0.00000 0.00000 ( 1)  0.041
 242 F   1.00000 0.00000 0.00000 ( 1)  0.041
 243 F   1.00000 0.00000 0.00000 ( 1)  0.041
 244 I   1.00000 0.00000 0.00000 ( 1)  0.041
 245 V   1.00000 0.00000 0.00000 ( 1)  0.041
 246 Q   1.00000 0.00000 0.00000 ( 1)  0.041
 247 A   1.00000 0.00000 0.00000 ( 1)  0.041
 248 V   1.00000 0.00000 0.00000 ( 1)  0.041
 249 A   1.00000 0.00000 0.00000 ( 1)  0.041
 250 A   1.00000 0.00000 0.00000 ( 1)  0.041
 251 H   1.00000 0.00000 0.00000 ( 1)  0.041
 252 E   1.00000 0.00000 0.00000 ( 1)  0.041
 253 K   1.00000 0.00000 0.00000 ( 1)  0.041
 254 A   1.00000 0.00000 0.00000 ( 1)  0.041
 255 M   1.00000 0.00000 0.00000 ( 1)  0.041
 256 R   1.00000 0.00000 0.00000 ( 1)  0.041
 257 E   1.00000 0.00000 0.00000 ( 1)  0.041
 258 Q   1.00000 0.00000 0.00000 ( 1)  0.041
 259 A   1.00000 0.00000 0.00000 ( 1)  0.041
 260 K   1.00000 0.00000 0.00000 ( 1)  0.041
 261 K   1.00000 0.00000 0.00000 ( 1)  0.041
 262 M   1.00000 0.00000 0.00000 ( 1)  0.041
 263 N   1.00000 0.00000 0.00000 ( 1)  0.041
 264 V   1.00000 0.00000 0.00000 ( 1)  0.041
 265 A   1.00000 0.00000 0.00000 ( 1)  0.041
 266 S   1.00000 0.00000 0.00000 ( 1)  0.041
 267 L   1.00000 0.00000 0.00000 ( 1)  0.041
 268 R   1.00000 0.00000 0.00000 ( 1)  0.041
 269 S   1.00000 0.00000 0.00000 ( 1)  0.041
 270 S   1.00000 0.00000 0.00000 ( 1)  0.041
 271 E   1.00000 0.00000 0.00000 ( 1)  0.041
 272 Q   1.00000 0.00000 0.00000 ( 1)  0.041
 273 A   1.00000 0.00000 0.00000 ( 1)  0.041
 274 N   1.00000 0.00000 0.00000 ( 1)  0.041
 275 T   1.00000 0.00000 0.00000 ( 1)  0.041
 276 S   1.00000 0.00000 0.00000 ( 1)  0.041
 277 A   1.00000 0.00000 0.00000 ( 1)  0.041
 278 E   1.00000 0.00000 0.00000 ( 1)  0.041
 279 C   1.00000 0.00000 0.00000 ( 1)  0.041
 280 K   1.00000 0.00000 0.00000 ( 1)  0.041
 281 L   1.00000 0.00000 0.00000 ( 1)  0.041
 282 A   1.00000 0.00000 0.00000 ( 1)  0.041
 283 K   1.00000 0.00000 0.00000 ( 1)  0.041
 284 V   1.00000 0.00000 0.00000 ( 1)  0.041
 285 A   1.00000 0.00000 0.00000 ( 1)  0.041
 286 L   1.00000 0.00000 0.00000 ( 1)  0.041
 287 M   1.00000 0.00000 0.00000 ( 1)  0.041
 288 T   1.00000 0.00000 0.00000 ( 1)  0.041
 289 I   1.00000 0.00000 0.00000 ( 1)  0.041
 290 S   1.00000 0.00000 0.00000 ( 1)  0.041
 291 L   1.00000 0.00000 0.00000 ( 1)  0.041
 292 W   1.00000 0.00000 0.00000 ( 1)  0.041
 293 F   1.00000 0.00000 0.00000 ( 1)  0.041
 294 M   1.00000 0.00000 0.00000 ( 1)  0.041
 295 A   1.00000 0.00000 0.00000 ( 1)  0.041
 296 W   1.00000 0.00000 0.00000 ( 1)  0.041
 297 T   1.00000 0.00000 0.00000 ( 1)  0.041
 298 P   1.00000 0.00000 0.00000 ( 1)  0.041
 299 Y   1.00000 0.00000 0.00000 ( 1)  0.041
 300 L   1.00000 0.00000 0.00000 ( 1)  0.041
 301 V   1.00000 0.00000 0.00000 ( 1)  0.041
 302 I   1.00000 0.00000 0.00000 ( 1)  0.041
 303 N   1.00000 0.00000 0.00000 ( 1)  0.041
 304 F   1.00000 0.00000 0.00000 ( 1)  0.041
 305 A   1.00000 0.00000 0.00000 ( 1)  0.041
 306 G   1.00000 0.00000 0.00000 ( 1)  0.041
 307 V   1.00000 0.00000 0.00000 ( 1)  0.041
 308 F   1.00000 0.00000 0.00000 ( 1)  0.041
 309 E   1.00000 0.00000 0.00000 ( 1)  0.041
 310 T   1.00000 0.00000 0.00000 ( 1)  0.041
 311 A   1.00000 0.00000 0.00000 ( 1)  0.041
 312 P   1.00000 0.00000 0.00000 ( 1)  0.041
 313 I   1.00000 0.00000 0.00000 ( 1)  0.041
 314 S   1.00000 0.00000 0.00000 ( 1)  0.041
 315 P   1.00000 0.00000 0.00000 ( 1)  0.041
 316 L   1.00000 0.00000 0.00000 ( 1)  0.041
 317 S   1.00000 0.00000 0.00000 ( 1)  0.041
 318 T   1.00000 0.00000 0.00000 ( 1)  0.041
 319 I   1.00000 0.00000 0.00000 ( 1)  0.041
 320 W   1.00000 0.00000 0.00000 ( 1)  0.041
 321 G   1.00000 0.00000 0.00000 ( 1)  0.041
 322 S   1.00000 0.00000 0.00000 ( 1)  0.041
 323 V   1.00000 0.00000 0.00000 ( 1)  0.041
 324 F   1.00000 0.00000 0.00000 ( 1)  0.041
 325 A   1.00000 0.00000 0.00000 ( 1)  0.041
 326 K   1.00000 0.00000 0.00000 ( 1)  0.041
 327 A   1.00000 0.00000 0.00000 ( 1)  0.041
 328 N   1.00000 0.00000 0.00000 ( 1)  0.041
 329 A   1.00000 0.00000 0.00000 ( 1)  0.041
 330 V   1.00000 0.00000 0.00000 ( 1)  0.041
 331 Y   1.00000 0.00000 0.00000 ( 1)  0.041
 332 N   1.00000 0.00000 0.00000 ( 1)  0.041
 333 P   1.00000 0.00000 0.00000 ( 1)  0.041
 334 I   1.00000 0.00000 0.00000 ( 1)  0.041
 335 V   1.00000 0.00000 0.00000 ( 1)  0.041
 336 Y   1.00000 0.00000 0.00000 ( 1)  0.041
 337 G   1.00000 0.00000 0.00000 ( 1)  0.041
 338 I   1.00000 0.00000 0.00000 ( 1)  0.041
 339 S   1.00000 0.00000 0.00000 ( 1)  0.041
 340 H   1.00000 0.00000 0.00000 ( 1)  0.041
 341 P   1.00000 0.00000 0.00000 ( 1)  0.041
 342 K   1.00000 0.00000 0.00000 ( 1)  0.041
 343 Y   1.00000 0.00000 0.00000 ( 1)  0.041
 344 R   1.00000 0.00000 0.00000 ( 1)  0.041
 345 A   1.00000 0.00000 0.00000 ( 1)  0.041
 346 A   1.00000 0.00000 0.00000 ( 1)  0.041
 347 L   1.00000 0.00000 0.00000 ( 1)  0.041
 348 Y   1.00000 0.00000 0.00000 ( 1)  0.041
 349 Q   1.00000 0.00000 0.00000 ( 1)  0.041
 350 R   1.00000 0.00000 0.00000 ( 1)  0.041
 351 F   1.00000 0.00000 0.00000 ( 1)  0.041
 352 P   1.00000 0.00000 0.00000 ( 1)  0.041
 353 S   1.00000 0.00000 0.00000 ( 1)  0.041
 354 L   1.00000 0.00000 0.00000 ( 1)  0.041
 355 A   1.00000 0.00000 0.00000 ( 1)  0.041
 356 C   1.00000 0.00000 0.00000 ( 1)  0.041
 357 Q   1.00000 0.00000 0.00000 ( 1)  0.041
 358 P   0.91040 0.03568 0.05392 ( 1)  0.127
 359 S   1.00000 0.00000 0.00000 ( 1)  0.041
 360 P   1.00000 0.00000 0.00000 ( 1)  0.041
 361 E   1.00000 0.00000 0.00000 ( 1)  0.041
 362 E   1.00000 0.00000 0.00000 ( 1)  0.041
 363 T   0.00000 0.39825 0.60175 ( 3)  1.000
 364 G   1.00000 0.00000 0.00000 ( 1)  0.041
 365 S   1.00000 0.00000 0.00000 ( 1)  0.041
 366 V   1.00000 0.00000 0.00000 ( 1)  0.041
 367 A   1.00000 0.00000 0.00000 ( 1)  0.041
 368 S   1.00000 0.00000 0.00000 ( 1)  0.041
 369 A   1.00000 0.00000 0.00000 ( 1)  0.041
 370 A   1.00000 0.00000 0.00000 ( 1)  0.041
 371 T   1.00000 0.00000 0.00000 ( 1)  0.041
 372 A   1.00000 0.00000 0.00000 ( 1)  0.041
 373 C   1.00000 0.00000 0.00000 ( 1)  0.041
 374 T   1.00000 0.00000 0.00000 ( 1)  0.041
 375 E   1.00000 0.00000 0.00000 ( 1)  0.041
 376 E   1.00000 0.00000 0.00000 ( 1)  0.041
 377 K   1.00000 0.00000 0.00000 ( 1)  0.041
 378 P   1.00000 0.00000 0.00000 ( 1)  0.041
 379 S   1.00000 0.00000 0.00000 ( 1)  0.041
 380 A   1.00000 0.00000 0.00000 ( 1)  0.041

Positively selected sites

	Prob(w>1)  mean w



lnL = -69105.403130

Bayes Empirical Bayes (BEB) probabilities for 3 classes (class) & postmean_w
(amino acids refer to 1st sequence: ColCroc|LWS3)

   1 M   1.00000 0.00000 0.00000 ( 1)  0.050 +-  0.000
   2 A   1.00000 0.00000 0.00000 ( 1)  0.050 +-  0.001
   3 T   0.00000 1.00000 0.00000 ( 2)  1.000 +-  0.000
   4 S   1.00000 0.00000 0.00000 ( 1)  0.050 +-  0.000
   5 M   1.00000 0.00000 0.00000 ( 1)  0.050 +-  0.000
   6 D   1.00000 0.00000 0.00000 ( 1)  0.050 +-  0.000
   7 P   1.00000 0.00000 0.00000 ( 1)  0.050 +-  0.000
   8 A   1.00000 0.00000 0.00000 ( 1)  0.050 +-  0.000
   9 P   1.00000 0.00000 0.00000 ( 1)  0.050 +-  0.000
  10 G   1.00000 0.00000 0.00000 ( 1)  0.050 +-  0.000
  11 V   0.00000 1.00000 0.00000 ( 2)  1.000 +-  0.000
  12 A   1.00000 0.00000 0.00000 ( 1)  0.050 +-  0.000
  13 A   1.00000 0.00000 0.00000 ( 1)  0.050 +-  0.000
  14 M   1.00000 0.00000 0.00000 ( 1)  0.050 +-  0.000
  15 Q   1.00000 0.00000 0.00000 ( 1)  0.050 +-  0.000
  16 T   1.00000 0.00000 0.00000 ( 1)  0.050 +-  0.000
  17 W   1.00000 0.00000 0.00000 ( 1)  0.050 +-  0.000
  18 G   1.00000 0.00000 0.00000 ( 1)  0.050 +-  0.000
  19 G   1.00000 0.00000 0.00000 ( 1)  0.050 +-  0.000
  20 H   1.00000 0.00000 0.00000 ( 1)  0.050 +-  0.000
  21 A   1.00000 0.00000 0.00000 ( 1)  0.050 +-  0.000
  22 E   1.00000 0.00000 0.00000 ( 1)  0.050 +-  0.000
  23 A   1.00000 0.00000 0.00000 ( 1)  0.050 +-  0.000
  24 Y   1.00000 0.00000 0.00000 ( 1)  0.050 +-  0.000
  25 S   1.00000 0.00000 0.00000 ( 1)  0.050 +-  0.000
  26 A   1.00000 0.00000 0.00000 ( 1)  0.050 +-  0.000
  27 N   1.00000 0.00000 0.00000 ( 1)  0.050 +-  0.000
  28 Q   1.00000 0.00000 0.00000 ( 1)  0.050 +-  0.000
  29 T   1.00000 0.00000 0.00000 ( 1)  0.050 +-  0.000
  30 V   1.00000 0.00000 0.00000 ( 1)  0.050 +-  0.000
  31 V   1.00000 0.00000 0.00000 ( 1)  0.050 +-  0.000
  32 D   1.00000 0.00000 0.00000 ( 1)  0.050 +-  0.000
  33 K   1.00000 0.00000 0.00000 ( 1)  0.050 +-  0.000
  34 V   1.00000 0.00000 0.00000 ( 1)  0.050 +-  0.000
  35 L   0.94588 0.05412 0.00000 ( 1)  0.101 +-  0.215
  36 P   1.00000 0.00000 0.00000 ( 1)  0.050 +-  0.000
  37 E   1.00000 0.00000 0.00000 ( 1)  0.050 +-  0.000
  38 M   1.00000 0.00000 0.00000 ( 1)  0.050 +-  0.000
  39 L   1.00000 0.00000 0.00000 ( 1)  0.050 +-  0.000
  40 H   1.00000 0.00000 0.00000 ( 1)  0.050 +-  0.000
  41 L   1.00000 0.00000 0.00000 ( 1)  0.050 +-  0.000
  42 I   1.00000 0.00000 0.00000 ( 1)  0.050 +-  0.000
  43 D   1.00000 0.00000 0.00000 ( 1)  0.050 +-  0.000
  44 A   1.00000 0.00000 0.00000 ( 1)  0.050 +-  0.000
  45 H   1.00000 0.00000 0.00000 ( 1)  0.050 +-  0.000
  46 W   1.00000 0.00000 0.00000 ( 1)  0.050 +-  0.000
  47 Y   1.00000 0.00000 0.00000 ( 1)  0.050 +-  0.000
  48 Q   1.00000 0.00000 0.00000 ( 1)  0.050 +-  0.000
  49 F   1.00000 0.00000 0.00000 ( 1)  0.050 +-  0.000
  50 P   1.00000 0.00000 0.00000 ( 1)  0.050 +-  0.000
  51 P   1.00000 0.00000 0.00000 ( 1)  0.050 +-  0.000
  52 M   1.00000 0.00000 0.00000 ( 1)  0.050 +-  0.000
  53 N   1.00000 0.00000 0.00000 ( 1)  0.050 +-  0.000
  54 P   1.00000 0.00000 0.00000 ( 1)  0.050 +-  0.000
  55 L   1.00000 0.00000 0.00000 ( 1)  0.050 +-  0.000
  56 W   1.00000 0.00000 0.00000 ( 1)  0.050 +-  0.000
  57 Y   1.00000 0.00000 0.00000 ( 1)  0.050 +-  0.000
  58 G   1.00000 0.00000 0.00000 ( 1)  0.050 +-  0.000
  59 L   1.00000 0.00000 0.00000 ( 1)  0.050 +-  0.000
  60 L   1.00000 0.00000 0.00000 ( 1)  0.050 +-  0.000
  61 G   1.00000 0.00000 0.00000 ( 1)  0.050 +-  0.000
  62 F   1.00000 0.00000 0.00000 ( 1)  0.050 +-  0.000
  63 T   1.00000 0.00000 0.00000 ( 1)  0.050 +-  0.000
  64 I   1.00000 0.00000 0.00000 ( 1)  0.050 +-  0.000
  65 C   1.00000 0.00000 0.00000 ( 1)  0.050 +-  0.000
  66 I   0.00000 1.00000 0.00000 ( 2)  1.000 +-  0.000
  67 L   1.00000 0.00000 0.00000 ( 1)  0.050 +-  0.000
  68 A   1.00000 0.00000 0.00000 ( 1)  0.050 +-  0.000
  69 F   1.00000 0.00000 0.00000 ( 1)  0.050 +-  0.000
  70 I   1.00000 0.00000 0.00000 ( 1)  0.050 +-  0.000
  71 S   1.00000 0.00000 0.00000 ( 1)  0.050 +-  0.000
  72 V   1.00000 0.00000 0.00000 ( 1)  0.050 +-  0.000
  73 T   1.00000 0.00000 0.00000 ( 1)  0.050 +-  0.000
  74 G   1.00000 0.00000 0.00000 ( 1)  0.050 +-  0.000
  75 N   1.00000 0.00000 0.00000 ( 1)  0.050 +-  0.000
  76 G   1.00000 0.00000 0.00000 ( 1)  0.050 +-  0.000
  77 M   1.00000 0.00000 0.00000 ( 1)  0.050 +-  0.000
  78 V   1.00000 0.00000 0.00000 ( 1)  0.050 +-  0.000
  79 I   1.00000 0.00000 0.00000 ( 1)  0.050 +-  0.000
  80 Y   1.00000 0.00000 0.00000 ( 1)  0.050 +-  0.000
  81 I   1.00000 0.00000 0.00000 ( 1)  0.050 +-  0.000
  82 F   1.00000 0.00000 0.00000 ( 1)  0.050 +-  0.000
  83 S   1.00000 0.00000 0.00000 ( 1)  0.050 +-  0.000
  84 T   0.99999 0.00001 0.00000 ( 1)  0.050 +-  0.003
  85 T   1.00000 0.00000 0.00000 ( 1)  0.050 +-  0.000
  86 K   1.00000 0.00000 0.00000 ( 1)  0.050 +-  0.000
  87 S   0.00000 1.00000 0.00000 ( 2)  1.000 +-  0.000
  88 L   1.00000 0.00000 0.00000 ( 1)  0.050 +-  0.000
  89 K   1.00000 0.00000 0.00000 ( 1)  0.050 +-  0.000
  90 T   1.00000 0.00000 0.00000 ( 1)  0.050 +-  0.000
  91 P   1.00000 0.00000 0.00000 ( 1)  0.050 +-  0.000
  92 S   1.00000 0.00000 0.00000 ( 1)  0.050 +-  0.000
  93 N   1.00000 0.00000 0.00000 ( 1)  0.050 +-  0.000
  94 L   1.00000 0.00000 0.00000 ( 1)  0.050 +-  0.000
  95 L   1.00000 0.00000 0.00000 ( 1)  0.050 +-  0.000
  96 V   1.00000 0.00000 0.00000 ( 1)  0.050 +-  0.000
  97 V   1.00000 0.00000 0.00000 ( 1)  0.050 +-  0.000
  98 N   1.00000 0.00000 0.00000 ( 1)  0.050 +-  0.000
  99 L   1.00000 0.00000 0.00000 ( 1)  0.050 +-  0.000
 100 A   1.00000 0.00000 0.00000 ( 1)  0.050 +-  0.000
 101 F   1.00000 0.00000 0.00000 ( 1)  0.050 +-  0.000
 102 S   1.00000 0.00000 0.00000 ( 1)  0.050 +-  0.000
 103 D   1.00000 0.00000 0.00000 ( 1)  0.050 +-  0.000
 104 F   1.00000 0.00000 0.00000 ( 1)  0.050 +-  0.000
 105 L   1.00000 0.00000 0.00000 ( 1)  0.050 +-  0.000
 106 M   1.00000 0.00000 0.00000 ( 1)  0.050 +-  0.000
 107 M   1.00000 0.00000 0.00000 ( 1)  0.050 +-  0.000
 108 A   1.00000 0.00000 0.00000 ( 1)  0.050 +-  0.000
 109 M   0.00000 1.00000 0.00000 ( 2)  1.000 +-  0.000
 110 M   1.00000 0.00000 0.00000 ( 1)  0.050 +-  0.000
 111 A   1.00000 0.00000 0.00000 ( 1)  0.050 +-  0.000
 112 P   1.00000 0.00000 0.00000 ( 1)  0.050 +-  0.000
 113 P   0.99943 0.00057 0.00000 ( 1)  0.051 +-  0.023
 114 L   1.00000 0.00000 0.00000 ( 1)  0.050 +-  0.000
 115 C   1.00000 0.00000 0.00000 ( 1)  0.050 +-  0.000
 116 I   1.00000 0.00000 0.00000 ( 1)  0.050 +-  0.000
 117 N   1.00000 0.00000 0.00000 ( 1)  0.050 +-  0.000
 118 S   1.00000 0.00000 0.00000 ( 1)  0.050 +-  0.000
 119 Y   1.00000 0.00000 0.00000 ( 1)  0.050 +-  0.000
 120 Y   1.00000 0.00000 0.00000 ( 1)  0.050 +-  0.000
 121 Q   1.00000 0.00000 0.00000 ( 1)  0.050 +-  0.000
 122 T   1.00000 0.00000 0.00000 ( 1)  0.050 +-  0.000
 123 W   1.00000 0.00000 0.00000 ( 1)  0.050 +-  0.000
 124 V   1.00000 0.00000 0.00000 ( 1)  0.050 +-  0.000
 125 F   1.00000 0.00000 0.00000 ( 1)  0.050 +-  0.000
 126 G   1.00000 0.00000 0.00000 ( 1)  0.050 +-  0.000
 127 P   1.00000 0.00000 0.00000 ( 1)  0.050 +-  0.000
 128 V   1.00000 0.00000 0.00000 ( 1)  0.050 +-  0.000
 129 A   1.00000 0.00000 0.00000 ( 1)  0.050 +-  0.000
 130 C   1.00000 0.00000 0.00000 ( 1)  0.050 +-  0.000
 131 Q   1.00000 0.00000 0.00000 ( 1)  0.050 +-  0.000
 132 F   1.00000 0.00000 0.00000 ( 1)  0.050 +-  0.000
 133 Y   1.00000 0.00000 0.00000 ( 1)  0.050 +-  0.000
 134 A   1.00000 0.00000 0.00000 ( 1)  0.050 +-  0.000
 135 C   1.00000 0.00000 0.00000 ( 1)  0.050 +-  0.000
 136 F   1.00000 0.00000 0.00000 ( 1)  0.050 +-  0.001
 137 G   1.00000 0.00000 0.00000 ( 1)  0.050 +-  0.000
 138 S   1.00000 0.00000 0.00000 ( 1)  0.050 +-  0.000
 139 L   1.00000 0.00000 0.00000 ( 1)  0.050 +-  0.000
 140 F   1.00000 0.00000 0.00000 ( 1)  0.050 +-  0.000
 141 G   1.00000 0.00000 0.00000 ( 1)  0.050 +-  0.000
 142 C   1.00000 0.00000 0.00000 ( 1)  0.050 +-  0.000
 143 V   1.00000 0.00000 0.00000 ( 1)  0.050 +-  0.000
 144 S   1.00000 0.00000 0.00000 ( 1)  0.050 +-  0.000
 145 I   1.00000 0.00000 0.00000 ( 1)  0.050 +-  0.000
 146 W   1.00000 0.00000 0.00000 ( 1)  0.050 +-  0.000
 147 T   1.00000 0.00000 0.00000 ( 1)  0.050 +-  0.000
 148 M   1.00000 0.00000 0.00000 ( 1)  0.050 +-  0.000
 149 T   1.00000 0.00000 0.00000 ( 1)  0.050 +-  0.000
 150 A   1.00000 0.00000 0.00000 ( 1)  0.050 +-  0.000
 151 I   1.00000 0.00000 0.00000 ( 1)  0.050 +-  0.000
 152 A   1.00000 0.00000 0.00000 ( 1)  0.050 +-  0.000
 153 F   1.00000 0.00000 0.00000 ( 1)  0.050 +-  0.000
 154 D   1.00000 0.00000 0.00000 ( 1)  0.050 +-  0.000
 155 R   1.00000 0.00000 0.00000 ( 1)  0.050 +-  0.000
 156 Y   1.00000 0.00000 0.00000 ( 1)  0.050 +-  0.000
 157 N   1.00000 0.00000 0.00000 ( 1)  0.050 +-  0.000
 158 V   1.00000 0.00000 0.00000 ( 1)  0.050 +-  0.000
 159 I   1.00000 0.00000 0.00000 ( 1)  0.050 +-  0.000
 160 V   1.00000 0.00000 0.00000 ( 1)  0.050 +-  0.000
 161 K   1.00000 0.00000 0.00000 ( 1)  0.050 +-  0.000
 162 G   1.00000 0.00000 0.00000 ( 1)  0.050 +-  0.000
 163 I   1.00000 0.00000 0.00000 ( 1)  0.050 +-  0.000
 164 A   1.00000 0.00000 0.00000 ( 1)  0.050 +-  0.000
 165 A   1.00000 0.00000 0.00000 ( 1)  0.050 +-  0.000
 166 K   1.00000 0.00000 0.00000 ( 1)  0.050 +-  0.000
 167 P   1.00000 0.00000 0.00000 ( 1)  0.050 +-  0.000
 168 L   1.00000 0.00000 0.00000 ( 1)  0.050 +-  0.000
 169 T   1.00000 0.00000 0.00000 ( 1)  0.050 +-  0.000
 170 V   1.00000 0.00000 0.00000 ( 1)  0.050 +-  0.000
 171 N   1.00000 0.00000 0.00000 ( 1)  0.050 +-  0.000
 172 G   1.00000 0.00000 0.00000 ( 1)  0.050 +-  0.000
 173 A   1.00000 0.00000 0.00000 ( 1)  0.050 +-  0.000
 174 L   1.00000 0.00000 0.00000 ( 1)  0.050 +-  0.000
 175 L   1.00000 0.00000 0.00000 ( 1)  0.050 +-  0.000
 176 Q   1.00000 0.00000 0.00000 ( 1)  0.050 +-  0.000
 177 I   1.00000 0.00000 0.00000 ( 1)  0.050 +-  0.000
 178 F   1.00000 0.00000 0.00000 ( 1)  0.050 +-  0.000
 179 G   1.00000 0.00000 0.00000 ( 1)  0.050 +-  0.000
 180 V   1.00000 0.00000 0.00000 ( 1)  0.050 +-  0.000
 181 W   1.00000 0.00000 0.00000 ( 1)  0.050 +-  0.000
 182 A   0.00000 0.99825 0.00175 ( 2)  1.001 +-  0.021
 183 F   1.00000 0.00000 0.00000 ( 1)  0.050 +-  0.000
 184 S   1.00000 0.00000 0.00000 ( 1)  0.050 +-  0.000
 185 L   1.00000 0.00000 0.00000 ( 1)  0.050 +-  0.000
 186 A   1.00000 0.00000 0.00000 ( 1)  0.050 +-  0.000
 187 W   1.00000 0.00000 0.00000 ( 1)  0.050 +-  0.000
 188 T   1.00000 0.00000 0.00000 ( 1)  0.050 +-  0.000
 189 L   1.00000 0.00000 0.00000 ( 1)  0.050 +-  0.000
 190 A   1.00000 0.00000 0.00000 ( 1)  0.050 +-  0.000
 191 P   1.00000 0.00000 0.00000 ( 1)  0.050 +-  0.000
 192 I   1.00000 0.00000 0.00000 ( 1)  0.050 +-  0.000
 193 F   1.00000 0.00000 0.00000 ( 1)  0.050 +-  0.000
 194 G   1.00000 0.00000 0.00000 ( 1)  0.050 +-  0.000
 195 W   1.00000 0.00000 0.00000 ( 1)  0.050 +-  0.000
 196 S   1.00000 0.00000 0.00000 ( 1)  0.050 +-  0.000
 197 R   1.00000 0.00000 0.00000 ( 1)  0.050 +-  0.000
 198 Y   1.00000 0.00000 0.00000 ( 1)  0.050 +-  0.000
 199 V   1.00000 0.00000 0.00000 ( 1)  0.050 +-  0.000
 200 P   1.00000 0.00000 0.00000 ( 1)  0.050 +-  0.000
 201 E   1.00000 0.00000 0.00000 ( 1)  0.050 +-  0.000
 202 G   1.00000 0.00000 0.00000 ( 1)  0.050 +-  0.000
 203 N   1.00000 0.00000 0.00000 ( 1)  0.050 +-  0.000
 204 M   1.00000 0.00000 0.00000 ( 1)  0.050 +-  0.000
 205 T   1.00000 0.00000 0.00000 ( 1)  0.050 +-  0.000
 206 A   1.00000 0.00000 0.00000 ( 1)  0.050 +-  0.000
 207 C   1.00000 0.00000 0.00000 ( 1)  0.050 +-  0.000
 208 G   1.00000 0.00000 0.00000 ( 1)  0.050 +-  0.000
 209 T   1.00000 0.00000 0.00000 ( 1)  0.050 +-  0.000
 210 D   1.00000 0.00000 0.00000 ( 1)  0.050 +-  0.000
 211 Y   1.00000 0.00000 0.00000 ( 1)  0.050 +-  0.000
 212 L   1.00000 0.00000 0.00000 ( 1)  0.050 +-  0.000
 213 S   0.00000 1.00000 0.00000 ( 2)  1.000 +-  0.000
 214 K   1.00000 0.00000 0.00000 ( 1)  0.050 +-  0.000
 215 D   1.00000 0.00000 0.00000 ( 1)  0.050 +-  0.000
 216 L   1.00000 0.00000 0.00000 ( 1)  0.050 +-  0.000
 217 L   0.00000 1.00000 0.00000 ( 2)  1.000 +-  0.001
 218 S   1.00000 0.00000 0.00000 ( 1)  0.050 +-  0.000
 219 Q   1.00000 0.00000 0.00000 ( 1)  0.050 +-  0.000
 220 I   1.00000 0.00000 0.00000 ( 1)  0.050 +-  0.000
 221 Y   1.00000 0.00000 0.00000 ( 1)  0.050 +-  0.000
 222 I   1.00000 0.00000 0.00000 ( 1)  0.050 +-  0.000
 223 I   1.00000 0.00000 0.00000 ( 1)  0.050 +-  0.000
 224 T   1.00000 0.00000 0.00000 ( 1)  0.050 +-  0.000
 225 Y   1.00000 0.00000 0.00000 ( 1)  0.050 +-  0.000
 226 S   1.00000 0.00000 0.00000 ( 1)  0.050 +-  0.000
 227 I   1.00000 0.00000 0.00000 ( 1)  0.050 +-  0.000
 228 A   1.00000 0.00000 0.00000 ( 1)  0.050 +-  0.000
 229 C   1.00000 0.00000 0.00000 ( 1)  0.050 +-  0.000
 230 Y   1.00000 0.00000 0.00000 ( 1)  0.050 +-  0.000
 231 F   1.00000 0.00000 0.00000 ( 1)  0.050 +-  0.000
 232 L   0.00000 1.00000 0.00000 ( 2)  1.000 +-  0.000
 233 P   1.00000 0.00000 0.00000 ( 1)  0.050 +-  0.000
 234 L   1.00000 0.00000 0.00000 ( 1)  0.050 +-  0.000
 235 A   1.00000 0.00000 0.00000 ( 1)  0.050 +-  0.000
 236 L   1.00000 0.00000 0.00000 ( 1)  0.050 +-  0.000
 237 I   1.00000 0.00000 0.00000 ( 1)  0.050 +-  0.000
 238 V   1.00000 0.00000 0.00000 ( 1)  0.050 +-  0.000
 239 Y   1.00000 0.00000 0.00000 ( 1)  0.050 +-  0.000
 240 S   1.00000 0.00000 0.00000 ( 1)  0.050 +-  0.000
 241 Y   1.00000 0.00000 0.00000 ( 1)  0.050 +-  0.000
 242 F   1.00000 0.00000 0.00000 ( 1)  0.050 +-  0.000
 243 F   1.00000 0.00000 0.00000 ( 1)  0.050 +-  0.000
 244 I   1.00000 0.00000 0.00000 ( 1)  0.050 +-  0.000
 245 V   1.00000 0.00000 0.00000 ( 1)  0.050 +-  0.000
 246 Q   1.00000 0.00000 0.00000 ( 1)  0.050 +-  0.000
 247 A   1.00000 0.00000 0.00000 ( 1)  0.050 +-  0.000
 248 V   1.00000 0.00000 0.00000 ( 1)  0.050 +-  0.000
 249 A   1.00000 0.00000 0.00000 ( 1)  0.050 +-  0.000
 250 A   1.00000 0.00000 0.00000 ( 1)  0.050 +-  0.000
 251 H   1.00000 0.00000 0.00000 ( 1)  0.050 +-  0.000
 252 E   1.00000 0.00000 0.00000 ( 1)  0.050 +-  0.000
 253 K   1.00000 0.00000 0.00000 ( 1)  0.050 +-  0.000
 254 A   1.00000 0.00000 0.00000 ( 1)  0.050 +-  0.000
 255 M   1.00000 0.00000 0.00000 ( 1)  0.050 +-  0.000
 256 R   1.00000 0.00000 0.00000 ( 1)  0.050 +-  0.000
 257 E   1.00000 0.00000 0.00000 ( 1)  0.050 +-  0.000
 258 Q   1.00000 0.00000 0.00000 ( 1)  0.050 +-  0.000
 259 A   1.00000 0.00000 0.00000 ( 1)  0.050 +-  0.000
 260 K   1.00000 0.00000 0.00000 ( 1)  0.050 +-  0.000
 261 K   1.00000 0.00000 0.00000 ( 1)  0.050 +-  0.000
 262 M   1.00000 0.00000 0.00000 ( 1)  0.050 +-  0.000
 263 N   1.00000 0.00000 0.00000 ( 1)  0.050 +-  0.000
 264 V   1.00000 0.00000 0.00000 ( 1)  0.050 +-  0.000
 265 A   1.00000 0.00000 0.00000 ( 1)  0.050 +-  0.000
 266 S   1.00000 0.00000 0.00000 ( 1)  0.050 +-  0.000
 267 L   1.00000 0.00000 0.00000 ( 1)  0.050 +-  0.000
 268 R   1.00000 0.00000 0.00000 ( 1)  0.050 +-  0.000
 269 S   1.00000 0.00000 0.00000 ( 1)  0.050 +-  0.000
 270 S   1.00000 0.00000 0.00000 ( 1)  0.050 +-  0.000
 271 E   1.00000 0.00000 0.00000 ( 1)  0.050 +-  0.000
 272 Q   1.00000 0.00000 0.00000 ( 1)  0.050 +-  0.000
 273 A   1.00000 0.00000 0.00000 ( 1)  0.050 +-  0.000
 274 N   1.00000 0.00000 0.00000 ( 1)  0.050 +-  0.000
 275 T   1.00000 0.00000 0.00000 ( 1)  0.050 +-  0.000
 276 S   1.00000 0.00000 0.00000 ( 1)  0.050 +-  0.000
 277 A   1.00000 0.00000 0.00000 ( 1)  0.050 +-  0.000
 278 E   1.00000 0.00000 0.00000 ( 1)  0.050 +-  0.000
 279 C   1.00000 0.00000 0.00000 ( 1)  0.050 +-  0.000
 280 K   1.00000 0.00000 0.00000 ( 1)  0.050 +-  0.000
 281 L   1.00000 0.00000 0.00000 ( 1)  0.050 +-  0.000
 282 A   1.00000 0.00000 0.00000 ( 1)  0.050 +-  0.000
 283 K   1.00000 0.00000 0.00000 ( 1)  0.050 +-  0.000
 284 V   1.00000 0.00000 0.00000 ( 1)  0.050 +-  0.000
 285 A   1.00000 0.00000 0.00000 ( 1)  0.050 +-  0.000
 286 L   1.00000 0.00000 0.00000 ( 1)  0.050 +-  0.000
 287 M   1.00000 0.00000 0.00000 ( 1)  0.050 +-  0.000
 288 T   1.00000 0.00000 0.00000 ( 1)  0.050 +-  0.000
 289 I   1.00000 0.00000 0.00000 ( 1)  0.050 +-  0.000
 290 S   1.00000 0.00000 0.00000 ( 1)  0.050 +-  0.000
 291 L   1.00000 0.00000 0.00000 ( 1)  0.050 +-  0.000
 292 W   1.00000 0.00000 0.00000 ( 1)  0.050 +-  0.000
 293 F   1.00000 0.00000 0.00000 ( 1)  0.050 +-  0.000
 294 M   1.00000 0.00000 0.00000 ( 1)  0.050 +-  0.000
 295 A   1.00000 0.00000 0.00000 ( 1)  0.050 +-  0.000
 296 W   1.00000 0.00000 0.00000 ( 1)  0.050 +-  0.000
 297 T   1.00000 0.00000 0.00000 ( 1)  0.050 +-  0.000
 298 P   1.00000 0.00000 0.00000 ( 1)  0.050 +-  0.000
 299 Y   1.00000 0.00000 0.00000 ( 1)  0.050 +-  0.000
 300 L   1.00000 0.00000 0.00000 ( 1)  0.050 +-  0.000
 301 V   1.00000 0.00000 0.00000 ( 1)  0.050 +-  0.000
 302 I   1.00000 0.00000 0.00000 ( 1)  0.050 +-  0.000
 303 N   1.00000 0.00000 0.00000 ( 1)  0.050 +-  0.000
 304 F   1.00000 0.00000 0.00000 ( 1)  0.050 +-  0.000
 305 A   1.00000 0.00000 0.00000 ( 1)  0.050 +-  0.000
 306 G   1.00000 0.00000 0.00000 ( 1)  0.050 +-  0.000
 307 V   1.00000 0.00000 0.00000 ( 1)  0.050 +-  0.000
 308 F   1.00000 0.00000 0.00000 ( 1)  0.050 +-  0.000
 309 E   1.00000 0.00000 0.00000 ( 1)  0.050 +-  0.000
 310 T   1.00000 0.00000 0.00000 ( 1)  0.050 +-  0.000
 311 A   1.00000 0.00000 0.00000 ( 1)  0.050 +-  0.000
 312 P   1.00000 0.00000 0.00000 ( 1)  0.050 +-  0.000
 313 I   1.00000 0.00000 0.00000 ( 1)  0.050 +-  0.000
 314 S   1.00000 0.00000 0.00000 ( 1)  0.050 +-  0.000
 315 P   1.00000 0.00000 0.00000 ( 1)  0.050 +-  0.000
 316 L   1.00000 0.00000 0.00000 ( 1)  0.050 +-  0.000
 317 S   1.00000 0.00000 0.00000 ( 1)  0.050 +-  0.000
 318 T   1.00000 0.00000 0.00000 ( 1)  0.050 +-  0.000
 319 I   1.00000 0.00000 0.00000 ( 1)  0.050 +-  0.000
 320 W   1.00000 0.00000 0.00000 ( 1)  0.050 +-  0.000
 321 G   1.00000 0.00000 0.00000 ( 1)  0.050 +-  0.000
 322 S   1.00000 0.00000 0.00000 ( 1)  0.050 +-  0.000
 323 V   1.00000 0.00000 0.00000 ( 1)  0.050 +-  0.000
 324 F   1.00000 0.00000 0.00000 ( 1)  0.050 +-  0.000
 325 A   1.00000 0.00000 0.00000 ( 1)  0.050 +-  0.000
 326 K   1.00000 0.00000 0.00000 ( 1)  0.050 +-  0.000
 327 A   1.00000 0.00000 0.00000 ( 1)  0.050 +-  0.000
 328 N   1.00000 0.00000 0.00000 ( 1)  0.050 +-  0.000
 329 A   1.00000 0.00000 0.00000 ( 1)  0.050 +-  0.000
 330 V   1.00000 0.00000 0.00000 ( 1)  0.050 +-  0.000
 331 Y   1.00000 0.00000 0.00000 ( 1)  0.050 +-  0.000
 332 N   1.00000 0.00000 0.00000 ( 1)  0.050 +-  0.000
 333 P   1.00000 0.00000 0.00000 ( 1)  0.050 +-  0.000
 334 I   1.00000 0.00000 0.00000 ( 1)  0.050 +-  0.000
 335 V   1.00000 0.00000 0.00000 ( 1)  0.050 +-  0.000
 336 Y   1.00000 0.00000 0.00000 ( 1)  0.050 +-  0.000
 337 G   1.00000 0.00000 0.00000 ( 1)  0.050 +-  0.000
 338 I   1.00000 0.00000 0.00000 ( 1)  0.050 +-  0.000
 339 S   1.00000 0.00000 0.00000 ( 1)  0.050 +-  0.000
 340 H   1.00000 0.00000 0.00000 ( 1)  0.050 +-  0.000
 341 P   1.00000 0.00000 0.00000 ( 1)  0.050 +-  0.000
 342 K   1.00000 0.00000 0.00000 ( 1)  0.050 +-  0.000
 343 Y   1.00000 0.00000 0.00000 ( 1)  0.050 +-  0.000
 344 R   1.00000 0.00000 0.00000 ( 1)  0.050 +-  0.000
 345 A   1.00000 0.00000 0.00000 ( 1)  0.050 +-  0.000
 346 A   1.00000 0.00000 0.00000 ( 1)  0.050 +-  0.000
 347 L   1.00000 0.00000 0.00000 ( 1)  0.050 +-  0.000
 348 Y   1.00000 0.00000 0.00000 ( 1)  0.050 +-  0.000
 349 Q   1.00000 0.00000 0.00000 ( 1)  0.050 +-  0.000
 350 R   1.00000 0.00000 0.00000 ( 1)  0.050 +-  0.000
 351 F   1.00000 0.00000 0.00000 ( 1)  0.050 +-  0.000
 352 P   1.00000 0.00000 0.00000 ( 1)  0.050 +-  0.000
 353 S   1.00000 0.00000 0.00000 ( 1)  0.050 +-  0.000
 354 L   1.00000 0.00000 0.00000 ( 1)  0.050 +-  0.000
 355 A   1.00000 0.00000 0.00000 ( 1)  0.050 +-  0.000
 356 C   1.00000 0.00000 0.00000 ( 1)  0.050 +-  0.000
 357 Q   1.00000 0.00000 0.00000 ( 1)  0.050 +-  0.000
 358 P   0.99963 0.00037 0.00000 ( 1)  0.050 +-  0.018
 359 S   1.00000 0.00000 0.00000 ( 1)  0.050 +-  0.000
 360 P   1.00000 0.00000 0.00000 ( 1)  0.050 +-  0.000
 361 E   1.00000 0.00000 0.00000 ( 1)  0.050 +-  0.000
 362 E   1.00000 0.00000 0.00000 ( 1)  0.050 +-  0.000
 363 T   0.00000 1.00000 0.00000 ( 2)  1.000 +-  0.000
 364 G   1.00000 0.00000 0.00000 ( 1)  0.050 +-  0.000
 365 S   1.00000 0.00000 0.00000 ( 1)  0.050 +-  0.000
 366 V   1.00000 0.00000 0.00000 ( 1)  0.050 +-  0.000
 367 A   1.00000 0.00000 0.00000 ( 1)  0.050 +-  0.000
 368 S   1.00000 0.00000 0.00000 ( 1)  0.050 +-  0.000
 369 A   1.00000 0.00000 0.00000 ( 1)  0.050 +-  0.000
 370 A   1.00000 0.00000 0.00000 ( 1)  0.050 +-  0.000
 371 T   1.00000 0.00000 0.00000 ( 1)  0.050 +-  0.000
 372 A   1.00000 0.00000 0.00000 ( 1)  0.050 +-  0.000
 373 C   1.00000 0.00000 0.00000 ( 1)  0.050 +-  0.000
 374 T   1.00000 0.00000 0.00000 ( 1)  0.050 +-  0.000
 375 E   1.00000 0.00000 0.00000 ( 1)  0.050 +-  0.000
 376 E   1.00000 0.00000 0.00000 ( 1)  0.050 +-  0.000
 377 K   1.00000 0.00000 0.00000 ( 1)  0.050 +-  0.000
 378 P   1.00000 0.00000 0.00000 ( 1)  0.050 +-  0.000
 379 S   1.00000 0.00000 0.00000 ( 1)  0.050 +-  0.000
 380 A   1.00000 0.00000 0.00000 ( 1)  0.050 +-  0.000

Positively selected sites

	Prob(w>1)  mean w

