Supplemental results for CODEML (seqf: align.fa  treef: tree.nwk)


MLEs of dN/dS (w) for site classes (K=4)

site class             0        1       2a       2b
proportion       0.93179  0.02826  0.03878  0.00118
background w     0.04057  1.00000  0.04057  1.00000
foreground w     0.04057  1.00000  1.61979  1.61979

Naive Empirical Bayes (NEB) probabilities for 4 classes
(amino acids refer to 1st sequence: ColCroc|LWS3)

   1 M   0.96004 0.00000 0.03996 0.00000 ( 1)
   2 A   0.98486 0.00026 0.01487 0.00001 ( 1)
   3 T   0.00000 0.95245 0.00000 0.04755 ( 2)
   4 S   0.98985 0.00000 0.01015 0.00000 ( 1)
   5 M   0.95679 0.00000 0.04321 0.00000 ( 1)
   6 D   0.99377 0.00000 0.00623 0.00000 ( 1)
   7 P   0.69867 0.00000 0.30133 0.00000 ( 1)
   8 A   0.98893 0.00000 0.01107 0.00000 ( 1)
   9 P   0.99121 0.00000 0.00879 0.00000 ( 1)
  10 G   0.98978 0.00000 0.01022 0.00000 ( 1)
  11 V   0.00000 0.96817 0.00000 0.03183 ( 2)
  12 A   0.99194 0.00000 0.00806 0.00000 ( 1)
  13 A   0.98781 0.00000 0.01219 0.00000 ( 1)
  14 M   0.67298 0.00000 0.32702 0.00000 ( 1)
  15 Q   0.71789 0.00000 0.28211 0.00000 ( 1)
  16 T   0.03263 0.00000 0.96737 0.00000 ( 3)
  17 W   0.98688 0.00000 0.01312 0.00000 ( 1)
  18 G   0.99245 0.00000 0.00755 0.00000 ( 1)
  19 G   0.99250 0.00000 0.00750 0.00000 ( 1)
  20 H   0.98529 0.00000 0.01471 0.00000 ( 1)
  21 A   0.99174 0.00000 0.00826 0.00000 ( 1)
  22 E   0.98942 0.00000 0.01058 0.00000 ( 1)
  23 A   0.98963 0.00000 0.01037 0.00000 ( 1)
  24 Y   0.99126 0.00000 0.00874 0.00000 ( 1)
  25 S   0.98324 0.00000 0.01676 0.00000 ( 1)
  26 A   0.99205 0.00000 0.00795 0.00000 ( 1)
  27 N   0.99335 0.00000 0.00665 0.00000 ( 1)
  28 Q   0.42394 0.00000 0.57606 0.00000 ( 3)
  29 T   0.99263 0.00000 0.00737 0.00000 ( 1)
  30 V   0.99144 0.00000 0.00856 0.00000 ( 1)
  31 V   0.99120 0.00000 0.00880 0.00000 ( 1)
  32 D   0.99372 0.00000 0.00628 0.00000 ( 1)
  33 K   0.72620 0.00000 0.27380 0.00000 ( 1)
  34 V   0.99143 0.00000 0.00857 0.00000 ( 1)
  35 L   0.07930 0.89692 0.00070 0.02308 ( 2)
  36 P   0.99016 0.00000 0.00984 0.00000 ( 1)
  37 E   0.99272 0.00000 0.00728 0.00000 ( 1)
  38 M   0.99524 0.00000 0.00476 0.00000 ( 1)
  39 L   0.98639 0.00000 0.01361 0.00000 ( 1)
  40 H   0.99227 0.00000 0.00773 0.00000 ( 1)
  41 L   0.99524 0.00000 0.00476 0.00000 ( 1)
  42 I   0.69290 0.00000 0.30710 0.00000 ( 1)
  43 D   0.99334 0.00000 0.00666 0.00000 ( 1)
  44 A   0.98892 0.00000 0.01108 0.00000 ( 1)
  45 H   0.99221 0.00000 0.00779 0.00000 ( 1)
  46 W   0.98688 0.00000 0.01312 0.00000 ( 1)
  47 Y   0.98638 0.00000 0.01362 0.00000 ( 1)
  48 Q   0.98310 0.00000 0.01690 0.00000 ( 1)
  49 F   0.99345 0.00000 0.00655 0.00000 ( 1)
  50 P   0.98807 0.00000 0.01193 0.00000 ( 1)
  51 P   0.98466 0.00000 0.01534 0.00000 ( 1)
  52 M   0.99524 0.00000 0.00476 0.00000 ( 1)
  53 N   0.99104 0.00000 0.00896 0.00000 ( 1)
  54 P   0.98612 0.00000 0.01388 0.00000 ( 1)
  55 L   0.99047 0.00000 0.00953 0.00000 ( 1)
  56 W   0.98688 0.00000 0.01312 0.00000 ( 1)
  57 Y   0.98911 0.00000 0.01089 0.00000 ( 1)
  58 G   0.98288 0.00000 0.01712 0.00000 ( 1)
  59 L   0.98655 0.00000 0.01345 0.00000 ( 1)
  60 L   0.99135 0.00000 0.00865 0.00000 ( 1)
  61 G   0.99243 0.00000 0.00757 0.00000 ( 1)
  62 F   0.99342 0.00000 0.00658 0.00000 ( 1)
  63 T   0.04774 0.00000 0.95226 0.00000 ( 3)
  64 I   0.82711 0.00000 0.17289 0.00000 ( 1)
  65 C   0.64611 0.00000 0.35389 0.00000 ( 1)
  66 I   0.00000 0.96271 0.00000 0.03729 ( 2)
  67 L   0.98218 0.00000 0.01782 0.00000 ( 1)
  68 A   0.98794 0.00000 0.01206 0.00000 ( 1)
  69 F   0.99148 0.00000 0.00852 0.00000 ( 1)
  70 I   0.68770 0.00000 0.31230 0.00000 ( 1)
  71 S   0.98187 0.00000 0.01813 0.00000 ( 1)
  72 V   0.98720 0.00000 0.01280 0.00000 ( 1)
  73 T   0.98016 0.00000 0.01984 0.00000 ( 1)
  74 G   0.98364 0.00000 0.01636 0.00000 ( 1)
  75 N   0.99374 0.00000 0.00626 0.00000 ( 1)
  76 G   0.99160 0.00000 0.00840 0.00000 ( 1)
  77 M   0.99524 0.00000 0.00476 0.00000 ( 1)
  78 V   0.98947 0.00000 0.01053 0.00000 ( 1)
  79 I   0.98793 0.00000 0.01207 0.00000 ( 1)
  80 Y   0.98820 0.00000 0.01180 0.00000 ( 1)
  81 I   0.98993 0.00000 0.01007 0.00000 ( 1)
  82 F   0.99153 0.00000 0.00847 0.00000 ( 1)
  83 S   0.98478 0.00000 0.01522 0.00000 ( 1)
  84 T   0.98117 0.00139 0.01739 0.00005 ( 1)
  85 T   0.98658 0.00000 0.01342 0.00000 ( 1)
  86 K   0.99120 0.00000 0.00880 0.00000 ( 1)
  87 S   0.00000 0.96659 0.00000 0.03341 ( 2)
  88 L   0.97942 0.00000 0.02058 0.00000 ( 1)
  89 K   0.98807 0.00000 0.01193 0.00000 ( 1)
  90 T   0.98988 0.00000 0.01012 0.00000 ( 1)
  91 P   0.98791 0.00000 0.01209 0.00000 ( 1)
  92 S   0.98193 0.00000 0.01807 0.00000 ( 1)
  93 N   0.99093 0.00000 0.00907 0.00000 ( 1)
  94 L   0.98069 0.00000 0.01931 0.00000 ( 1)
  95 L   0.99103 0.00000 0.00897 0.00000 ( 1)
  96 V   0.98735 0.00000 0.01265 0.00000 ( 1)
  97 V   0.98874 0.00000 0.01126 0.00000 ( 1)
  98 N   0.99075 0.00000 0.00925 0.00000 ( 1)
  99 L   0.98636 0.00000 0.01364 0.00000 ( 1)
 100 A   0.98931 0.00000 0.01069 0.00000 ( 1)
 101 F   0.99295 0.00000 0.00705 0.00000 ( 1)
 102 S   0.98816 0.00000 0.01184 0.00000 ( 1)
 103 D   0.99362 0.00000 0.00638 0.00000 ( 1)
 104 F   0.99176 0.00000 0.00824 0.00000 ( 1)
 105 L   0.98822 0.00000 0.01178 0.00000 ( 1)
 106 M   0.99524 0.00000 0.00476 0.00000 ( 1)
 107 M   0.99524 0.00000 0.00476 0.00000 ( 1)
 108 A   0.81898 0.00001 0.18101 0.00000 ( 1)
 109 M   0.00000 0.96971 0.00000 0.03029 ( 2)
 110 M   0.99524 0.00000 0.00476 0.00000 ( 1)
 111 A   0.98773 0.00000 0.01227 0.00000 ( 1)
 112 P   0.98643 0.00000 0.01357 0.00000 ( 1)
 113 P   0.82449 0.16361 0.00771 0.00419 ( 1)
 114 L   0.99524 0.00000 0.00476 0.00000 ( 1)
 115 C   0.98988 0.00000 0.01012 0.00000 ( 1)
 116 I   0.99242 0.00000 0.00758 0.00000 ( 1)
 117 N   0.99323 0.00000 0.00677 0.00000 ( 1)
 118 S   0.98733 0.00000 0.01267 0.00000 ( 1)
 119 Y   0.99122 0.00000 0.00878 0.00000 ( 1)
 120 Y   0.99250 0.00000 0.00750 0.00000 ( 1)
 121 Q   0.98865 0.00000 0.01135 0.00000 ( 1)
 122 T   0.59359 0.00000 0.40641 0.00000 ( 1)
 123 W   0.98688 0.00000 0.01312 0.00000 ( 1)
 124 V   0.71516 0.00000 0.28484 0.00000 ( 1)
 125 F   0.99334 0.00000 0.00666 0.00000 ( 1)
 126 G   0.98761 0.00000 0.01239 0.00000 ( 1)
 127 P   0.98803 0.00000 0.01197 0.00000 ( 1)
 128 V   0.99373 0.00000 0.00627 0.00000 ( 1)
 129 A   0.99524 0.00000 0.00476 0.00000 ( 1)
 130 C   0.99017 0.00000 0.00983 0.00000 ( 1)
 131 Q   0.98865 0.00000 0.01135 0.00000 ( 1)
 132 F   0.98958 0.00000 0.01042 0.00000 ( 1)
 133 Y   0.99128 0.00000 0.00872 0.00000 ( 1)
 134 A   0.98986 0.00000 0.01014 0.00000 ( 1)
 135 C   0.98962 0.00000 0.01038 0.00000 ( 1)
 136 F   0.96618 0.00066 0.03313 0.00003 ( 1)
 137 G   0.99037 0.00000 0.00963 0.00000 ( 1)
 138 S   0.98188 0.00000 0.01812 0.00000 ( 1)
 139 L   0.98839 0.00000 0.01161 0.00000 ( 1)
 140 F   0.99379 0.00000 0.00621 0.00000 ( 1)
 141 G   0.98952 0.00000 0.01048 0.00000 ( 1)
 142 C   0.99155 0.00000 0.00845 0.00000 ( 1)
 143 V   0.98936 0.00000 0.01064 0.00000 ( 1)
 144 S   0.99186 0.00000 0.00814 0.00000 ( 1)
 145 I   0.99323 0.00000 0.00677 0.00000 ( 1)
 146 W   0.98688 0.00000 0.01312 0.00000 ( 1)
 147 T   0.98704 0.00000 0.01296 0.00000 ( 1)
 148 M   0.99524 0.00000 0.00476 0.00000 ( 1)
 149 T   0.99167 0.00000 0.00833 0.00000 ( 1)
 150 A   0.99524 0.00000 0.00476 0.00000 ( 1)
 151 I   0.99340 0.00000 0.00660 0.00000 ( 1)
 152 A   0.98983 0.00000 0.01017 0.00000 ( 1)
 153 F   0.99387 0.00000 0.00613 0.00000 ( 1)
 154 D   0.99338 0.00000 0.00662 0.00000 ( 1)
 155 R   0.98023 0.00000 0.01977 0.00000 ( 1)
 156 Y   0.99130 0.00000 0.00870 0.00000 ( 1)
 157 N   0.99335 0.00000 0.00665 0.00000 ( 1)
 158 V   0.99169 0.00000 0.00831 0.00000 ( 1)
 159 I   0.99354 0.00000 0.00646 0.00000 ( 1)
 160 V   0.98957 0.00000 0.01043 0.00000 ( 1)
 161 K   0.99010 0.00000 0.00990 0.00000 ( 1)
 162 G   0.99059 0.00000 0.00941 0.00000 ( 1)
 163 I   0.83684 0.00000 0.16316 0.00000 ( 1)
 164 A   0.99178 0.00000 0.00822 0.00000 ( 1)
 165 A   0.99225 0.00000 0.00775 0.00000 ( 1)
 166 K   0.98979 0.00000 0.01021 0.00000 ( 1)
 167 P   0.99207 0.00000 0.00793 0.00000 ( 1)
 168 L   0.98238 0.00000 0.01762 0.00000 ( 1)
 169 T   0.99264 0.00000 0.00736 0.00000 ( 1)
 170 V   0.99373 0.00000 0.00627 0.00000 ( 1)
 171 N   0.99364 0.00000 0.00636 0.00000 ( 1)
 172 G   0.98323 0.00000 0.01677 0.00000 ( 1)
 173 A   0.98924 0.00000 0.01076 0.00000 ( 1)
 174 L   0.98548 0.00000 0.01452 0.00000 ( 1)
 175 L   0.98489 0.00000 0.01511 0.00000 ( 1)
 176 Q   0.98628 0.00000 0.01372 0.00000 ( 1)
 177 I   0.99074 0.00000 0.00926 0.00000 ( 1)
 178 F   0.98789 0.00000 0.01211 0.00000 ( 1)
 179 G   0.99250 0.00000 0.00750 0.00000 ( 1)
 180 V   0.80250 0.00000 0.19750 0.00000 ( 1)
 181 W   0.98688 0.00000 0.01312 0.00000 ( 1)
 182 A   0.00000 0.95629 0.00000 0.04371 ( 2)
 183 F   0.99185 0.00000 0.00815 0.00000 ( 1)
 184 S   0.98504 0.00000 0.01496 0.00000 ( 1)
 185 L   0.99241 0.00000 0.00759 0.00000 ( 1)
 186 A   0.05967 0.00000 0.94033 0.00000 ( 3)
 187 W   0.98688 0.00000 0.01312 0.00000 ( 1)
 188 T   0.99146 0.00000 0.00854 0.00000 ( 1)
 189 L   0.97074 0.00000 0.02926 0.00000 ( 1)
 190 A   0.98607 0.00000 0.01393 0.00000 ( 1)
 191 P   0.98748 0.00000 0.01252 0.00000 ( 1)
 192 I   0.99386 0.00000 0.00614 0.00000 ( 1)
 193 F   0.99178 0.00000 0.00822 0.00000 ( 1)
 194 G   0.98287 0.00000 0.01713 0.00000 ( 1)
 195 W   0.98688 0.00000 0.01312 0.00000 ( 1)
 196 S   0.99374 0.00000 0.00626 0.00000 ( 1)
 197 R   0.99044 0.00000 0.00956 0.00000 ( 1)
 198 Y   0.99063 0.00000 0.00937 0.00000 ( 1)
 199 V   0.98903 0.00000 0.01097 0.00000 ( 1)
 200 P   0.99107 0.00000 0.00893 0.00000 ( 1)
 201 E   0.98866 0.00000 0.01134 0.00000 ( 1)
 202 G   0.99231 0.00000 0.00769 0.00000 ( 1)
 203 N   0.99374 0.00000 0.00626 0.00000 ( 1)
 204 M   0.99524 0.00000 0.00476 0.00000 ( 1)
 205 T   0.99167 0.00000 0.00833 0.00000 ( 1)
 206 A   0.99036 0.00000 0.00964 0.00000 ( 1)
 207 C   0.99198 0.00000 0.00802 0.00000 ( 1)
 208 G   0.98686 0.00000 0.01314 0.00000 ( 1)
 209 T   0.98932 0.00000 0.01068 0.00000 ( 1)
 210 D   0.99145 0.00000 0.00855 0.00000 ( 1)
 211 Y   0.99098 0.00000 0.00902 0.00000 ( 1)
 212 L   0.98495 0.00000 0.01505 0.00000 ( 1)
 213 S   0.00000 0.96160 0.00000 0.03840 ( 2)
 214 K   0.99120 0.00000 0.00880 0.00000 ( 1)
 215 D   0.99191 0.00000 0.00809 0.00000 ( 1)
 216 L   0.98688 0.00000 0.01312 0.00000 ( 1)
 217 L   0.00000 0.97179 0.00000 0.02821 ( 2)
 218 S   0.99367 0.00000 0.00633 0.00000 ( 1)
 219 Q   0.97504 0.00000 0.02496 0.00000 ( 1)
 220 I   0.99331 0.00000 0.00669 0.00000 ( 1)
 221 Y   0.99130 0.00000 0.00870 0.00000 ( 1)
 222 I   0.99345 0.00000 0.00655 0.00000 ( 1)
 223 I   0.99271 0.00000 0.00729 0.00000 ( 1)
 224 T   0.99148 0.00000 0.00852 0.00000 ( 1)
 225 Y   0.99124 0.00000 0.00876 0.00000 ( 1)
 226 S   0.98268 0.00000 0.01732 0.00000 ( 1)
 227 I   0.99015 0.00000 0.00985 0.00000 ( 1)
 228 A   0.99385 0.00000 0.00615 0.00000 ( 1)
 229 C   0.99175 0.00000 0.00825 0.00000 ( 1)
 230 Y   0.99130 0.00000 0.00870 0.00000 ( 1)
 231 F   0.72441 0.00000 0.27559 0.00000 ( 1)
 232 L   0.00000 0.97517 0.00000 0.02483 ( 2)
 233 P   0.98805 0.00000 0.01195 0.00000 ( 1)
 234 L   0.98472 0.00000 0.01528 0.00000 ( 1)
 235 A   0.98887 0.00000 0.01113 0.00000 ( 1)
 236 L   0.98965 0.00000 0.01035 0.00000 ( 1)
 237 I   0.99187 0.00000 0.00813 0.00000 ( 1)
 238 V   0.99322 0.00000 0.00678 0.00000 ( 1)
 239 Y   0.99128 0.00000 0.00872 0.00000 ( 1)
 240 S   0.98890 0.00000 0.01110 0.00000 ( 1)
 241 Y   0.99130 0.00000 0.00870 0.00000 ( 1)
 242 F   0.99387 0.00000 0.00613 0.00000 ( 1)
 243 F   0.99387 0.00000 0.00613 0.00000 ( 1)
 244 I   0.99128 0.00000 0.00872 0.00000 ( 1)
 245 V   0.98961 0.00000 0.01039 0.00000 ( 1)
 246 Q   0.98648 0.00000 0.01352 0.00000 ( 1)
 247 A   0.98929 0.00000 0.01071 0.00000 ( 1)
 248 V   0.98880 0.00000 0.01120 0.00000 ( 1)
 249 A   0.98928 0.00000 0.01072 0.00000 ( 1)
 250 A   0.98924 0.00000 0.01076 0.00000 ( 1)
 251 H   0.99230 0.00000 0.00770 0.00000 ( 1)
 252 E   0.98871 0.00000 0.01129 0.00000 ( 1)
 253 K   0.76570 0.00000 0.23430 0.00000 ( 1)
 254 A   0.98565 0.00000 0.01435 0.00000 ( 1)
 255 M   0.99524 0.00000 0.00476 0.00000 ( 1)
 256 R   0.99081 0.00000 0.00919 0.00000 ( 1)
 257 E   0.98865 0.00000 0.01135 0.00000 ( 1)
 258 Q   0.98621 0.00000 0.01379 0.00000 ( 1)
 259 A   0.99210 0.00000 0.00790 0.00000 ( 1)
 260 K   0.99119 0.00000 0.00881 0.00000 ( 1)
 261 K   0.99109 0.00000 0.00891 0.00000 ( 1)
 262 M   0.99524 0.00000 0.00476 0.00000 ( 1)
 263 N   0.99354 0.00000 0.00646 0.00000 ( 1)
 264 V   0.99156 0.00000 0.00844 0.00000 ( 1)
 265 A   0.98922 0.00000 0.01078 0.00000 ( 1)
 266 S   0.98822 0.00000 0.01178 0.00000 ( 1)
 267 L   0.99262 0.00000 0.00738 0.00000 ( 1)
 268 R   0.99074 0.00000 0.00926 0.00000 ( 1)
 269 S   0.98716 0.00000 0.01284 0.00000 ( 1)
 270 S   0.98614 0.00000 0.01386 0.00000 ( 1)
 271 E   0.98865 0.00000 0.01135 0.00000 ( 1)
 272 Q   0.99036 0.00000 0.00964 0.00000 ( 1)
 273 A   0.98662 0.00000 0.01338 0.00000 ( 1)
 274 N   0.99374 0.00000 0.00626 0.00000 ( 1)
 275 T   0.99213 0.00000 0.00787 0.00000 ( 1)
 276 S   0.99333 0.00000 0.00667 0.00000 ( 1)
 277 A   0.99204 0.00000 0.00796 0.00000 ( 1)
 278 E   0.99078 0.00000 0.00922 0.00000 ( 1)
 279 C   0.99168 0.00000 0.00832 0.00000 ( 1)
 280 K   0.98807 0.00000 0.01193 0.00000 ( 1)
 281 L   0.98587 0.00000 0.01413 0.00000 ( 1)
 282 A   0.98886 0.00000 0.01114 0.00000 ( 1)
 283 K   0.99120 0.00000 0.00880 0.00000 ( 1)
 284 V   0.98962 0.00000 0.01038 0.00000 ( 1)
 285 A   0.98934 0.00000 0.01066 0.00000 ( 1)
 286 L   0.97868 0.00000 0.02132 0.00000 ( 1)
 287 M   0.99524 0.00000 0.00476 0.00000 ( 1)
 288 T   0.99051 0.00000 0.00949 0.00000 ( 1)
 289 I   0.99173 0.00000 0.00827 0.00000 ( 1)
 290 S   0.99169 0.00000 0.00831 0.00000 ( 1)
 291 L   0.97874 0.00000 0.02126 0.00000 ( 1)
 292 W   0.98688 0.00000 0.01312 0.00000 ( 1)
 293 F   0.99380 0.00000 0.00620 0.00000 ( 1)
 294 M   0.99524 0.00000 0.00476 0.00000 ( 1)
 295 A   0.98980 0.00000 0.01020 0.00000 ( 1)
 296 W   0.98688 0.00000 0.01312 0.00000 ( 1)
 297 T   0.99026 0.00000 0.00974 0.00000 ( 1)
 298 P   0.98908 0.00000 0.01092 0.00000 ( 1)
 299 Y   0.99128 0.00000 0.00872 0.00000 ( 1)
 300 L   0.99197 0.00000 0.00803 0.00000 ( 1)
 301 V   0.99153 0.00000 0.00847 0.00000 ( 1)
 302 I   0.99354 0.00000 0.00646 0.00000 ( 1)
 303 N   0.99374 0.00000 0.00626 0.00000 ( 1)
 304 F   0.99124 0.00000 0.00876 0.00000 ( 1)
 305 A   0.99011 0.00000 0.00989 0.00000 ( 1)
 306 G   0.99077 0.00000 0.00923 0.00000 ( 1)
 307 V   0.98958 0.00000 0.01042 0.00000 ( 1)
 308 F   0.99387 0.00000 0.00613 0.00000 ( 1)
 309 E   0.99153 0.00000 0.00847 0.00000 ( 1)
 310 T   0.99309 0.00000 0.00691 0.00000 ( 1)
 311 A   0.98930 0.00000 0.01070 0.00000 ( 1)
 312 P   0.99259 0.00000 0.00741 0.00000 ( 1)
 313 I   0.99352 0.00000 0.00648 0.00000 ( 1)
 314 S   0.99366 0.00000 0.00634 0.00000 ( 1)
 315 P   0.99109 0.00000 0.00891 0.00000 ( 1)
 316 L   0.98968 0.00000 0.01032 0.00000 ( 1)
 317 S   0.99197 0.00000 0.00803 0.00000 ( 1)
 318 T   0.99263 0.00000 0.00737 0.00000 ( 1)
 319 I   0.99318 0.00000 0.00682 0.00000 ( 1)
 320 W   0.98688 0.00000 0.01312 0.00000 ( 1)
 321 G   0.99192 0.00000 0.00808 0.00000 ( 1)
 322 S   0.98755 0.00000 0.01245 0.00000 ( 1)
 323 V   0.75745 0.00000 0.24255 0.00000 ( 1)
 324 F   0.99385 0.00000 0.00615 0.00000 ( 1)
 325 A   0.99192 0.00000 0.00808 0.00000 ( 1)
 326 K   0.99120 0.00000 0.00880 0.00000 ( 1)
 327 A   0.99209 0.00000 0.00791 0.00000 ( 1)
 328 N   0.99332 0.00000 0.00668 0.00000 ( 1)
 329 A   0.98868 0.00000 0.01132 0.00000 ( 1)
 330 V   0.99170 0.00000 0.00830 0.00000 ( 1)
 331 Y   0.99130 0.00000 0.00870 0.00000 ( 1)
 332 N   0.99074 0.00000 0.00926 0.00000 ( 1)
 333 P   0.99211 0.00000 0.00789 0.00000 ( 1)
 334 I   0.99266 0.00000 0.00734 0.00000 ( 1)
 335 V   0.98944 0.00000 0.01056 0.00000 ( 1)
 336 Y   0.98685 0.00000 0.01315 0.00000 ( 1)
 337 G   0.99247 0.00000 0.00753 0.00000 ( 1)
 338 I   0.99354 0.00000 0.00646 0.00000 ( 1)
 339 S   0.99333 0.00000 0.00667 0.00000 ( 1)
 340 H   0.98795 0.00000 0.01205 0.00000 ( 1)
 341 P   0.98445 0.00000 0.01555 0.00000 ( 1)
 342 K   0.99050 0.00000 0.00950 0.00000 ( 1)
 343 Y   0.99129 0.00000 0.00871 0.00000 ( 1)
 344 R   0.97692 0.00000 0.02308 0.00000 ( 1)
 345 A   0.98622 0.00000 0.01378 0.00000 ( 1)
 346 A   0.99159 0.00000 0.00841 0.00000 ( 1)
 347 L   0.99215 0.00000 0.00785 0.00000 ( 1)
 348 Y   0.99130 0.00000 0.00870 0.00000 ( 1)
 349 Q   0.04951 0.00000 0.95049 0.00000 ( 3)
 350 R   0.98701 0.00000 0.01299 0.00000 ( 1)
 351 F   0.99387 0.00000 0.00613 0.00000 ( 1)
 352 P   0.99094 0.00000 0.00906 0.00000 ( 1)
 353 S   0.98766 0.00000 0.01233 0.00000 ( 1)
 354 L   0.98546 0.00000 0.01454 0.00000 ( 1)
 355 A   0.66968 0.00000 0.33032 0.00000 ( 1)
 356 C   0.98898 0.00000 0.01102 0.00000 ( 1)
 357 Q   0.75018 0.00000 0.24982 0.00000 ( 1)
 358 P   0.71813 0.08913 0.18897 0.00376 ( 1)
 359 S   0.97699 0.00000 0.02301 0.00000 ( 1)
 360 P   0.62785 0.00000 0.37215 0.00000 ( 1)
 361 E   0.64083 0.00000 0.35917 0.00000 ( 1)
 362 E   0.98417 0.00000 0.01583 0.00000 ( 1)
 363 T   0.00000 0.95733 0.00000 0.04267 ( 2)
 364 G   0.99148 0.00000 0.00852 0.00000 ( 1)
 365 S   0.98853 0.00000 0.01147 0.00000 ( 1)
 366 V   0.98874 0.00000 0.01126 0.00000 ( 1)
 367 A   0.99168 0.00000 0.00832 0.00000 ( 1)
 368 S   0.98902 0.00000 0.01098 0.00000 ( 1)
 369 A   0.98544 0.00000 0.01456 0.00000 ( 1)
 370 A   0.82896 0.00000 0.17104 0.00000 ( 1)
 371 T   0.99066 0.00000 0.00934 0.00000 ( 1)
 372 A   0.70684 0.00000 0.29316 0.00000 ( 1)
 373 C   0.96004 0.00000 0.03996 0.00000 ( 1)
 374 T   0.67030 0.00000 0.32970 0.00000 ( 1)
 375 E   0.76855 0.00000 0.23145 0.00000 ( 1)
 376 E   0.99153 0.00000 0.00847 0.00000 ( 1)
 377 K   0.98808 0.00000 0.01192 0.00000 ( 1)
 378 P   0.98533 0.00000 0.01467 0.00000 ( 1)
 379 S   0.98842 0.00000 0.01158 0.00000 ( 1)
 380 A   0.98984 0.00000 0.01016 0.00000 ( 1)


lnL = -69097.875581

Bayes Empirical Bayes (BEB) probabilities for 4 classes (class)
(amino acids refer to 1st sequence: ColCroc|LWS3)

   1 M   0.96666 0.00000 0.03334 0.00000 ( 1)
   2 A   0.99352 0.00000 0.00648 0.00000 ( 1)
   3 T   0.00000 0.95680 0.00000 0.04320 ( 2)
   4 S   0.99661 0.00000 0.00339 0.00000 ( 1)
   5 M   0.96311 0.00000 0.03689 0.00000 ( 1)
   6 D   0.99732 0.00000 0.00268 0.00000 ( 1)
   7 P   0.80161 0.00000 0.19839 0.00000 ( 1)
   8 A   0.99581 0.00000 0.00419 0.00000 ( 1)
   9 P   0.99629 0.00000 0.00371 0.00000 ( 1)
  10 G   0.99588 0.00000 0.00412 0.00000 ( 1)
  11 V   0.00000 0.98218 0.00000 0.01782 ( 2)
  12 A   0.99566 0.00000 0.00434 0.00000 ( 1)
  13 A   0.99415 0.00000 0.00585 0.00000 ( 1)
  14 M   0.77567 0.00000 0.22433 0.00000 ( 1)
  15 Q   0.82317 0.00000 0.17683 0.00000 ( 1)
  16 T   0.03373 0.00000 0.96627 0.00000 ( 3)
  17 W   0.99577 0.00000 0.00423 0.00000 ( 1)
  18 G   0.99709 0.00000 0.00291 0.00000 ( 1)
  19 G   0.99710 0.00000 0.00290 0.00000 ( 1)
  20 H   0.99470 0.00000 0.00530 0.00000 ( 1)
  21 A   0.99589 0.00000 0.00411 0.00000 ( 1)
  22 E   0.99497 0.00000 0.00503 0.00000 ( 1)
  23 A   0.99490 0.00000 0.00510 0.00000 ( 1)
  24 Y   0.99680 0.00000 0.00320 0.00000 ( 1)
  25 S   0.99365 0.00000 0.00635 0.00000 ( 1)
  26 A   0.99640 0.00000 0.00360 0.00000 ( 1)
  27 N   0.99723 0.00000 0.00277 0.00000 ( 1)
  28 Q   0.43652 0.00000 0.56348 0.00000 ( 3)
  29 T   0.99630 0.00000 0.00370 0.00000 ( 1)
  30 V   0.99512 0.00000 0.00488 0.00000 ( 1)
  31 V   0.99501 0.00000 0.00499 0.00000 ( 1)
  32 D   0.99730 0.00000 0.00270 0.00000 ( 1)
  33 K   0.83098 0.00000 0.16902 0.00000 ( 1)
  34 V   0.99512 0.00000 0.00488 0.00000 ( 1)
  35 L   0.93484 0.06106 0.00342 0.00068 ( 1)
  36 P   0.99543 0.00000 0.00457 0.00000 ( 1)
  37 E   0.99673 0.00000 0.00327 0.00000 ( 1)
  38 M   0.99797 0.00000 0.00203 0.00000 ( 1)
  39 L   0.99352 0.00000 0.00648 0.00000 ( 1)
  40 H   0.99739 0.00000 0.00261 0.00000 ( 1)
  41 L   0.99797 0.00000 0.00203 0.00000 ( 1)
  42 I   0.78099 0.00000 0.21901 0.00000 ( 1)
  43 D   0.99708 0.00000 0.00292 0.00000 ( 1)
  44 A   0.99563 0.00000 0.00437 0.00000 ( 1)
  45 H   0.99736 0.00000 0.00264 0.00000 ( 1)
  46 W   0.99577 0.00000 0.00423 0.00000 ( 1)
  47 Y   0.99512 0.00000 0.00488 0.00000 ( 1)
  48 Q   0.99333 0.00000 0.00667 0.00000 ( 1)
  49 F   0.99686 0.00000 0.00314 0.00000 ( 1)
  50 P   0.99562 0.00000 0.00438 0.00000 ( 1)
  51 P   0.99401 0.00000 0.00599 0.00000 ( 1)
  52 M   0.99797 0.00000 0.00203 0.00000 ( 1)
  53 N   0.99636 0.00000 0.00364 0.00000 ( 1)
  54 P   0.99416 0.00000 0.00584 0.00000 ( 1)
  55 L   0.99563 0.00000 0.00437 0.00000 ( 1)
  56 W   0.99577 0.00000 0.00423 0.00000 ( 1)
  57 Y   0.99579 0.00000 0.00421 0.00000 ( 1)
  58 G   0.99359 0.00000 0.00641 0.00000 ( 1)
  59 L   0.99332 0.00000 0.00668 0.00000 ( 1)
  60 L   0.99608 0.00000 0.00392 0.00000 ( 1)
  61 G   0.99707 0.00000 0.00293 0.00000 ( 1)
  62 F   0.99685 0.00000 0.00315 0.00000 ( 1)
  63 T   0.06417 0.00000 0.93583 0.00000 ( 3)
  64 I   0.91630 0.00000 0.08370 0.00000 ( 1)
  65 C   0.73375 0.00000 0.26625 0.00000 ( 1)
  66 I   0.00000 0.97194 0.00000 0.02806 ( 2)
  67 L   0.99060 0.00000 0.00940 0.00000 ( 1)
  68 A   0.99569 0.00000 0.00431 0.00000 ( 1)
  69 F   0.99651 0.00000 0.00349 0.00000 ( 1)
  70 I   0.81759 0.00000 0.18241 0.00000 ( 1)
  71 S   0.99252 0.00000 0.00748 0.00000 ( 1)
  72 V   0.99223 0.00000 0.00777 0.00000 ( 1)
  73 T   0.98939 0.00000 0.01061 0.00000 ( 1)
  74 G   0.99366 0.00000 0.00634 0.00000 ( 1)
  75 N   0.99746 0.00000 0.00254 0.00000 ( 1)
  76 G   0.99645 0.00000 0.00355 0.00000 ( 1)
  77 M   0.99797 0.00000 0.00203 0.00000 ( 1)
  78 V   0.99479 0.00000 0.00521 0.00000 ( 1)
  79 I   0.99307 0.00000 0.00693 0.00000 ( 1)
  80 Y   0.99554 0.00000 0.00446 0.00000 ( 1)
  81 I   0.99466 0.00000 0.00534 0.00000 ( 1)
  82 F   0.99647 0.00000 0.00353 0.00000 ( 1)
  83 S   0.99076 0.00000 0.00924 0.00000 ( 1)
  84 T   0.98994 0.00001 0.01005 0.00000 ( 1)
  85 T   0.99423 0.00000 0.00577 0.00000 ( 1)
  86 K   0.99703 0.00000 0.00297 0.00000 ( 1)
  87 S   0.00000 0.98171 0.00000 0.01829 ( 2)
  88 L   0.98563 0.00000 0.01437 0.00000 ( 1)
  89 K   0.99607 0.00000 0.00393 0.00000 ( 1)
  90 T   0.99556 0.00000 0.00444 0.00000 ( 1)
  91 P   0.99540 0.00000 0.00460 0.00000 ( 1)
  92 S   0.99254 0.00000 0.00746 0.00000 ( 1)
  93 N   0.99643 0.00000 0.00357 0.00000 ( 1)
  94 L   0.99171 0.00000 0.00829 0.00000 ( 1)
  95 L   0.99573 0.00000 0.00427 0.00000 ( 1)
  96 V   0.99381 0.00000 0.00619 0.00000 ( 1)
  97 V   0.99430 0.00000 0.00570 0.00000 ( 1)
  98 N   0.99655 0.00000 0.00345 0.00000 ( 1)
  99 L   0.99491 0.00000 0.00509 0.00000 ( 1)
 100 A   0.99488 0.00000 0.00512 0.00000 ( 1)
 101 F   0.99658 0.00000 0.00342 0.00000 ( 1)
 102 S   0.99507 0.00000 0.00493 0.00000 ( 1)
 103 D   0.99724 0.00000 0.00276 0.00000 ( 1)
 104 F   0.99627 0.00000 0.00373 0.00000 ( 1)
 105 L   0.99489 0.00000 0.00511 0.00000 ( 1)
 106 M   0.99797 0.00000 0.00203 0.00000 ( 1)
 107 M   0.99797 0.00000 0.00203 0.00000 ( 1)
 108 A   0.90513 0.00000 0.09487 0.00000 ( 1)
 109 M   0.00000 0.98293 0.00000 0.01707 ( 2)
 110 M   0.99797 0.00000 0.00203 0.00000 ( 1)
 111 A   0.99481 0.00000 0.00519 0.00000 ( 1)
 112 P   0.99448 0.00000 0.00552 0.00000 ( 1)
 113 P   0.99546 0.00072 0.00381 0.00001 ( 1)
 114 L   0.99797 0.00000 0.00203 0.00000 ( 1)
 115 C   0.99413 0.00000 0.00587 0.00000 ( 1)
 116 I   0.99586 0.00000 0.00414 0.00000 ( 1)
 117 N   0.99716 0.00000 0.00284 0.00000 ( 1)
 118 S   0.99574 0.00000 0.00426 0.00000 ( 1)
 119 Y   0.99678 0.00000 0.00322 0.00000 ( 1)
 120 Y   0.99674 0.00000 0.00326 0.00000 ( 1)
 121 Q   0.99614 0.00000 0.00386 0.00000 ( 1)
 122 T   0.67637 0.00000 0.32363 0.00000 ( 1)
 123 W   0.99577 0.00000 0.00423 0.00000 ( 1)
 124 V   0.81612 0.00000 0.18388 0.00000 ( 1)
 125 F   0.99680 0.00000 0.00320 0.00000 ( 1)
 126 G   0.99516 0.00000 0.00484 0.00000 ( 1)
 127 P   0.99550 0.00000 0.00450 0.00000 ( 1)
 128 V   0.99701 0.00000 0.00299 0.00000 ( 1)
 129 A   0.99796 0.00000 0.00204 0.00000 ( 1)
 130 C   0.99630 0.00000 0.00370 0.00000 ( 1)
 131 Q   0.99614 0.00000 0.00386 0.00000 ( 1)
 132 F   0.99362 0.00000 0.00638 0.00000 ( 1)
 133 Y   0.99681 0.00000 0.00319 0.00000 ( 1)
 134 A   0.99525 0.00000 0.00475 0.00000 ( 1)
 135 C   0.99601 0.00000 0.00399 0.00000 ( 1)
 136 F   0.97454 0.00000 0.02546 0.00000 ( 1)
 137 G   0.99564 0.00000 0.00436 0.00000 ( 1)
 138 S   0.99252 0.00000 0.00748 0.00000 ( 1)
 139 L   0.99393 0.00000 0.00607 0.00000 ( 1)
 140 F   0.99704 0.00000 0.00296 0.00000 ( 1)
 141 G   0.99585 0.00000 0.00415 0.00000 ( 1)
 142 C   0.99705 0.00000 0.00295 0.00000 ( 1)
 143 V   0.99495 0.00000 0.00505 0.00000 ( 1)
 144 S   0.99626 0.00000 0.00374 0.00000 ( 1)
 145 I   0.99644 0.00000 0.00356 0.00000 ( 1)
 146 W   0.99577 0.00000 0.00423 0.00000 ( 1)
 147 T   0.99429 0.00000 0.00571 0.00000 ( 1)
 148 M   0.99797 0.00000 0.00203 0.00000 ( 1)
 149 T   0.99536 0.00000 0.00464 0.00000 ( 1)
 150 A   0.99797 0.00000 0.00203 0.00000 ( 1)
 151 I   0.99653 0.00000 0.00347 0.00000 ( 1)
 152 A   0.99495 0.00000 0.00505 0.00000 ( 1)
 153 F   0.99709 0.00000 0.00291 0.00000 ( 1)
 154 D   0.99711 0.00000 0.00289 0.00000 ( 1)
 155 R   0.99193 0.00000 0.00807 0.00000 ( 1)
 156 Y   0.99682 0.00000 0.00318 0.00000 ( 1)
 157 N   0.99723 0.00000 0.00277 0.00000 ( 1)
 158 V   0.99538 0.00000 0.00462 0.00000 ( 1)
 159 I   0.99660 0.00000 0.00340 0.00000 ( 1)
 160 V   0.99495 0.00000 0.00505 0.00000 ( 1)
 161 K   0.99625 0.00000 0.00375 0.00000 ( 1)
 162 G   0.99612 0.00000 0.00388 0.00000 ( 1)
 163 I   0.91182 0.00000 0.08818 0.00000 ( 1)
 164 A   0.99548 0.00000 0.00452 0.00000 ( 1)
 165 A   0.99590 0.00000 0.00410 0.00000 ( 1)
 166 K   0.99607 0.00000 0.00393 0.00000 ( 1)
 167 P   0.99681 0.00000 0.00319 0.00000 ( 1)
 168 L   0.98735 0.00000 0.01265 0.00000 ( 1)
 169 T   0.99631 0.00000 0.00369 0.00000 ( 1)
 170 V   0.99745 0.00000 0.00255 0.00000 ( 1)
 171 N   0.99740 0.00000 0.00260 0.00000 ( 1)
 172 G   0.99367 0.00000 0.00633 0.00000 ( 1)
 173 A   0.99501 0.00000 0.00499 0.00000 ( 1)
 174 L   0.99208 0.00000 0.00792 0.00000 ( 1)
 175 L   0.98981 0.00000 0.01019 0.00000 ( 1)
 176 Q   0.99524 0.00000 0.00476 0.00000 ( 1)
 177 I   0.99606 0.00000 0.00394 0.00000 ( 1)
 178 F   0.99273 0.00000 0.00727 0.00000 ( 1)
 179 G   0.99710 0.00000 0.00290 0.00000 ( 1)
 180 V   0.88541 0.00000 0.11459 0.00000 ( 1)
 181 W   0.99577 0.00000 0.00423 0.00000 ( 1)
 182 A   0.00000 0.96219 0.00000 0.03781 ( 2)
 183 F   0.99619 0.00000 0.00381 0.00000 ( 1)
 184 S   0.99152 0.00000 0.00848 0.00000 ( 1)
 185 L   0.99677 0.00000 0.00323 0.00000 ( 1)
 186 A   0.08021 0.00000 0.91979 0.00000 ( 3)
 187 W   0.99577 0.00000 0.00423 0.00000 ( 1)
 188 T   0.99553 0.00000 0.00447 0.00000 ( 1)
 189 L   0.97760 0.00000 0.02240 0.00000 ( 1)
 190 A   0.99388 0.00000 0.00612 0.00000 ( 1)
 191 P   0.99498 0.00000 0.00502 0.00000 ( 1)
 192 I   0.99709 0.00000 0.00291 0.00000 ( 1)
 193 F   0.99625 0.00000 0.00375 0.00000 ( 1)
 194 G   0.99359 0.00000 0.00641 0.00000 ( 1)
 195 W   0.99577 0.00000 0.00423 0.00000 ( 1)
 196 S   0.99746 0.00000 0.00254 0.00000 ( 1)
 197 R   0.99680 0.00000 0.00320 0.00000 ( 1)
 198 Y   0.99649 0.00000 0.00351 0.00000 ( 1)
 199 V   0.99403 0.00000 0.00597 0.00000 ( 1)
 200 P   0.99622 0.00000 0.00378 0.00000 ( 1)
 201 E   0.99604 0.00000 0.00396 0.00000 ( 1)
 202 G   0.99699 0.00000 0.00301 0.00000 ( 1)
 203 N   0.99746 0.00000 0.00254 0.00000 ( 1)
 204 M   0.99797 0.00000 0.00203 0.00000 ( 1)
 205 T   0.99538 0.00000 0.00462 0.00000 ( 1)
 206 A   0.99478 0.00000 0.00522 0.00000 ( 1)
 207 C   0.99728 0.00000 0.00272 0.00000 ( 1)
 208 G   0.99475 0.00000 0.00525 0.00000 ( 1)
 209 T   0.99538 0.00000 0.00462 0.00000 ( 1)
 210 D   0.99623 0.00000 0.00377 0.00000 ( 1)
 211 Y   0.99666 0.00000 0.00334 0.00000 ( 1)
 212 L   0.99308 0.00000 0.00692 0.00000 ( 1)
 213 S   0.00000 0.97073 0.00000 0.02927 ( 2)
 214 K   0.99703 0.00000 0.00297 0.00000 ( 1)
 215 D   0.99629 0.00000 0.00371 0.00000 ( 1)
 216 L   0.99577 0.00000 0.00423 0.00000 ( 1)
 217 L   0.00000 0.98661 0.00000 0.01339 ( 2)
 218 S   0.99772 0.00000 0.00228 0.00000 ( 1)
 219 Q   0.98854 0.00000 0.01146 0.00000 ( 1)
 220 I   0.99751 0.00000 0.00249 0.00000 ( 1)
 221 Y   0.99682 0.00000 0.00318 0.00000 ( 1)
 222 I   0.99655 0.00000 0.00345 0.00000 ( 1)
 223 I   0.99694 0.00000 0.00306 0.00000 ( 1)
 224 T   0.99515 0.00000 0.00485 0.00000 ( 1)
 225 Y   0.99679 0.00000 0.00321 0.00000 ( 1)
 226 S   0.99268 0.00000 0.00732 0.00000 ( 1)
 227 I   0.99498 0.00000 0.00502 0.00000 ( 1)
 228 A   0.99708 0.00000 0.00292 0.00000 ( 1)
 229 C   0.99543 0.00000 0.00457 0.00000 ( 1)
 230 Y   0.99682 0.00000 0.00318 0.00000 ( 1)
 231 F   0.83055 0.00000 0.16945 0.00000 ( 1)
 232 L   0.00000 0.98801 0.00000 0.01199 ( 2)
 233 P   0.99564 0.00000 0.00436 0.00000 ( 1)
 234 L   0.99392 0.00000 0.00608 0.00000 ( 1)
 235 A   0.99576 0.00000 0.00424 0.00000 ( 1)
 236 L   0.99584 0.00000 0.00416 0.00000 ( 1)
 237 I   0.99597 0.00000 0.00403 0.00000 ( 1)
 238 V   0.99645 0.00000 0.00355 0.00000 ( 1)
 239 Y   0.99681 0.00000 0.00319 0.00000 ( 1)
 240 S   0.99531 0.00000 0.00469 0.00000 ( 1)
 241 Y   0.99682 0.00000 0.00318 0.00000 ( 1)
 242 F   0.99709 0.00000 0.00291 0.00000 ( 1)
 243 F   0.99709 0.00000 0.00291 0.00000 ( 1)
 244 I   0.99612 0.00000 0.00388 0.00000 ( 1)
 245 V   0.99476 0.00000 0.00524 0.00000 ( 1)
 246 Q   0.99556 0.00000 0.00444 0.00000 ( 1)
 247 A   0.99503 0.00000 0.00497 0.00000 ( 1)
 248 V   0.99440 0.00000 0.00560 0.00000 ( 1)
 249 A   0.99454 0.00000 0.00546 0.00000 ( 1)
 250 A   0.99491 0.00000 0.00509 0.00000 ( 1)
 251 H   0.99741 0.00000 0.00259 0.00000 ( 1)
 252 E   0.99565 0.00000 0.00435 0.00000 ( 1)
 253 K   0.88334 0.00000 0.11666 0.00000 ( 1)
 254 A   0.99082 0.00000 0.00918 0.00000 ( 1)
 255 M   0.99797 0.00000 0.00203 0.00000 ( 1)
 256 R   0.99705 0.00000 0.00295 0.00000 ( 1)
 257 E   0.99614 0.00000 0.00386 0.00000 ( 1)
 258 Q   0.99536 0.00000 0.00464 0.00000 ( 1)
 259 A   0.99585 0.00000 0.00415 0.00000 ( 1)
 260 K   0.99702 0.00000 0.00298 0.00000 ( 1)
 261 K   0.99695 0.00000 0.00305 0.00000 ( 1)
 262 M   0.99797 0.00000 0.00203 0.00000 ( 1)
 263 N   0.99734 0.00000 0.00266 0.00000 ( 1)
 264 V   0.99533 0.00000 0.00467 0.00000 ( 1)
 265 A   0.99501 0.00000 0.00499 0.00000 ( 1)
 266 S   0.99522 0.00000 0.00478 0.00000 ( 1)
 267 L   0.99689 0.00000 0.00311 0.00000 ( 1)
 268 R   0.99700 0.00000 0.00300 0.00000 ( 1)
 269 S   0.99419 0.00000 0.00581 0.00000 ( 1)
 270 S   0.99394 0.00000 0.00606 0.00000 ( 1)
 271 E   0.99609 0.00000 0.00391 0.00000 ( 1)
 272 Q   0.99462 0.00000 0.00538 0.00000 ( 1)
 273 A   0.99258 0.00000 0.00742 0.00000 ( 1)
 274 N   0.99746 0.00000 0.00254 0.00000 ( 1)
 275 T   0.99595 0.00000 0.00405 0.00000 ( 1)
 276 S   0.99752 0.00000 0.00248 0.00000 ( 1)
 277 A   0.99583 0.00000 0.00417 0.00000 ( 1)
 278 E   0.99650 0.00000 0.00350 0.00000 ( 1)
 279 C   0.99712 0.00000 0.00288 0.00000 ( 1)
 280 K   0.99607 0.00000 0.00393 0.00000 ( 1)
 281 L   0.99246 0.00000 0.00754 0.00000 ( 1)
 282 A   0.99429 0.00000 0.00571 0.00000 ( 1)
 283 K   0.99703 0.00000 0.00297 0.00000 ( 1)
 284 V   0.99483 0.00000 0.00517 0.00000 ( 1)
 285 A   0.99501 0.00000 0.00499 0.00000 ( 1)
 286 L   0.98521 0.00000 0.01479 0.00000 ( 1)
 287 M   0.99797 0.00000 0.00203 0.00000 ( 1)
 288 T   0.99478 0.00000 0.00522 0.00000 ( 1)
 289 I   0.99598 0.00000 0.00402 0.00000 ( 1)
 290 S   0.99622 0.00000 0.00378 0.00000 ( 1)
 291 L   0.98523 0.00000 0.01477 0.00000 ( 1)
 292 W   0.99577 0.00000 0.00423 0.00000 ( 1)
 293 F   0.99705 0.00000 0.00295 0.00000 ( 1)
 294 M   0.99797 0.00000 0.00203 0.00000 ( 1)
 295 A   0.99528 0.00000 0.00472 0.00000 ( 1)
 296 W   0.99577 0.00000 0.00423 0.00000 ( 1)
 297 T   0.99461 0.00000 0.00539 0.00000 ( 1)
 298 P   0.99595 0.00000 0.00405 0.00000 ( 1)
 299 Y   0.99681 0.00000 0.00319 0.00000 ( 1)
 300 L   0.99638 0.00000 0.00362 0.00000 ( 1)
 301 V   0.99520 0.00000 0.00480 0.00000 ( 1)
 302 I   0.99660 0.00000 0.00340 0.00000 ( 1)
 303 N   0.99746 0.00000 0.00254 0.00000 ( 1)
 304 F   0.99679 0.00000 0.00321 0.00000 ( 1)
 305 A   0.99577 0.00000 0.00423 0.00000 ( 1)
 306 G   0.99593 0.00000 0.00407 0.00000 ( 1)
 307 V   0.99499 0.00000 0.00501 0.00000 ( 1)
 308 F   0.99709 0.00000 0.00291 0.00000 ( 1)
 309 E   0.99699 0.00000 0.00301 0.00000 ( 1)
 310 T   0.99739 0.00000 0.00261 0.00000 ( 1)
 311 A   0.99494 0.00000 0.00506 0.00000 ( 1)
 312 P   0.99707 0.00000 0.00293 0.00000 ( 1)
 313 I   0.99659 0.00000 0.00341 0.00000 ( 1)
 314 S   0.99771 0.00000 0.00229 0.00000 ( 1)
 315 P   0.99632 0.00000 0.00368 0.00000 ( 1)
 316 L   0.99455 0.00000 0.00545 0.00000 ( 1)
 317 S   0.99580 0.00000 0.00420 0.00000 ( 1)
 318 T   0.99630 0.00000 0.00370 0.00000 ( 1)
 319 I   0.99642 0.00000 0.00358 0.00000 ( 1)
 320 W   0.99577 0.00000 0.00423 0.00000 ( 1)
 321 G   0.99675 0.00000 0.00325 0.00000 ( 1)
 322 S   0.99503 0.00000 0.00497 0.00000 ( 1)
 323 V   0.84175 0.00000 0.15825 0.00000 ( 1)
 324 F   0.99708 0.00000 0.00292 0.00000 ( 1)
 325 A   0.99562 0.00000 0.00438 0.00000 ( 1)
 326 K   0.99703 0.00000 0.00297 0.00000 ( 1)
 327 A   0.99584 0.00000 0.00416 0.00000 ( 1)
 328 N   0.99721 0.00000 0.00279 0.00000 ( 1)
 329 A   0.99424 0.00000 0.00576 0.00000 ( 1)
 330 V   0.99539 0.00000 0.00461 0.00000 ( 1)
 331 Y   0.99682 0.00000 0.00318 0.00000 ( 1)
 332 N   0.99655 0.00000 0.00345 0.00000 ( 1)
 333 P   0.99684 0.00000 0.00316 0.00000 ( 1)
 334 I   0.99617 0.00000 0.00383 0.00000 ( 1)
 335 V   0.99426 0.00000 0.00574 0.00000 ( 1)
 336 Y   0.99523 0.00000 0.00477 0.00000 ( 1)
 337 G   0.99710 0.00000 0.00290 0.00000 ( 1)
 338 I   0.99660 0.00000 0.00340 0.00000 ( 1)
 339 S   0.99752 0.00000 0.00248 0.00000 ( 1)
 340 H   0.99602 0.00000 0.00398 0.00000 ( 1)
 341 P   0.99399 0.00000 0.00601 0.00000 ( 1)
 342 K   0.99653 0.00000 0.00347 0.00000 ( 1)
 343 Y   0.99682 0.00000 0.00318 0.00000 ( 1)
 344 R   0.98952 0.00000 0.01048 0.00000 ( 1)
 345 A   0.98887 0.00000 0.01113 0.00000 ( 1)
 346 A   0.99551 0.00000 0.00449 0.00000 ( 1)
 347 L   0.99652 0.00000 0.00348 0.00000 ( 1)
 348 Y   0.99682 0.00000 0.00318 0.00000 ( 1)
 349 Q   0.07218 0.00000 0.92782 0.00000 ( 3)
 350 R   0.99485 0.00000 0.00515 0.00000 ( 1)
 351 F   0.99709 0.00000 0.00291 0.00000 ( 1)
 352 P   0.99622 0.00000 0.00378 0.00000 ( 1)
 353 S   0.99511 0.00000 0.00489 0.00000 ( 1)
 354 L   0.99381 0.00000 0.00619 0.00000 ( 1)
 355 A   0.71308 0.00000 0.28692 0.00000 ( 1)
 356 C   0.99579 0.00000 0.00421 0.00000 ( 1)
 357 Q   0.82185 0.00000 0.17815 0.00000 ( 1)
 358 P   0.80714 0.00031 0.19253 0.00001 ( 1)
 359 S   0.98721 0.00000 0.01279 0.00000 ( 1)
 360 P   0.70132 0.00000 0.29868 0.00000 ( 1)
 361 E   0.73564 0.00000 0.26436 0.00000 ( 1)
 362 E   0.99208 0.00000 0.00792 0.00000 ( 1)
 363 T   0.00000 0.96139 0.00000 0.03861 ( 2)
 364 G   0.99638 0.00000 0.00362 0.00000 ( 1)
 365 S   0.99526 0.00000 0.00474 0.00000 ( 1)
 366 V   0.99324 0.00000 0.00676 0.00000 ( 1)
 367 A   0.99568 0.00000 0.00432 0.00000 ( 1)
 368 S   0.99519 0.00000 0.00481 0.00000 ( 1)
 369 A   0.99381 0.00000 0.00619 0.00000 ( 1)
 370 A   0.90205 0.00000 0.09795 0.00000 ( 1)
 371 T   0.99465 0.00000 0.00535 0.00000 ( 1)
 372 A   0.79766 0.00000 0.20234 0.00000 ( 1)
 373 C   0.96666 0.00000 0.03334 0.00000 ( 1)
 374 T   0.80839 0.00000 0.19161 0.00000 ( 1)
 375 E   0.88582 0.00000 0.11418 0.00000 ( 1)
 376 E   0.99699 0.00000 0.00301 0.00000 ( 1)
 377 K   0.99601 0.00000 0.00399 0.00000 ( 1)
 378 P   0.99419 0.00000 0.00581 0.00000 ( 1)
 379 S   0.99418 0.00000 0.00582 0.00000 ( 1)
 380 A   0.99532 0.00000 0.00468 0.00000 ( 1)

