Supplemental results for CODEML (seqf: align.fa  treef: tree.nwk)


MLEs of dN/dS (w) for site classes (K=2)

p:   0.96191  0.03809
w:   0.04008  1.00000

Naive Empirical Bayes (NEB) probabilities for 2 classes & postmean_w
(amino acids refer to 1st sequence: ColCroc)

   1 M   1.00000 0.00000 ( 1)  0.040
   2 D   1.00000 0.00000 ( 1)  0.040
   3 R   0.00000 1.00000 ( 2)  1.000
   4 T   1.00000 0.00000 ( 1)  0.040
   5 E   1.00000 0.00000 ( 1)  0.040
   6 Y   0.00000 1.00000 ( 2)  1.000
   7 Y   0.86409 0.13591 ( 1)  0.171
   8 I   0.00000 1.00000 ( 2)  1.000
   9 Y   0.00019 0.99981 ( 2)  1.000
  10 G   1.00000 0.00000 ( 1)  0.040
  11 A   1.00000 0.00000 ( 1)  0.040
  12 Y   1.00000 0.00000 ( 1)  0.040
  13 F   1.00000 0.00000 ( 1)  0.040
  14 A   1.00000 0.00000 ( 1)  0.040
  15 P   1.00000 0.00000 ( 1)  0.040
  16 L   1.00000 0.00000 ( 1)  0.040
  17 R   1.00000 0.00000 ( 1)  0.040
  18 S   1.00000 0.00000 ( 1)  0.040
  19 G   0.00000 1.00000 ( 2)  1.000
  20 G   0.00000 1.00000 ( 2)  1.000
  21 E   1.00000 0.00000 ( 1)  0.040
  22 R   1.00000 0.00000 ( 1)  0.040
  23 M   1.00000 0.00000 ( 1)  0.040
  24 L   1.00000 0.00000 ( 1)  0.040
  25 G   1.00000 0.00000 ( 1)  0.040
  26 E   1.00000 0.00000 ( 1)  0.040
  27 G   1.00000 0.00000 ( 1)  0.040
  28 L   1.00000 0.00000 ( 1)  0.040
  29 T   1.00000 0.00000 ( 1)  0.040
  30 G   1.00000 0.00000 ( 1)  0.040
  31 E   1.00000 0.00000 ( 1)  0.040
  32 D   1.00000 0.00000 ( 1)  0.040
  33 L   1.00000 0.00000 ( 1)  0.040
  34 A   1.00000 0.00000 ( 1)  0.040
  35 M   1.00000 0.00000 ( 1)  0.040
  36 I   1.00000 0.00000 ( 1)  0.040
  37 P   1.00000 0.00000 ( 1)  0.040
  38 E   1.00000 0.00000 ( 1)  0.040
  39 H   1.00000 0.00000 ( 1)  0.040
  40 W   1.00000 0.00000 ( 1)  0.040
  41 F   1.00000 0.00000 ( 1)  0.040
  42 K   0.00004 0.99996 ( 2)  1.000
  43 Y   1.00000 0.00000 ( 1)  0.040
  44 P   1.00000 0.00000 ( 1)  0.040
  45 E   1.00000 0.00000 ( 1)  0.040
  46 P   1.00000 0.00000 ( 1)  0.040
  47 P   1.00000 0.00000 ( 1)  0.040
  48 A   1.00000 0.00000 ( 1)  0.040
  49 S   1.00000 0.00000 ( 1)  0.040
  50 A   1.00000 0.00000 ( 1)  0.040
  51 H   1.00000 0.00000 ( 1)  0.040
  52 T   1.00000 0.00000 ( 1)  0.040
  53 A   1.00000 0.00000 ( 1)  0.040
  54 L   1.00000 0.00000 ( 1)  0.040
  55 C   1.00000 0.00000 ( 1)  0.040
  56 L   1.00000 0.00000 ( 1)  0.040
  57 L   1.00000 0.00000 ( 1)  0.040
  58 Y   1.00000 0.00000 ( 1)  0.040
  59 C   0.99861 0.00139 ( 1)  0.041
  60 F   1.00000 0.00000 ( 1)  0.040
  61 F   1.00000 0.00000 ( 1)  0.040
  62 T   1.00000 0.00000 ( 1)  0.040
  63 A   1.00000 0.00000 ( 1)  0.040
  64 A   1.00000 0.00000 ( 1)  0.040
  65 A   1.00000 0.00000 ( 1)  0.040
  66 L   1.00000 0.00000 ( 1)  0.040
  67 I   1.00000 0.00000 ( 1)  0.040
  68 G   1.00000 0.00000 ( 1)  0.040
  69 N   1.00000 0.00000 ( 1)  0.040
  70 G   1.00000 0.00000 ( 1)  0.040
  71 M   1.00000 0.00000 ( 1)  0.040
  72 V   1.00000 0.00000 ( 1)  0.040
  73 I   1.00000 0.00000 ( 1)  0.040
  74 F   1.00000 0.00000 ( 1)  0.040
  75 I   1.00000 0.00000 ( 1)  0.040
  76 F   1.00000 0.00000 ( 1)  0.040
  77 A   1.00000 0.00000 ( 1)  0.040
  78 S   1.00000 0.00000 ( 1)  0.040
  79 T   1.00000 0.00000 ( 1)  0.040
  80 K   1.00000 0.00000 ( 1)  0.040
  81 S   1.00000 0.00000 ( 1)  0.040
  82 L   1.00000 0.00000 ( 1)  0.040
  83 R   1.00000 0.00000 ( 1)  0.040
  84 T   1.00000 0.00000 ( 1)  0.040
  85 A   1.00000 0.00000 ( 1)  0.040
  86 S   1.00000 0.00000 ( 1)  0.040
  87 N   1.00000 0.00000 ( 1)  0.040
  88 L   1.00000 0.00000 ( 1)  0.040
  89 L   1.00000 0.00000 ( 1)  0.040
  90 I   1.00000 0.00000 ( 1)  0.040
  91 L   1.00000 0.00000 ( 1)  0.040
  92 N   1.00000 0.00000 ( 1)  0.040
  93 L   1.00000 0.00000 ( 1)  0.040
  94 A   1.00000 0.00000 ( 1)  0.040
  95 I   1.00000 0.00000 ( 1)  0.040
  96 F   1.00000 0.00000 ( 1)  0.040
  97 D   1.00000 0.00000 ( 1)  0.040
  98 F   1.00000 0.00000 ( 1)  0.040
  99 I   1.00000 0.00000 ( 1)  0.040
 100 M   1.00000 0.00000 ( 1)  0.040
 101 M   1.00000 0.00000 ( 1)  0.040
 102 L   1.00000 0.00000 ( 1)  0.040
 103 K   1.00000 0.00000 ( 1)  0.040
 104 A   1.00000 0.00000 ( 1)  0.040
 105 P   1.00000 0.00000 ( 1)  0.040
 106 I   1.00000 0.00000 ( 1)  0.040
 107 F   1.00000 0.00000 ( 1)  0.040
 108 I   1.00000 0.00000 ( 1)  0.040
 109 Y   1.00000 0.00000 ( 1)  0.040
 110 N   1.00000 0.00000 ( 1)  0.040
 111 S   1.00000 0.00000 ( 1)  0.040
 112 A   1.00000 0.00000 ( 1)  0.040
 113 M   1.00000 0.00000 ( 1)  0.040
 114 R   1.00000 0.00000 ( 1)  0.040
 115 G   1.00000 0.00000 ( 1)  0.040
 116 F   1.00000 0.00000 ( 1)  0.040
 117 A   1.00000 0.00000 ( 1)  0.040
 118 A   0.00000 1.00000 ( 2)  1.000
 119 G   1.00000 0.00000 ( 1)  0.040
 120 A   1.00000 0.00000 ( 1)  0.040
 121 L   0.00000 1.00000 ( 2)  1.000
 122 W   1.00000 0.00000 ( 1)  0.040
 123 C   1.00000 0.00000 ( 1)  0.040
 124 K   1.00000 0.00000 ( 1)  0.040
 125 I   1.00000 0.00000 ( 1)  0.040
 126 F   1.00000 0.00000 ( 1)  0.040
 127 A   1.00000 0.00000 ( 1)  0.040
 128 V   1.00000 0.00000 ( 1)  0.040
 129 M   1.00000 0.00000 ( 1)  0.040
 130 G   1.00000 0.00000 ( 1)  0.040
 131 S   1.00000 0.00000 ( 1)  0.040
 132 Y   1.00000 0.00000 ( 1)  0.040
 133 S   1.00000 0.00000 ( 1)  0.040
 134 G   1.00000 0.00000 ( 1)  0.040
 135 I   1.00000 0.00000 ( 1)  0.040
 136 G   1.00000 0.00000 ( 1)  0.040
 137 A   1.00000 0.00000 ( 1)  0.040
 138 A   1.00000 0.00000 ( 1)  0.040
 139 M   1.00000 0.00000 ( 1)  0.040
 140 T   1.00000 0.00000 ( 1)  0.040
 141 N   1.00000 0.00000 ( 1)  0.040
 142 A   1.00000 0.00000 ( 1)  0.040
 143 C   1.00000 0.00000 ( 1)  0.040
 144 I   1.00000 0.00000 ( 1)  0.040
 145 A   1.00000 0.00000 ( 1)  0.040
 146 Y   1.00000 0.00000 ( 1)  0.040
 147 D   1.00000 0.00000 ( 1)  0.040
 148 R   1.00000 0.00000 ( 1)  0.040
 149 H   1.00000 0.00000 ( 1)  0.040
 150 S   1.00000 0.00000 ( 1)  0.040
 151 T   1.00000 0.00000 ( 1)  0.040
 152 I   1.00000 0.00000 ( 1)  0.040
 153 T   1.00000 0.00000 ( 1)  0.040
 154 R   1.00000 0.00000 ( 1)  0.040
 155 P   1.00000 0.00000 ( 1)  0.040
 156 L   1.00000 0.00000 ( 1)  0.040
 157 D   1.00000 0.00000 ( 1)  0.040
 158 G   1.00000 0.00000 ( 1)  0.040
 159 R   1.00000 0.00000 ( 1)  0.040
 160 L   1.00000 0.00000 ( 1)  0.040
 161 S   1.00000 0.00000 ( 1)  0.040
 162 R   1.00000 0.00000 ( 1)  0.040
 163 G   1.00000 0.00000 ( 1)  0.040
 164 K   1.00000 0.00000 ( 1)  0.040
 165 V   1.00000 0.00000 ( 1)  0.040
 166 L   1.00000 0.00000 ( 1)  0.040
 167 L   1.00000 0.00000 ( 1)  0.040
 168 M   1.00000 0.00000 ( 1)  0.040
 169 I   1.00000 0.00000 ( 1)  0.040
 170 I   1.00000 0.00000 ( 1)  0.040
 171 C   1.00000 0.00000 ( 1)  0.040
 172 I   1.00000 0.00000 ( 1)  0.040
 173 W   1.00000 0.00000 ( 1)  0.040
 174 I   1.00000 0.00000 ( 1)  0.040
 175 Y   1.00000 0.00000 ( 1)  0.040
 176 T   1.00000 0.00000 ( 1)  0.040
 177 T   1.00000 0.00000 ( 1)  0.040
 178 P   1.00000 0.00000 ( 1)  0.040
 179 W   1.00000 0.00000 ( 1)  0.040
 180 S   1.00000 0.00000 ( 1)  0.040
 181 L   1.00000 0.00000 ( 1)  0.040
 182 M   1.00000 0.00000 ( 1)  0.040
 183 P   1.00000 0.00000 ( 1)  0.040
 184 L   1.00000 0.00000 ( 1)  0.040
 185 F   1.00000 0.00000 ( 1)  0.040
 186 R   1.00000 0.00000 ( 1)  0.040
 187 V   1.00000 0.00000 ( 1)  0.040
 188 W   1.00000 0.00000 ( 1)  0.040
 189 G   1.00000 0.00000 ( 1)  0.040
 190 R   1.00000 0.00000 ( 1)  0.040
 191 F   1.00000 0.00000 ( 1)  0.040
 192 V   1.00000 0.00000 ( 1)  0.040
 193 P   1.00000 0.00000 ( 1)  0.040
 194 E   1.00000 0.00000 ( 1)  0.040
 195 G   1.00000 0.00000 ( 1)  0.040
 196 Y   1.00000 0.00000 ( 1)  0.040
 197 L   1.00000 0.00000 ( 1)  0.040
 198 T   1.00000 0.00000 ( 1)  0.040
 199 S   1.00000 0.00000 ( 1)  0.040
 200 C   1.00000 0.00000 ( 1)  0.040
 201 T   1.00000 0.00000 ( 1)  0.040
 202 F   1.00000 0.00000 ( 1)  0.040
 203 D   1.00000 0.00000 ( 1)  0.040
 204 Y   1.00000 0.00000 ( 1)  0.040
 205 L   1.00000 0.00000 ( 1)  0.040
 206 T   1.00000 0.00000 ( 1)  0.040
 207 N   1.00000 0.00000 ( 1)  0.040
 208 S   1.00000 0.00000 ( 1)  0.040
 209 F   1.00000 0.00000 ( 1)  0.040
 210 D   1.00000 0.00000 ( 1)  0.040
 211 N   1.00000 0.00000 ( 1)  0.040
 212 K   1.00000 0.00000 ( 1)  0.040
 213 L   1.00000 0.00000 ( 1)  0.040
 214 F   1.00000 0.00000 ( 1)  0.040
 215 V   1.00000 0.00000 ( 1)  0.040
 216 G   1.00000 0.00000 ( 1)  0.040
 217 C   1.00000 0.00000 ( 1)  0.040
 218 I   1.00000 0.00000 ( 1)  0.040
 219 F   1.00000 0.00000 ( 1)  0.040
 220 T   0.00000 1.00000 ( 2)  1.000
 221 C   1.00000 0.00000 ( 1)  0.040
 222 S   1.00000 0.00000 ( 1)  0.040
 223 Y   1.00000 0.00000 ( 1)  0.040
 224 V   1.00000 0.00000 ( 1)  0.040
 225 F   1.00000 0.00000 ( 1)  0.040
 226 P   1.00000 0.00000 ( 1)  0.040
 227 M   1.00000 0.00000 ( 1)  0.040
 228 L   1.00000 0.00000 ( 1)  0.040
 229 C   1.00000 0.00000 ( 1)  0.040
 230 I   1.00000 0.00000 ( 1)  0.040
 231 I   1.00000 0.00000 ( 1)  0.040
 232 Y   1.00000 0.00000 ( 1)  0.040
 233 F   1.00000 0.00000 ( 1)  0.040
 234 Y   1.00000 0.00000 ( 1)  0.040
 235 S   1.00000 0.00000 ( 1)  0.040
 236 G   1.00000 0.00000 ( 1)  0.040
 237 I   1.00000 0.00000 ( 1)  0.040
 238 V   1.00000 0.00000 ( 1)  0.040
 239 K   1.00000 0.00000 ( 1)  0.040
 240 Q   1.00000 0.00000 ( 1)  0.040
 241 V   1.00000 0.00000 ( 1)  0.040
 242 F   1.00000 0.00000 ( 1)  0.040
 243 A   1.00000 0.00000 ( 1)  0.040
 244 H   1.00000 0.00000 ( 1)  0.040
 245 E   1.00000 0.00000 ( 1)  0.040
 246 A   1.00000 0.00000 ( 1)  0.040
 247 A   1.00000 0.00000 ( 1)  0.040
 248 L   1.00000 0.00000 ( 1)  0.040
 249 R   1.00000 0.00000 ( 1)  0.040
 250 E   1.00000 0.00000 ( 1)  0.040
 251 Q   1.00000 0.00000 ( 1)  0.040
 252 A   1.00000 0.00000 ( 1)  0.040
 253 K   1.00000 0.00000 ( 1)  0.040
 254 K   1.00000 0.00000 ( 1)  0.040
 255 M   1.00000 0.00000 ( 1)  0.040
 256 N   1.00000 0.00000 ( 1)  0.040
 257 V   1.00000 0.00000 ( 1)  0.040
 258 E   1.00000 0.00000 ( 1)  0.040
 259 S   1.00000 0.00000 ( 1)  0.040
 260 L   1.00000 0.00000 ( 1)  0.040
 261 R   1.00000 0.00000 ( 1)  0.040
 262 S   1.00000 0.00000 ( 1)  0.040
 263 N   1.00000 0.00000 ( 1)  0.040
 264 Q   1.00000 0.00000 ( 1)  0.040
 265 N   1.00000 0.00000 ( 1)  0.040
 266 A   1.00000 0.00000 ( 1)  0.040
 267 G   0.00547 0.99453 ( 2)  0.995
 268 A   1.00000 0.00000 ( 1)  0.040
 269 E   1.00000 0.00000 ( 1)  0.040
 270 S   1.00000 0.00000 ( 1)  0.040
 271 A   1.00000 0.00000 ( 1)  0.040
 272 E   1.00000 0.00000 ( 1)  0.040
 273 I   1.00000 0.00000 ( 1)  0.040
 274 R   1.00000 0.00000 ( 1)  0.040
 275 I   1.00000 0.00000 ( 1)  0.040
 276 A   1.00000 0.00000 ( 1)  0.040
 277 K   1.00000 0.00000 ( 1)  0.040
 278 A   1.00000 0.00000 ( 1)  0.040
 279 A   1.00000 0.00000 ( 1)  0.040
 280 L   1.00000 0.00000 ( 1)  0.040
 281 T   1.00000 0.00000 ( 1)  0.040
 282 V   1.00000 0.00000 ( 1)  0.040
 283 C   1.00000 0.00000 ( 1)  0.040
 284 F   1.00000 0.00000 ( 1)  0.040
 285 L   1.00000 0.00000 ( 1)  0.040
 286 F   1.00000 0.00000 ( 1)  0.040
 287 V   1.00000 0.00000 ( 1)  0.040
 288 A   1.00000 0.00000 ( 1)  0.040
 289 S   1.00000 0.00000 ( 1)  0.040
 290 W   1.00000 0.00000 ( 1)  0.040
 291 T   1.00000 0.00000 ( 1)  0.040
 292 P   1.00000 0.00000 ( 1)  0.040
 293 Y   1.00000 0.00000 ( 1)  0.040
 294 G   1.00000 0.00000 ( 1)  0.040
 295 V   1.00000 0.00000 ( 1)  0.040
 296 M   1.00000 0.00000 ( 1)  0.040
 297 S   1.00000 0.00000 ( 1)  0.040
 298 L   1.00000 0.00000 ( 1)  0.040
 299 I   1.00000 0.00000 ( 1)  0.040
 300 G   1.00000 0.00000 ( 1)  0.040
 301 A   1.00000 0.00000 ( 1)  0.040
 302 F   1.00000 0.00000 ( 1)  0.040
 303 G   1.00000 0.00000 ( 1)  0.040
 304 D   1.00000 0.00000 ( 1)  0.040
 305 Q   1.00000 0.00000 ( 1)  0.040
 306 E   0.99995 0.00005 ( 1)  0.040
 307 L   1.00000 0.00000 ( 1)  0.040
 308 L   1.00000 0.00000 ( 1)  0.040
 309 T   1.00000 0.00000 ( 1)  0.040
 310 P   1.00000 0.00000 ( 1)  0.040
 311 G   1.00000 0.00000 ( 1)  0.040
 312 V   1.00000 0.00000 ( 1)  0.040
 313 T   1.00000 0.00000 ( 1)  0.040
 314 M   1.00000 0.00000 ( 1)  0.040
 315 I   1.00000 0.00000 ( 1)  0.040
 316 P   1.00000 0.00000 ( 1)  0.040
 317 A   1.00000 0.00000 ( 1)  0.040
 318 I   1.00000 0.00000 ( 1)  0.040
 319 T   1.00000 0.00000 ( 1)  0.040
 320 C   1.00000 0.00000 ( 1)  0.040
 321 K   1.00000 0.00000 ( 1)  0.040
 322 A   1.00000 0.00000 ( 1)  0.040
 323 V   1.00000 0.00000 ( 1)  0.040
 324 A   1.00000 0.00000 ( 1)  0.040
 325 C   1.00000 0.00000 ( 1)  0.040
 326 I   1.00000 0.00000 ( 1)  0.040
 327 D   1.00000 0.00000 ( 1)  0.040
 328 P   1.00000 0.00000 ( 1)  0.040
 329 W   1.00000 0.00000 ( 1)  0.040
 330 V   1.00000 0.00000 ( 1)  0.040
 331 Y   1.00000 0.00000 ( 1)  0.040
 332 A   1.00000 0.00000 ( 1)  0.040
 333 I   1.00000 0.00000 ( 1)  0.040
 334 S   1.00000 0.00000 ( 1)  0.040
 335 H   1.00000 0.00000 ( 1)  0.040
 336 P   1.00000 0.00000 ( 1)  0.040
 337 K   1.00000 0.00000 ( 1)  0.040
 338 Y   1.00000 0.00000 ( 1)  0.040
 339 R   1.00000 0.00000 ( 1)  0.040
 340 Q   1.00000 0.00000 ( 1)  0.040
 341 E   1.00000 0.00000 ( 1)  0.040
 342 L   1.00000 0.00000 ( 1)  0.040
 343 Q   1.00000 0.00000 ( 1)  0.040
 344 R   1.00000 0.00000 ( 1)  0.040
 345 R   1.00000 0.00000 ( 1)  0.040
 346 M   1.00000 0.00000 ( 1)  0.040
 347 P   1.00000 0.00000 ( 1)  0.040
 348 W   1.00000 0.00000 ( 1)  0.040
 349 L   1.00000 0.00000 ( 1)  0.040
 350 Q   1.00000 0.00000 ( 1)  0.040
 351 I   1.00000 0.00000 ( 1)  0.040
 352 S   1.00000 0.00000 ( 1)  0.040
 353 E   1.00000 0.00000 ( 1)  0.040
 354 P   1.00000 0.00000 ( 1)  0.040
 355 D   1.00000 0.00000 ( 1)  0.040
 356 D   1.00000 0.00000 ( 1)  0.040
 357 N   1.00000 0.00000 ( 1)  0.040
 358 T   0.00000 1.00000 ( 2)  1.000
 359 S   1.00000 0.00000 ( 1)  0.040
 360 N   1.00000 0.00000 ( 1)  0.040
 361 T   1.00000 0.00000 ( 1)  0.040
 362 S   1.00000 0.00000 ( 1)  0.040
 363 N   1.00000 0.00000 ( 1)  0.040
 364 T   1.00000 0.00000 ( 1)  0.040
 365 T   1.00000 0.00000 ( 1)  0.040
 366 T   1.00000 0.00000 ( 1)  0.040
 367 N   1.00000 0.00000 ( 1)  0.040
 368 S   0.00000 1.00000 ( 2)  1.000
 369 A   0.00000 1.00000 ( 2)  1.000
 370 A   1.00000 0.00000 ( 1)  0.040
 371 P   1.00000 0.00000 ( 1)  0.040


lnL = -75817.968012

