Supplemental results for CODEML (seqf: align.fa  treef: tree.nwk)


MLEs of dN/dS (w) for site classes (K=3)

p:   0.71847  0.28153  0.00000
w:   0.00886  0.15667 105.25217
(note that p[2] is zero)


Naive Empirical Bayes (NEB) probabilities for 3 classes & postmean_w & P(w>1)
(amino acids refer to 1st sequence: ColCroc|LWS3)

   1 M   1.00000 0.00000 0.00000 ( 1)  0.009
   2 A   0.00000 1.00000 0.00000 ( 2)  0.157  0.000
   3 T   0.00000 1.00000 0.00000 ( 2)  0.157  0.000
   4 S   0.00000 1.00000 0.00000 ( 2)  0.157  0.000
   5 M   0.00000 1.00000 0.00000 ( 2)  0.157  0.000
   6 D   1.00000 0.00000 0.00000 ( 1)  0.009  0.000
   7 P   0.00000 1.00000 0.00000 ( 2)  0.157  0.000
   8 A   0.99960 0.00040 0.00000 ( 1)  0.009  0.000
   9 P   0.99998 0.00002 0.00000 ( 1)  0.009
  10 G   1.00000 0.00000 0.00000 ( 1)  0.009  0.000
  11 V   0.00000 1.00000 0.00000 ( 2)  0.157  0.000
  12 A   1.00000 0.00000 0.00000 ( 1)  0.009  0.000
  13 A   1.00000 0.00000 0.00000 ( 1)  0.009  0.000
  14 M   0.00000 1.00000 0.00000 ( 2)  0.157  0.000
  15 Q   0.07361 0.92639 0.00000 ( 2)  0.146
  16 T   0.00000 1.00000 0.00000 ( 2)  0.157  0.000
  17 W   0.99242 0.00758 0.00000 ( 1)  0.010
  18 G   0.99985 0.00015 0.00000 ( 1)  0.009  0.000
  19 G   0.00011 0.99989 0.00000 ( 2)  0.157  0.000
  20 H   0.00000 1.00000 0.00000 ( 2)  0.157
  21 A   0.00000 1.00000 0.00000 ( 2)  0.157  0.000
  22 E   0.00001 0.99999 0.00000 ( 2)  0.157  0.000
  23 A   1.00000 0.00000 0.00000 ( 1)  0.009  0.000
  24 Y   0.00000 1.00000 0.00000 ( 2)  0.157  0.000
  25 S   0.99934 0.00066 0.00000 ( 1)  0.009  0.000
  26 A   0.00000 1.00000 0.00000 ( 2)  0.157  0.000
  27 N   1.00000 0.00000 0.00000 ( 1)  0.009  0.000
  28 Q   0.00000 1.00000 0.00000 ( 2)  0.157
  29 T   1.00000 0.00000 0.00000 ( 1)  0.009  0.000
  30 V   1.00000 0.00000 0.00000 ( 1)  0.009  0.000
  31 V   1.00000 0.00000 0.00000 ( 1)  0.009  0.000
  32 D   1.00000 0.00000 0.00000 ( 1)  0.009  0.000
  33 K   0.62726 0.37274 0.00000 ( 1)  0.064
  34 V   1.00000 0.00000 0.00000 ( 1)  0.009  0.000
  35 L   0.00000 1.00000 0.00000 ( 2)  0.157  0.000
  36 P   0.99546 0.00454 0.00000 ( 1)  0.010  0.000
  37 E   0.00000 1.00000 0.00000 ( 2)  0.157  0.000
  38 M   0.00013 0.99987 0.00000 ( 2)  0.157  0.000
  39 L   0.00000 1.00000 0.00000 ( 2)  0.157  0.000
  40 H   1.00000 0.00000 0.00000 ( 1)  0.009
  41 L   0.93590 0.06410 0.00000 ( 1)  0.018  0.000
  42 I   0.00000 1.00000 0.00000 ( 2)  0.157  0.000
  43 D   1.00000 0.00000 0.00000 ( 1)  0.009  0.000
  44 A   0.97366 0.02634 0.00000 ( 1)  0.013  0.000
  45 H   0.00000 1.00000 0.00000 ( 2)  0.157  0.000
  46 W   1.00000 0.00000 0.00000 ( 1)  0.009
  47 Y   1.00000 0.00000 0.00000 ( 1)  0.009
  48 Q   1.00000 0.00000 0.00000 ( 1)  0.009
  49 F   1.00000 0.00000 0.00000 ( 1)  0.009  0.000
  50 P   1.00000 0.00000 0.00000 ( 1)  0.009
  51 P   1.00000 0.00000 0.00000 ( 1)  0.009  0.000
  52 M   1.00000 0.00000 0.00000 ( 1)  0.009
  53 N   1.00000 0.00000 0.00000 ( 1)  0.009  0.000
  54 P   1.00000 0.00000 0.00000 ( 1)  0.009
  55 L   0.99792 0.00208 0.00000 ( 1)  0.009  0.000
  56 W   1.00000 0.00000 0.00000 ( 1)  0.009
  57 Y   1.00000 0.00000 0.00000 ( 1)  0.009
  58 G   0.00000 1.00000 0.00000 ( 2)  0.157  0.000
  59 L   0.99685 0.00315 0.00000 ( 1)  0.009  0.000
  60 L   1.00000 0.00000 0.00000 ( 1)  0.009  0.000
  61 G   1.00000 0.00000 0.00000 ( 1)  0.009
  62 F   1.00000 0.00000 0.00000 ( 1)  0.009  0.000
  63 T   0.00000 1.00000 0.00000 ( 2)  0.157  0.000
  64 I   0.99974 0.00026 0.00000 ( 1)  0.009  0.000
  65 C   0.00000 1.00000 0.00000 ( 2)  0.157  0.000
  66 I   0.00000 1.00000 0.00000 ( 2)  0.157  0.000
  67 L   1.00000 0.00000 0.00000 ( 1)  0.009  0.000
  68 A   0.99963 0.00037 0.00000 ( 1)  0.009  0.000
  69 F   1.00000 0.00000 0.00000 ( 1)  0.009  0.000
  70 I   0.00000 1.00000 0.00000 ( 2)  0.157  0.000
  71 S   1.00000 0.00000 0.00000 ( 1)  0.009  0.000
  72 V   0.00000 1.00000 0.00000 ( 2)  0.157  0.000
  73 T   0.00000 1.00000 0.00000 ( 2)  0.157  0.000
  74 G   1.00000 0.00000 0.00000 ( 1)  0.009
  75 N   1.00000 0.00000 0.00000 ( 1)  0.009  0.000
  76 G   0.99988 0.00012 0.00000 ( 1)  0.009
  77 M   1.00000 0.00000 0.00000 ( 1)  0.009
  78 V   1.00000 0.00000 0.00000 ( 1)  0.009  0.000
  79 I   0.00000 1.00000 0.00000 ( 2)  0.157  0.000
  80 Y   0.99742 0.00258 0.00000 ( 1)  0.009  0.000
  81 I   1.00000 0.00000 0.00000 ( 1)  0.009  0.000
  82 F   1.00000 0.00000 0.00000 ( 1)  0.009  0.000
  83 S   0.00000 1.00000 0.00000 ( 2)  0.157  0.000
  84 T   0.00000 1.00000 0.00000 ( 2)  0.157  0.000
  85 T   1.00000 0.00000 0.00000 ( 1)  0.009  0.000
  86 K   1.00000 0.00000 0.00000 ( 1)  0.009
  87 S   0.00000 1.00000 0.00000 ( 2)  0.157  0.000
  88 L   1.00000 0.00000 0.00000 ( 1)  0.009  0.000
  89 K   1.00000 0.00000 0.00000 ( 1)  0.009
  90 T   1.00000 0.00000 0.00000 ( 1)  0.009  0.000
  91 P   1.00000 0.00000 0.00000 ( 1)  0.009
  92 S   1.00000 0.00000 0.00000 ( 1)  0.009  0.000
  93 N   1.00000 0.00000 0.00000 ( 1)  0.009
  94 L   1.00000 0.00000 0.00000 ( 1)  0.009  0.000
  95 L   1.00000 0.00000 0.00000 ( 1)  0.009  0.000
  96 V   1.00000 0.00000 0.00000 ( 1)  0.009  0.000
  97 V   0.99968 0.00032 0.00000 ( 1)  0.009  0.000
  98 N   1.00000 0.00000 0.00000 ( 1)  0.009
  99 L   1.00000 0.00000 0.00000 ( 1)  0.009  0.000
 100 A   1.00000 0.00000 0.00000 ( 1)  0.009  0.000
 101 F   1.00000 0.00000 0.00000 ( 1)  0.009  0.000
 102 S   1.00000 0.00000 0.00000 ( 1)  0.009  0.000
 103 D   1.00000 0.00000 0.00000 ( 1)  0.009  0.000
 104 F   1.00000 0.00000 0.00000 ( 1)  0.009  0.000
 105 L   0.00313 0.99687 0.00000 ( 2)  0.156  0.000
 106 M   1.00000 0.00000 0.00000 ( 1)  0.009
 107 M   1.00000 0.00000 0.00000 ( 1)  0.009
 108 A   0.00000 1.00000 0.00000 ( 2)  0.157  0.000
 109 M   0.00000 1.00000 0.00000 ( 2)  0.157  0.000
 110 M   1.00000 0.00000 0.00000 ( 1)  0.009
 111 A   0.00000 1.00000 0.00000 ( 2)  0.157  0.000
 112 P   0.00005 0.99995 0.00000 ( 2)  0.157  0.000
 113 P   0.00000 1.00000 0.00000 ( 2)  0.157  0.000
 114 L   1.00000 0.00000 0.00000 ( 1)  0.009
 115 C   0.75939 0.24061 0.00000 ( 1)  0.044  0.000
 116 I   0.00000 1.00000 0.00000 ( 2)  0.157  0.000
 117 N   0.99943 0.00057 0.00000 ( 1)  0.009  0.000
 118 S   0.99795 0.00205 0.00000 ( 1)  0.009
 119 Y   0.99916 0.00084 0.00000 ( 1)  0.009  0.000
 120 Y   0.00000 1.00000 0.00000 ( 2)  0.157  0.000
 121 Q   1.00000 0.00000 0.00000 ( 1)  0.009
 122 T   1.00000 0.00000 0.00000 ( 1)  0.009  0.000
 123 W   1.00000 0.00000 0.00000 ( 1)  0.009
 124 V   0.00000 1.00000 0.00000 ( 2)  0.157  0.000
 125 F   0.00014 0.99986 0.00000 ( 2)  0.157  0.000
 126 G   1.00000 0.00000 0.00000 ( 1)  0.009
 127 P   0.00000 1.00000 0.00000 ( 2)  0.157  0.000
 128 V   0.00000 1.00000 0.00000 ( 2)  0.157  0.000
 129 A   1.00000 0.00000 0.00000 ( 1)  0.009  0.000
 130 C   1.00000 0.00000 0.00000 ( 1)  0.009
 131 Q   0.99944 0.00056 0.00000 ( 1)  0.009
 132 F   0.00000 1.00000 0.00000 ( 2)  0.157  0.000
 133 Y   1.00000 0.00000 0.00000 ( 1)  0.009
 134 A   0.99998 0.00002 0.00000 ( 1)  0.009  0.000
 135 C   1.00000 0.00000 0.00000 ( 1)  0.009
 136 F   0.00000 1.00000 0.00000 ( 2)  0.157  0.000
 137 G   1.00000 0.00000 0.00000 ( 1)  0.009  0.000
 138 S   1.00000 0.00000 0.00000 ( 1)  0.009  0.000
 139 L   0.99999 0.00001 0.00000 ( 1)  0.009  0.000
 140 F   0.99999 0.00001 0.00000 ( 1)  0.009  0.000
 141 G   1.00000 0.00000 0.00000 ( 1)  0.009  0.000
 142 C   0.99999 0.00001 0.00000 ( 1)  0.009
 143 V   0.00000 1.00000 0.00000 ( 2)  0.157  0.000
 144 S   1.00000 0.00000 0.00000 ( 1)  0.009  0.000
 145 I   1.00000 0.00000 0.00000 ( 1)  0.009  0.000
 146 W   1.00000 0.00000 0.00000 ( 1)  0.009
 147 T   0.06081 0.93919 0.00000 ( 2)  0.148  0.000
 148 M   1.00000 0.00000 0.00000 ( 1)  0.009
 149 T   1.00000 0.00000 0.00000 ( 1)  0.009  0.000
 150 A   0.99996 0.00004 0.00000 ( 1)  0.009  0.000
 151 I   1.00000 0.00000 0.00000 ( 1)  0.009  0.000
 152 A   1.00000 0.00000 0.00000 ( 1)  0.009  0.000
 153 F   1.00000 0.00000 0.00000 ( 1)  0.009  0.000
 154 D   1.00000 0.00000 0.00000 ( 1)  0.009  0.000
 155 R   1.00000 0.00000 0.00000 ( 1)  0.009
 156 Y   1.00000 0.00000 0.00000 ( 1)  0.009
 157 N   1.00000 0.00000 0.00000 ( 1)  0.009
 158 V   1.00000 0.00000 0.00000 ( 1)  0.009  0.000
 159 I   1.00000 0.00000 0.00000 ( 1)  0.009  0.000
 160 V   1.00000 0.00000 0.00000 ( 1)  0.009  0.000
 161 K   1.00000 0.00000 0.00000 ( 1)  0.009
 162 G   1.00000 0.00000 0.00000 ( 1)  0.009
 163 I   1.00000 0.00000 0.00000 ( 1)  0.009  0.000
 164 A   1.00000 0.00000 0.00000 ( 1)  0.009  0.000
 165 A   1.00000 0.00000 0.00000 ( 1)  0.009  0.000
 166 K   1.00000 0.00000 0.00000 ( 1)  0.009
 167 P   1.00000 0.00000 0.00000 ( 1)  0.009  0.000
 168 L   0.99985 0.00015 0.00000 ( 1)  0.009  0.000
 169 T   0.00000 1.00000 0.00000 ( 2)  0.157  0.000
 170 V   0.00000 1.00000 0.00000 ( 2)  0.157  0.000
 171 N   0.98226 0.01774 0.00000 ( 1)  0.011  0.000
 172 G   1.00000 0.00000 0.00000 ( 1)  0.009
 173 A   1.00000 0.00000 0.00000 ( 1)  0.009  0.000
 174 L   0.55956 0.44044 0.00000 ( 1)  0.074  0.000
 175 L   0.00001 0.99999 0.00000 ( 2)  0.157  0.000
 176 Q   0.99998 0.00002 0.00000 ( 1)  0.009
 177 I   1.00000 0.00000 0.00000 ( 1)  0.009  0.000
 178 F   0.00000 1.00000 0.00000 ( 2)  0.157  0.000
 179 G   0.09488 0.90512 0.00000 ( 2)  0.143  0.000
 180 V   0.99999 0.00001 0.00000 ( 1)  0.009  0.000
 181 W   1.00000 0.00000 0.00000 ( 1)  0.009
 182 A   0.00000 1.00000 0.00000 ( 2)  0.157  0.000
 183 F   1.00000 0.00000 0.00000 ( 1)  0.009  0.000
 184 S   0.00000 1.00000 0.00000 ( 2)  0.157  0.000
 185 L   0.00000 1.00000 0.00000 ( 2)  0.157  0.000
 186 A   0.00000 1.00000 0.00000 ( 2)  0.157  0.000
 187 W   1.00000 0.00000 0.00000 ( 1)  0.009
 188 T   1.00000 0.00000 0.00000 ( 1)  0.009  0.000
 189 L   0.00000 1.00000 0.00000 ( 2)  0.157  0.000
 190 A   1.00000 0.00000 0.00000 ( 1)  0.009  0.000
 191 P   1.00000 0.00000 0.00000 ( 1)  0.009  0.000
 192 I   0.00000 1.00000 0.00000 ( 2)  0.157  0.000
 193 F   1.00000 0.00000 0.00000 ( 1)  0.009  0.000
 194 G   1.00000 0.00000 0.00000 ( 1)  0.009
 195 W   1.00000 0.00000 0.00000 ( 1)  0.009
 196 S   1.00000 0.00000 0.00000 ( 1)  0.009  0.000
 197 R   0.95358 0.04642 0.00000 ( 1)  0.016  0.000
 198 Y   1.00000 0.00000 0.00000 ( 1)  0.009
 199 V   1.00000 0.00000 0.00000 ( 1)  0.009  0.000
 200 P   1.00000 0.00000 0.00000 ( 1)  0.009  0.000
 201 E   1.00000 0.00000 0.00000 ( 1)  0.009
 202 G   1.00000 0.00000 0.00000 ( 1)  0.009
 203 N   1.00000 0.00000 0.00000 ( 1)  0.009
 204 M   1.00000 0.00000 0.00000 ( 1)  0.009
 205 T   1.00000 0.00000 0.00000 ( 1)  0.009  0.000
 206 A   1.00000 0.00000 0.00000 ( 1)  0.009  0.000
 207 C   1.00000 0.00000 0.00000 ( 1)  0.009
 208 G   1.00000 0.00000 0.00000 ( 1)  0.009
 209 T   1.00000 0.00000 0.00000 ( 1)  0.009  0.000
 210 D   1.00000 0.00000 0.00000 ( 1)  0.009  0.000
 211 Y   1.00000 0.00000 0.00000 ( 1)  0.009
 212 L   0.99979 0.00021 0.00000 ( 1)  0.009  0.000
 213 S   0.00000 1.00000 0.00000 ( 2)  0.157  0.000
 214 K   1.00000 0.00000 0.00000 ( 1)  0.009
 215 D   0.00000 1.00000 0.00000 ( 2)  0.157  0.000
 216 L   0.01891 0.98109 0.00000 ( 2)  0.154
 217 L   0.00000 1.00000 0.00000 ( 2)  0.157  0.000
 218 S   1.00000 0.00000 0.00000 ( 1)  0.009
 219 Q   0.75676 0.24324 0.00000 ( 1)  0.045
 220 I   1.00000 0.00000 0.00000 ( 1)  0.009
 221 Y   1.00000 0.00000 0.00000 ( 1)  0.009
 222 I   1.00000 0.00000 0.00000 ( 1)  0.009  0.000
 223 I   0.01849 0.98151 0.00000 ( 2)  0.154  0.000
 224 T   0.00000 1.00000 0.00000 ( 2)  0.157  0.000
 225 Y   1.00000 0.00000 0.00000 ( 1)  0.009
 226 S   0.88491 0.11509 0.00000 ( 1)  0.026  0.000
 227 I   0.00000 1.00000 0.00000 ( 2)  0.157  0.000
 228 A   0.98182 0.01818 0.00000 ( 1)  0.012  0.000
 229 C   0.00000 1.00000 0.00000 ( 2)  0.157  0.000
 230 Y   1.00000 0.00000 0.00000 ( 1)  0.009
 231 F   0.99995 0.00005 0.00000 ( 1)  0.009  0.000
 232 L   0.00000 1.00000 0.00000 ( 2)  0.157  0.000
 233 P   1.00000 0.00000 0.00000 ( 1)  0.009  0.000
 234 L   1.00000 0.00000 0.00000 ( 1)  0.009  0.000
 235 A   0.00000 1.00000 0.00000 ( 2)  0.157  0.000
 236 L   1.00000 0.00000 0.00000 ( 1)  0.009  0.000
 237 I   1.00000 0.00000 0.00000 ( 1)  0.009  0.000
 238 V   1.00000 0.00000 0.00000 ( 1)  0.009  0.000
 239 Y   1.00000 0.00000 0.00000 ( 1)  0.009
 240 S   1.00000 0.00000 0.00000 ( 1)  0.009  0.000
 241 Y   1.00000 0.00000 0.00000 ( 1)  0.009
 242 F   0.00547 0.99453 0.00000 ( 2)  0.156  0.000
 243 F   1.00000 0.00000 0.00000 ( 1)  0.009  0.000
 244 I   1.00000 0.00000 0.00000 ( 1)  0.009  0.000
 245 V   0.31013 0.68987 0.00000 ( 2)  0.111  0.000
 246 Q   0.99918 0.00082 0.00000 ( 1)  0.009
 247 A   1.00000 0.00000 0.00000 ( 1)  0.009  0.000
 248 V   1.00000 0.00000 0.00000 ( 1)  0.009  0.000
 249 A   0.00000 1.00000 0.00000 ( 2)  0.157  0.000
 250 A   1.00000 0.00000 0.00000 ( 1)  0.009  0.000
 251 H   1.00000 0.00000 0.00000 ( 1)  0.009
 252 E   1.00000 0.00000 0.00000 ( 1)  0.009
 253 K   0.00000 1.00000 0.00000 ( 2)  0.157  0.000
 254 A   0.00000 1.00000 0.00000 ( 2)  0.157  0.000
 255 M   1.00000 0.00000 0.00000 ( 1)  0.009
 256 R   1.00000 0.00000 0.00000 ( 1)  0.009
 257 E   1.00000 0.00000 0.00000 ( 1)  0.009
 258 Q   1.00000 0.00000 0.00000 ( 1)  0.009
 259 A   1.00000 0.00000 0.00000 ( 1)  0.009  0.000
 260 K   1.00000 0.00000 0.00000 ( 1)  0.009
 261 K   1.00000 0.00000 0.00000 ( 1)  0.009
 262 M   1.00000 0.00000 0.00000 ( 1)  0.009
 263 N   1.00000 0.00000 0.00000 ( 1)  0.009  0.000
 264 V   1.00000 0.00000 0.00000 ( 1)  0.009  0.000
 265 A   1.00000 0.00000 0.00000 ( 1)  0.009  0.000
 266 S   1.00000 0.00000 0.00000 ( 1)  0.009  0.000
 267 L   1.00000 0.00000 0.00000 ( 1)  0.009  0.000
 268 R   1.00000 0.00000 0.00000 ( 1)  0.009
 269 S   1.00000 0.00000 0.00000 ( 1)  0.009  0.000
 270 S   0.00005 0.99995 0.00000 ( 2)  0.157  0.000
 271 E   0.64680 0.35320 0.00000 ( 1)  0.061
 272 Q   0.00000 1.00000 0.00000 ( 2)  0.157  0.000
 273 A   0.86768 0.13232 0.00000 ( 1)  0.028  0.000
 274 N   1.00000 0.00000 0.00000 ( 1)  0.009
 275 T   1.00000 0.00000 0.00000 ( 1)  0.009  0.000
 276 S   1.00000 0.00000 0.00000 ( 1)  0.009
 277 A   1.00000 0.00000 0.00000 ( 1)  0.009  0.000
 278 E   1.00000 0.00000 0.00000 ( 1)  0.009
 279 C   0.99994 0.00006 0.00000 ( 1)  0.009
 280 K   1.00000 0.00000 0.00000 ( 1)  0.009
 281 L   1.00000 0.00000 0.00000 ( 1)  0.009  0.000
 282 A   1.00000 0.00000 0.00000 ( 1)  0.009  0.000
 283 K   1.00000 0.00000 0.00000 ( 1)  0.009
 284 V   1.00000 0.00000 0.00000 ( 1)  0.009  0.000
 285 A   1.00000 0.00000 0.00000 ( 1)  0.009  0.000
 286 L   1.00000 0.00000 0.00000 ( 1)  0.009  0.000
 287 M   1.00000 0.00000 0.00000 ( 1)  0.009
 288 T   1.00000 0.00000 0.00000 ( 1)  0.009  0.000
 289 I   1.00000 0.00000 0.00000 ( 1)  0.009  0.000
 290 S   1.00000 0.00000 0.00000 ( 1)  0.009  0.000
 291 L   1.00000 0.00000 0.00000 ( 1)  0.009  0.000
 292 W   1.00000 0.00000 0.00000 ( 1)  0.009
 293 F   1.00000 0.00000 0.00000 ( 1)  0.009  0.000
 294 M   1.00000 0.00000 0.00000 ( 1)  0.009
 295 A   1.00000 0.00000 0.00000 ( 1)  0.009  0.000
 296 W   1.00000 0.00000 0.00000 ( 1)  0.009
 297 T   1.00000 0.00000 0.00000 ( 1)  0.009  0.000
 298 P   1.00000 0.00000 0.00000 ( 1)  0.009  0.000
 299 Y   1.00000 0.00000 0.00000 ( 1)  0.009
 300 L   1.00000 0.00000 0.00000 ( 1)  0.009  0.000
 301 V   1.00000 0.00000 0.00000 ( 1)  0.009  0.000
 302 I   1.00000 0.00000 0.00000 ( 1)  0.009  0.000
 303 N   1.00000 0.00000 0.00000 ( 1)  0.009
 304 F   0.00000 1.00000 0.00000 ( 2)  0.157  0.000
 305 A   0.00000 1.00000 0.00000 ( 2)  0.157  0.000
 306 G   1.00000 0.00000 0.00000 ( 1)  0.009
 307 V   0.99987 0.00013 0.00000 ( 1)  0.009  0.000
 308 F   1.00000 0.00000 0.00000 ( 1)  0.009  0.000
 309 E   1.00000 0.00000 0.00000 ( 1)  0.009
 310 T   0.00363 0.99637 0.00000 ( 2)  0.156  0.000
 311 A   0.00000 1.00000 0.00000 ( 2)  0.157  0.000
 312 P   0.00000 1.00000 0.00000 ( 2)  0.157  0.000
 313 I   1.00000 0.00000 0.00000 ( 1)  0.009  0.000
 314 S   0.00000 1.00000 0.00000 ( 2)  0.157  0.000
 315 P   1.00000 0.00000 0.00000 ( 1)  0.009  0.000
 316 L   1.00000 0.00000 0.00000 ( 1)  0.009  0.000
 317 S   0.01549 0.98451 0.00000 ( 2)  0.154  0.000
 318 T   1.00000 0.00000 0.00000 ( 1)  0.009  0.000
 319 I   1.00000 0.00000 0.00000 ( 1)  0.009  0.000
 320 W   1.00000 0.00000 0.00000 ( 1)  0.009
 321 G   1.00000 0.00000 0.00000 ( 1)  0.009  0.000
 322 S   1.00000 0.00000 0.00000 ( 1)  0.009  0.000
 323 V   0.14127 0.85873 0.00000 ( 2)  0.136  0.000
 324 F   1.00000 0.00000 0.00000 ( 1)  0.009  0.000
 325 A   1.00000 0.00000 0.00000 ( 1)  0.009  0.000
 326 K   1.00000 0.00000 0.00000 ( 1)  0.009
 327 A   1.00000 0.00000 0.00000 ( 1)  0.009  0.000
 328 N   1.00000 0.00000 0.00000 ( 1)  0.009
 329 A   1.00000 0.00000 0.00000 ( 1)  0.009  0.000
 330 V   1.00000 0.00000 0.00000 ( 1)  0.009  0.000
 331 Y   1.00000 0.00000 0.00000 ( 1)  0.009
 332 N   1.00000 0.00000 0.00000 ( 1)  0.009
 333 P   1.00000 0.00000 0.00000 ( 1)  0.009
 334 I   1.00000 0.00000 0.00000 ( 1)  0.009  0.000
 335 V   1.00000 0.00000 0.00000 ( 1)  0.009  0.000
 336 Y   1.00000 0.00000 0.00000 ( 1)  0.009
 337 G   1.00000 0.00000 0.00000 ( 1)  0.009
 338 I   1.00000 0.00000 0.00000 ( 1)  0.009  0.000
 339 S   1.00000 0.00000 0.00000 ( 1)  0.009
 340 H   1.00000 0.00000 0.00000 ( 1)  0.009
 341 P   1.00000 0.00000 0.00000 ( 1)  0.009
 342 K   1.00000 0.00000 0.00000 ( 1)  0.009
 343 Y   1.00000 0.00000 0.00000 ( 1)  0.009
 344 R   0.98435 0.01565 0.00000 ( 1)  0.011
 345 A   0.00160 0.99840 0.00000 ( 2)  0.156  0.000
 346 A   0.36876 0.63124 0.00000 ( 2)  0.102  0.000
 347 L   1.00000 0.00000 0.00000 ( 1)  0.009  0.000
 348 Y   1.00000 0.00000 0.00000 ( 1)  0.009
 349 Q   0.00000 1.00000 0.00000 ( 2)  0.157  0.000
 350 R   0.00000 1.00000 0.00000 ( 2)  0.157  0.000
 351 F   1.00000 0.00000 0.00000 ( 1)  0.009  0.000
 352 P   1.00000 0.00000 0.00000 ( 1)  0.009  0.000
 353 S   0.00000 1.00000 0.00000 ( 2)  0.157  0.000
 354 L   1.00000 0.00000 0.00000 ( 1)  0.009  0.000
 355 A   0.00000 1.00000 0.00000 ( 2)  0.157  0.000
 356 C   1.00000 0.00000 0.00000 ( 1)  0.009
 357 Q   0.00000 1.00000 0.00000 ( 2)  0.157
 358 P   0.00000 1.00000 0.00000 ( 2)  0.157  0.000
 359 S   0.00000 1.00000 0.00000 ( 2)  0.157  0.000
 360 P   0.00000 1.00000 0.00000 ( 2)  0.157  0.000
 361 E   0.00000 1.00000 0.00000 ( 2)  0.157  0.000
 362 E   0.00000 1.00000 0.00000 ( 2)  0.157  0.000
 363 T   0.00000 1.00000 0.00000 ( 2)  0.157  0.000
 364 G   0.00000 1.00000 0.00000 ( 2)  0.157  0.000
 365 S   1.00000 0.00000 0.00000 ( 1)  0.009  0.000
 366 V   0.00000 1.00000 0.00000 ( 2)  0.157  0.000
 367 A   1.00000 0.00000 0.00000 ( 1)  0.009  0.000
 368 S   1.00000 0.00000 0.00000 ( 1)  0.009  0.000
 369 A   0.00000 1.00000 0.00000 ( 2)  0.157  0.000
 370 A   0.00000 1.00000 0.00000 ( 2)  0.157  0.000
 371 T   1.00000 0.00000 0.00000 ( 1)  0.009  0.000
 372 A   0.96393 0.03607 0.00000 ( 1)  0.014  0.000
 373 C   0.00000 1.00000 0.00000 ( 2)  0.157  0.000
 374 T   0.00000 1.00000 0.00000 ( 2)  0.157  0.000
 375 E   0.00000 1.00000 0.00000 ( 2)  0.157  0.000
 376 E   1.00000 0.00000 0.00000 ( 1)  0.009
 377 K   1.00000 0.00000 0.00000 ( 1)  0.009
 378 P   0.99999 0.00001 0.00000 ( 1)  0.009  0.000
 379 S   0.05094 0.94906 0.00000 ( 2)  0.149  0.000
 380 A   1.00000 0.00000 0.00000 ( 1)  0.009  0.000

Positively selected sites

	Prob(w>1)  mean w



lnL = -67620.624664

