Supplemental results for CODEML (seqf: align.fa  treef: tree.nwk)


MLEs of dN/dS (w) for site classes (K=3)

p:   0.57439  0.27263  0.15298
w:   0.00267  0.05648  0.22325

Naive Empirical Bayes (NEB) probabilities for 3 classes & postmean_w
(amino acids refer to 1st sequence: ColCroc|LWS3)

   1 M   0.98562 0.01438 0.00000 ( 1)  0.003
   2 A   0.00000 0.00000 1.00000 ( 3)  0.223
   3 T   0.00000 0.00000 1.00000 ( 3)  0.223
   4 S   0.00000 0.00000 1.00000 ( 3)  0.223
   5 M   0.00000 0.00283 0.99717 ( 3)  0.223
   6 D   0.84814 0.15186 0.00000 ( 1)  0.011
   7 P   0.00000 0.98090 0.01910 ( 2)  0.060
   8 A   0.06170 0.93830 0.00000 ( 2)  0.053
   9 P   0.61179 0.38821 0.00000 ( 1)  0.024
  10 G   0.85945 0.14055 0.00000 ( 1)  0.010
  11 V   0.00000 0.00000 1.00000 ( 3)  0.223
  12 A   0.51287 0.48713 0.00000 ( 1)  0.029
  13 A   0.08457 0.91543 0.00000 ( 2)  0.052
  14 M   0.00000 0.97336 0.02664 ( 2)  0.061
  15 Q   0.00000 0.99957 0.00042 ( 2)  0.057
  16 T   0.00000 0.98895 0.01105 ( 2)  0.058
  17 W   0.00295 0.99704 0.00000 ( 2)  0.056
  18 G   0.00174 0.99826 0.00000 ( 2)  0.056
  19 G   0.00000 0.99993 0.00007 ( 2)  0.056
  20 H   0.00000 0.04198 0.95802 ( 3)  0.216
  21 A   0.00000 0.88697 0.11303 ( 2)  0.075
  22 E   0.00000 0.99969 0.00031 ( 2)  0.057
  23 A   0.98290 0.01710 0.00000 ( 1)  0.004
  24 Y   0.00000 0.99600 0.00400 ( 2)  0.057
  25 S   0.00102 0.99898 0.00000 ( 2)  0.056
  26 A   0.00000 0.08444 0.91556 ( 3)  0.209
  27 N   0.99999 0.00001 0.00000 ( 1)  0.003
  28 Q   0.00000 0.00012 0.99988 ( 3)  0.223
  29 T   0.99999 0.00001 0.00000 ( 1)  0.003
  30 V   0.99998 0.00002 0.00000 ( 1)  0.003
  31 V   0.99203 0.00797 0.00000 ( 1)  0.003
  32 D   0.99999 0.00001 0.00000 ( 1)  0.003
  33 K   0.00000 1.00000 0.00000 ( 2)  0.056
  34 V   0.99994 0.00006 0.00000 ( 1)  0.003
  35 L   0.00000 0.00000 1.00000 ( 3)  0.223
  36 P   0.00363 0.99637 0.00000 ( 2)  0.056
  37 E   0.00000 0.00013 0.99987 ( 3)  0.223
  38 M   0.00000 1.00000 0.00000 ( 2)  0.056
  39 L   0.00000 0.83880 0.16120 ( 2)  0.083
  40 H   0.99597 0.00403 0.00000 ( 1)  0.003
  41 L   0.00000 1.00000 0.00000 ( 2)  0.056
  42 I   0.00000 0.05275 0.94725 ( 3)  0.214
  43 D   0.99998 0.00002 0.00000 ( 1)  0.003
  44 A   0.00026 0.99974 0.00000 ( 2)  0.056
  45 H   0.00000 0.97088 0.02912 ( 2)  0.061
  46 W   0.99824 0.00176 0.00000 ( 1)  0.003
  47 Y   0.98929 0.01071 0.00000 ( 1)  0.003
  48 Q   0.99615 0.00385 0.00000 ( 1)  0.003
  49 F   0.99932 0.00068 0.00000 ( 1)  0.003
  50 P   0.99863 0.00137 0.00000 ( 1)  0.003
  51 P   0.99943 0.00057 0.00000 ( 1)  0.003
  52 M   0.99960 0.00040 0.00000 ( 1)  0.003
  53 N   0.99960 0.00040 0.00000 ( 1)  0.003
  54 P   0.97805 0.02195 0.00000 ( 1)  0.004
  55 L   0.03568 0.96431 0.00001 ( 2)  0.055
  56 W   0.99824 0.00176 0.00000 ( 1)  0.003
  57 Y   0.99745 0.00255 0.00000 ( 1)  0.003
  58 G   0.00000 0.94709 0.05291 ( 2)  0.065
  59 L   0.00059 0.99941 0.00000 ( 2)  0.056
  60 L   0.99963 0.00037 0.00000 ( 1)  0.003
  61 G   0.98730 0.01270 0.00000 ( 1)  0.003
  62 F   0.99993 0.00007 0.00000 ( 1)  0.003
  63 T   0.00000 0.00007 0.99993 ( 3)  0.223
  64 I   0.00000 1.00000 0.00000 ( 2)  0.056
  65 C   0.00000 0.99964 0.00036 ( 2)  0.057
  66 I   0.00000 0.00000 1.00000 ( 3)  0.223
  67 L   0.84995 0.15005 0.00000 ( 1)  0.011
  68 A   0.00948 0.99052 0.00000 ( 2)  0.056
  69 F   0.04523 0.95477 0.00000 ( 2)  0.054
  70 I   0.00000 0.00083 0.99917 ( 3)  0.223
  71 S   0.97876 0.02124 0.00000 ( 1)  0.004
  72 V   0.00000 0.99998 0.00002 ( 2)  0.056
  73 T   0.00000 0.00000 1.00000 ( 3)  0.223
  74 G   0.99994 0.00006 0.00000 ( 1)  0.003
  75 N   0.99999 0.00001 0.00000 ( 1)  0.003
  76 G   0.09339 0.90661 0.00000 ( 2)  0.051
  77 M   1.00000 0.00000 0.00000 ( 1)  0.003
  78 V   0.99998 0.00002 0.00000 ( 1)  0.003
  79 I   0.00000 0.99824 0.00176 ( 2)  0.057
  80 Y   0.00008 0.99992 0.00000 ( 2)  0.056
  81 I   0.99999 0.00001 0.00000 ( 1)  0.003
  82 F   0.99999 0.00001 0.00000 ( 1)  0.003
  83 S   0.00000 0.00381 0.99619 ( 3)  0.223
  84 T   0.00000 0.00000 1.00000 ( 3)  0.223
  85 T   0.99980 0.00020 0.00000 ( 1)  0.003
  86 K   0.99987 0.00013 0.00000 ( 1)  0.003
  87 S   0.00000 0.00000 1.00000 ( 3)  0.223
  88 L   0.99982 0.00018 0.00000 ( 1)  0.003
  89 K   0.98673 0.01327 0.00000 ( 1)  0.003
  90 T   0.99967 0.00033 0.00000 ( 1)  0.003
  91 P   0.99863 0.00137 0.00000 ( 1)  0.003
  92 S   0.99823 0.00177 0.00000 ( 1)  0.003
  93 N   0.99999 0.00001 0.00000 ( 1)  0.003
  94 L   0.77756 0.22244 0.00000 ( 1)  0.015
  95 L   0.96753 0.03247 0.00000 ( 1)  0.004
  96 V   0.99571 0.00429 0.00000 ( 1)  0.003
  97 V   0.00140 0.99860 0.00000 ( 2)  0.056
  98 N   0.99991 0.00009 0.00000 ( 1)  0.003
  99 L   0.99938 0.00062 0.00000 ( 1)  0.003
 100 A   0.99981 0.00019 0.00000 ( 1)  0.003
 101 F   0.99983 0.00017 0.00000 ( 1)  0.003
 102 S   0.99983 0.00017 0.00000 ( 1)  0.003
 103 D   0.99998 0.00002 0.00000 ( 1)  0.003
 104 F   0.06103 0.93897 0.00000 ( 2)  0.053
 105 L   0.00000 0.99993 0.00007 ( 2)  0.056
 106 M   0.99961 0.00039 0.00000 ( 1)  0.003
 107 M   0.99998 0.00002 0.00000 ( 1)  0.003
 108 A   0.00000 0.00000 1.00000 ( 3)  0.223
 109 M   0.00000 0.00000 1.00000 ( 3)  0.223
 110 M   1.00000 0.00000 0.00000 ( 1)  0.003
 111 A   0.00000 0.95859 0.04141 ( 2)  0.063
 112 P   0.00000 0.99899 0.00101 ( 2)  0.057
 113 P   0.00000 0.00000 1.00000 ( 3)  0.223
 114 L   0.83829 0.16171 0.00000 ( 1)  0.011
 115 C   0.00000 1.00000 0.00000 ( 2)  0.056
 116 I   0.00000 0.00000 1.00000 ( 3)  0.223
 117 N   0.00015 0.99985 0.00000 ( 2)  0.056
 118 S   0.00480 0.99520 0.00000 ( 2)  0.056
 119 Y   0.00093 0.99907 0.00000 ( 2)  0.056
 120 Y   0.00000 0.00212 0.99788 ( 3)  0.223
 121 Q   0.98704 0.01296 0.00000 ( 1)  0.003
 122 T   0.99089 0.00911 0.00000 ( 1)  0.003
 123 W   0.99824 0.00176 0.00000 ( 1)  0.003
 124 V   0.00000 0.92799 0.07201 ( 2)  0.068
 125 F   0.00000 0.99999 0.00001 ( 2)  0.056
 126 G   0.99862 0.00138 0.00000 ( 1)  0.003
 127 P   0.00000 0.00000 1.00000 ( 3)  0.223
 128 V   0.00000 0.00013 0.99987 ( 3)  0.223
 129 A   0.91206 0.08794 0.00000 ( 1)  0.007
 130 C   0.99926 0.00074 0.00000 ( 1)  0.003
 131 Q   0.00784 0.99216 0.00000 ( 2)  0.056
 132 F   0.00000 0.00062 0.99938 ( 3)  0.223
 133 Y   0.99985 0.00015 0.00000 ( 1)  0.003
 134 A   0.02944 0.97056 0.00000 ( 2)  0.055
 135 C   0.86816 0.13184 0.00000 ( 1)  0.010
 136 F   0.00000 0.00000 1.00000 ( 3)  0.223
 137 G   0.99972 0.00028 0.00000 ( 1)  0.003
 138 S   0.99846 0.00154 0.00000 ( 1)  0.003
 139 L   0.94057 0.05943 0.00000 ( 1)  0.006
 140 F   0.00030 0.99970 0.00000 ( 2)  0.056
 141 G   0.99952 0.00048 0.00000 ( 1)  0.003
 142 C   0.20895 0.79105 0.00000 ( 2)  0.045
 143 V   0.00000 0.00000 1.00000 ( 3)  0.223
 144 S   0.99954 0.00046 0.00000 ( 1)  0.003
 145 I   0.99998 0.00002 0.00000 ( 1)  0.003
 146 W   0.99824 0.00176 0.00000 ( 1)  0.003
 147 T   0.00000 1.00000 0.00000 ( 2)  0.056
 148 M   1.00000 0.00000 0.00000 ( 1)  0.003
 149 T   0.99977 0.00023 0.00000 ( 1)  0.003
 150 A   0.00000 1.00000 0.00000 ( 2)  0.056
 151 I   0.99999 0.00001 0.00000 ( 1)  0.003
 152 A   0.99997 0.00003 0.00000 ( 1)  0.003
 153 F   1.00000 0.00000 0.00000 ( 1)  0.003
 154 D   0.99999 0.00001 0.00000 ( 1)  0.003
 155 R   0.99708 0.00292 0.00000 ( 1)  0.003
 156 Y   0.99989 0.00011 0.00000 ( 1)  0.003
 157 N   0.99995 0.00005 0.00000 ( 1)  0.003
 158 V   0.99998 0.00002 0.00000 ( 1)  0.003
 159 I   1.00000 0.00000 0.00000 ( 1)  0.003
 160 V   0.99986 0.00014 0.00000 ( 1)  0.003
 161 K   0.99310 0.00690 0.00000 ( 1)  0.003
 162 G   0.99927 0.00073 0.00000 ( 1)  0.003
 163 I   0.99990 0.00010 0.00000 ( 1)  0.003
 164 A   0.99998 0.00002 0.00000 ( 1)  0.003
 165 A   0.99941 0.00059 0.00000 ( 1)  0.003
 166 K   0.90729 0.09271 0.00000 ( 1)  0.008
 167 P   0.99944 0.00056 0.00000 ( 1)  0.003
 168 L   0.00000 1.00000 0.00000 ( 2)  0.056
 169 T   0.00000 0.03404 0.96596 ( 3)  0.218
 170 V   0.00000 0.99942 0.00058 ( 2)  0.057
 171 N   0.00000 1.00000 0.00000 ( 2)  0.056
 172 G   0.95922 0.04078 0.00000 ( 1)  0.005
 173 A   0.99985 0.00015 0.00000 ( 1)  0.003
 174 L   0.00001 0.99997 0.00002 ( 2)  0.056
 175 L   0.00000 0.99050 0.00950 ( 2)  0.058
 176 Q   0.91144 0.08856 0.00000 ( 1)  0.007
 177 I   0.99308 0.00692 0.00000 ( 1)  0.003
 178 F   0.00000 0.53104 0.46896 ( 2)  0.135
 179 G   0.00000 0.99999 0.00001 ( 2)  0.056
 180 V   0.00001 0.99999 0.00000 ( 2)  0.056
 181 W   0.99824 0.00176 0.00000 ( 1)  0.003
 182 A   0.00000 0.00000 1.00000 ( 3)  0.223
 183 F   1.00000 0.00000 0.00000 ( 1)  0.003
 184 S   0.00000 0.34109 0.65891 ( 3)  0.166
 185 L   0.00000 0.99847 0.00153 ( 2)  0.057
 186 A   0.00000 0.00000 1.00000 ( 3)  0.223
 187 W   0.99824 0.00176 0.00000 ( 1)  0.003
 188 T   0.99986 0.00014 0.00000 ( 1)  0.003
 189 L   0.00000 0.00000 1.00000 ( 3)  0.223
 190 A   0.99350 0.00650 0.00000 ( 1)  0.003
 191 P   0.99830 0.00170 0.00000 ( 1)  0.003
 192 I   0.00000 1.00000 0.00000 ( 2)  0.056
 193 F   0.00958 0.99042 0.00000 ( 2)  0.056
 194 G   0.99957 0.00043 0.00000 ( 1)  0.003
 195 W   0.99824 0.00176 0.00000 ( 1)  0.003
 196 S   0.26731 0.73269 0.00000 ( 2)  0.042
 197 R   0.00021 0.99979 0.00001 ( 2)  0.056
 198 Y   0.99952 0.00048 0.00000 ( 1)  0.003
 199 V   0.94763 0.05237 0.00000 ( 1)  0.005
 200 P   0.99936 0.00064 0.00000 ( 1)  0.003
 201 E   0.99967 0.00033 0.00000 ( 1)  0.003
 202 G   0.99955 0.00045 0.00000 ( 1)  0.003
 203 N   0.99999 0.00001 0.00000 ( 1)  0.003
 204 M   1.00000 0.00000 0.00000 ( 1)  0.003
 205 T   0.97754 0.02246 0.00000 ( 1)  0.004
 206 A   0.97613 0.02387 0.00000 ( 1)  0.004
 207 C   0.99977 0.00023 0.00000 ( 1)  0.003
 208 G   0.99873 0.00127 0.00000 ( 1)  0.003
 209 T   0.99993 0.00007 0.00000 ( 1)  0.003
 210 D   0.99999 0.00001 0.00000 ( 1)  0.003
 211 Y   0.99987 0.00013 0.00000 ( 1)  0.003
 212 L   0.00929 0.99071 0.00000 ( 2)  0.056
 213 S   0.00000 0.00000 1.00000 ( 3)  0.223
 214 K   0.99642 0.00358 0.00000 ( 1)  0.003
 215 D   0.00000 0.00056 0.99944 ( 3)  0.223
 216 L   0.00000 0.99969 0.00031 ( 2)  0.057
 217 L   0.00000 0.00000 1.00000 ( 3)  0.223
 218 S   0.18318 0.81682 0.00000 ( 2)  0.047
 219 Q   0.00010 0.99985 0.00004 ( 2)  0.056
 220 I   0.14304 0.85696 0.00000 ( 2)  0.049
 221 Y   0.99989 0.00011 0.00000 ( 1)  0.003
 222 I   1.00000 0.00000 0.00000 ( 1)  0.003
 223 I   0.00000 0.99994 0.00006 ( 2)  0.056
 224 T   0.00000 0.00000 1.00000 ( 3)  0.223
 225 Y   0.99988 0.00012 0.00000 ( 1)  0.003
 226 S   0.00002 0.99998 0.00000 ( 2)  0.056
 227 I   0.00000 0.99997 0.00003 ( 2)  0.056
 228 A   0.00000 1.00000 0.00000 ( 2)  0.056
 229 C   0.00000 0.00000 1.00000 ( 3)  0.223
 230 Y   0.99988 0.00012 0.00000 ( 1)  0.003
 231 F   0.00001 0.99999 0.00000 ( 2)  0.056
 232 L   0.00000 0.00000 1.00000 ( 3)  0.223
 233 P   0.99911 0.00089 0.00000 ( 1)  0.003
 234 L   0.99932 0.00068 0.00000 ( 1)  0.003
 235 A   0.00000 0.00001 0.99999 ( 3)  0.223
 236 L   0.96056 0.03944 0.00000 ( 1)  0.005
 237 I   1.00000 0.00000 0.00000 ( 1)  0.003
 238 V   0.00478 0.99522 0.00000 ( 2)  0.056
 239 Y   0.99984 0.00016 0.00000 ( 1)  0.003
 240 S   0.99956 0.00044 0.00000 ( 1)  0.003
 241 Y   0.99986 0.00014 0.00000 ( 1)  0.003
 242 F   0.00000 1.00000 0.00000 ( 2)  0.056
 243 F   0.00287 0.99713 0.00000 ( 2)  0.056
 244 I   0.99998 0.00002 0.00000 ( 1)  0.003
 245 V   0.00000 1.00000 0.00000 ( 2)  0.056
 246 Q   0.04740 0.95260 0.00000 ( 2)  0.054
 247 A   0.65592 0.34408 0.00000 ( 1)  0.021
 248 V   0.99932 0.00068 0.00000 ( 1)  0.003
 249 A   0.00000 0.99231 0.00769 ( 2)  0.058
 250 A   0.43603 0.56397 0.00000 ( 2)  0.033
 251 H   0.99992 0.00008 0.00000 ( 1)  0.003
 252 E   0.99977 0.00023 0.00000 ( 1)  0.003
 253 K   0.00000 0.46273 0.53727 ( 3)  0.146
 254 A   0.00000 0.00000 1.00000 ( 3)  0.223
 255 M   1.00000 0.00000 0.00000 ( 1)  0.003
 256 R   0.99961 0.00039 0.00000 ( 1)  0.003
 257 E   0.99941 0.00059 0.00000 ( 1)  0.003
 258 Q   0.99630 0.00370 0.00000 ( 1)  0.003
 259 A   0.99993 0.00007 0.00000 ( 1)  0.003
 260 K   0.99984 0.00016 0.00000 ( 1)  0.003
 261 K   0.99939 0.00061 0.00000 ( 1)  0.003
 262 M   1.00000 0.00000 0.00000 ( 1)  0.003
 263 N   0.99998 0.00002 0.00000 ( 1)  0.003
 264 V   0.99989 0.00011 0.00000 ( 1)  0.003
 265 A   0.99752 0.00248 0.00000 ( 1)  0.003
 266 S   0.99970 0.00030 0.00000 ( 1)  0.003
 267 L   0.99983 0.00017 0.00000 ( 1)  0.003
 268 R   0.99861 0.00139 0.00000 ( 1)  0.003
 269 S   0.99814 0.00186 0.00000 ( 1)  0.003
 270 S   0.00000 0.99894 0.00106 ( 2)  0.057
 271 E   0.00000 1.00000 0.00000 ( 2)  0.056
 272 Q   0.00000 0.00079 0.99921 ( 3)  0.223
 273 A   0.00000 1.00000 0.00000 ( 2)  0.056
 274 N   0.99999 0.00001 0.00000 ( 1)  0.003
 275 T   0.99952 0.00048 0.00000 ( 1)  0.003
 276 S   0.99941 0.00059 0.00000 ( 1)  0.003
 277 A   0.54860 0.45140 0.00000 ( 1)  0.027
 278 E   0.99971 0.00029 0.00000 ( 1)  0.003
 279 C   0.00296 0.99704 0.00000 ( 2)  0.056
 280 K   0.99909 0.00091 0.00000 ( 1)  0.003
 281 L   0.99894 0.00106 0.00000 ( 1)  0.003
 282 A   0.99990 0.00010 0.00000 ( 1)  0.003
 283 K   0.99986 0.00014 0.00000 ( 1)  0.003
 284 V   0.99979 0.00021 0.00000 ( 1)  0.003
 285 A   0.99974 0.00026 0.00000 ( 1)  0.003
 286 L   0.99880 0.00120 0.00000 ( 1)  0.003
 287 M   0.99965 0.00035 0.00000 ( 1)  0.003
 288 T   0.99999 0.00001 0.00000 ( 1)  0.003
 289 I   0.99999 0.00001 0.00000 ( 1)  0.003
 290 S   0.99959 0.00041 0.00000 ( 1)  0.003
 291 L   0.99861 0.00139 0.00000 ( 1)  0.003
 292 W   0.99824 0.00176 0.00000 ( 1)  0.003
 293 F   1.00000 0.00000 0.00000 ( 1)  0.003
 294 M   0.99998 0.00002 0.00000 ( 1)  0.003
 295 A   0.99983 0.00017 0.00000 ( 1)  0.003
 296 W   0.99824 0.00176 0.00000 ( 1)  0.003
 297 T   0.99980 0.00020 0.00000 ( 1)  0.003
 298 P   0.99833 0.00167 0.00000 ( 1)  0.003
 299 Y   0.99985 0.00015 0.00000 ( 1)  0.003
 300 L   0.99926 0.00074 0.00000 ( 1)  0.003
 301 V   0.07792 0.92208 0.00000 ( 2)  0.052
 302 I   1.00000 0.00000 0.00000 ( 1)  0.003
 303 N   0.99999 0.00001 0.00000 ( 1)  0.003
 304 F   0.00000 0.99862 0.00138 ( 2)  0.057
 305 A   0.00000 0.06928 0.93072 ( 3)  0.212
 306 G   0.99900 0.00100 0.00000 ( 1)  0.003
 307 V   0.00027 0.99973 0.00000 ( 2)  0.056
 308 F   0.99991 0.00009 0.00000 ( 1)  0.003
 309 E   0.40745 0.59255 0.00000 ( 2)  0.035
 310 T   0.00000 1.00000 0.00000 ( 2)  0.056
 311 A   0.00000 0.00000 1.00000 ( 3)  0.223
 312 P   0.00000 0.00001 0.99999 ( 3)  0.223
 313 I   0.99997 0.00003 0.00000 ( 1)  0.003
 314 S   0.00000 0.99780 0.00220 ( 2)  0.057
 315 P   0.99941 0.00059 0.00000 ( 1)  0.003
 316 L   0.99977 0.00023 0.00000 ( 1)  0.003
 317 S   0.00000 1.00000 0.00000 ( 2)  0.056
 318 T   0.99998 0.00002 0.00000 ( 1)  0.003
 319 I   0.99997 0.00003 0.00000 ( 1)  0.003
 320 W   0.99824 0.00176 0.00000 ( 1)  0.003
 321 G   0.99500 0.00500 0.00000 ( 1)  0.003
 322 S   0.99894 0.00106 0.00000 ( 1)  0.003
 323 V   0.00000 1.00000 0.00000 ( 2)  0.056
 324 F   1.00000 0.00000 0.00000 ( 1)  0.003
 325 A   0.99997 0.00003 0.00000 ( 1)  0.003
 326 K   0.99979 0.00021 0.00000 ( 1)  0.003
 327 A   0.99988 0.00012 0.00000 ( 1)  0.003
 328 N   0.99996 0.00004 0.00000 ( 1)  0.003
 329 A   0.99955 0.00045 0.00000 ( 1)  0.003
 330 V   0.99978 0.00022 0.00000 ( 1)  0.003
 331 Y   0.99986 0.00014 0.00000 ( 1)  0.003
 332 N   0.99995 0.00005 0.00000 ( 1)  0.003
 333 P   0.99932 0.00068 0.00000 ( 1)  0.003
 334 I   0.99996 0.00004 0.00000 ( 1)  0.003
 335 V   0.99913 0.00087 0.00000 ( 1)  0.003
 336 Y   0.99907 0.00093 0.00000 ( 1)  0.003
 337 G   0.99966 0.00034 0.00000 ( 1)  0.003
 338 I   1.00000 0.00000 0.00000 ( 1)  0.003
 339 S   0.99998 0.00002 0.00000 ( 1)  0.003
 340 H   0.99976 0.00024 0.00000 ( 1)  0.003
 341 P   0.99948 0.00052 0.00000 ( 1)  0.003
 342 K   0.77022 0.22978 0.00000 ( 1)  0.015
 343 Y   0.99988 0.00012 0.00000 ( 1)  0.003
 344 R   0.00232 0.99767 0.00001 ( 2)  0.056
 345 A   0.00000 0.99997 0.00003 ( 2)  0.056
 346 A   0.00000 1.00000 0.00000 ( 2)  0.056
 347 L   0.99861 0.00139 0.00000 ( 1)  0.003
 348 Y   0.50341 0.49659 0.00000 ( 1)  0.029
 349 Q   0.00000 0.00046 0.99954 ( 3)  0.223
 350 R   0.00000 0.04818 0.95182 ( 3)  0.215
 351 F   1.00000 0.00000 0.00000 ( 1)  0.003
 352 P   0.99949 0.00051 0.00000 ( 1)  0.003
 353 S   0.00000 0.00000 1.00000 ( 3)  0.223
 354 L   0.99892 0.00108 0.00000 ( 1)  0.003
 355 A   0.00000 0.99730 0.00270 ( 2)  0.057
 356 C   0.99990 0.00010 0.00000 ( 1)  0.003
 357 Q   0.00000 0.00002 0.99998 ( 3)  0.223
 358 P   0.00000 0.00000 1.00000 ( 3)  0.223
 359 S   0.00000 0.00003 0.99997 ( 3)  0.223
 360 P   0.00000 0.00010 0.99990 ( 3)  0.223
 361 E   0.00000 0.86720 0.13280 ( 2)  0.079
 362 E   0.00000 0.82610 0.17390 ( 2)  0.085
 363 T   0.00000 0.00000 1.00000 ( 3)  0.223
 364 G   0.00000 0.02018 0.97982 ( 3)  0.220
 365 S   0.99989 0.00011 0.00000 ( 1)  0.003
 366 V   0.00000 0.99720 0.00280 ( 2)  0.057
 367 A   0.98211 0.01789 0.00000 ( 1)  0.004
 368 S   0.99984 0.00016 0.00000 ( 1)  0.003
 369 A   0.00000 0.07712 0.92288 ( 3)  0.210
 370 A   0.00000 0.00011 0.99989 ( 3)  0.223
 371 T   0.99999 0.00001 0.00000 ( 1)  0.003
 372 A   0.00000 1.00000 0.00000 ( 2)  0.056
 373 C   0.00000 0.00538 0.99462 ( 3)  0.222
 374 T   0.00000 0.99959 0.00041 ( 2)  0.057
 375 E   0.00000 0.99912 0.00088 ( 2)  0.057
 376 E   0.99989 0.00011 0.00000 ( 1)  0.003
 377 K   0.99979 0.00021 0.00000 ( 1)  0.003
 378 P   0.22361 0.77639 0.00000 ( 2)  0.044
 379 S   0.00000 1.00000 0.00000 ( 2)  0.056
 380 A   0.99993 0.00007 0.00000 ( 1)  0.003

Positively selected sites

	Prob(w>1)  mean w



lnL = -67314.772024

