Supplemental results for CODEML (seqf: align.fa  treef: tree.nwk)


MLEs of dN/dS (w) for site classes (K=4)

site class             0        1       2a       2b
proportion       0.87633  0.02580  0.09507  0.00280
background w     0.04053  1.00000  0.04053  1.00000
foreground w     0.04053  1.00000 31.56211 31.56211

Naive Empirical Bayes (NEB) probabilities for 4 classes
(amino acids refer to 1st sequence: ColCroc|LWS3)

   1 M   0.96245 0.00000 0.03755 0.00000 ( 1)
   2 A   0.94428 0.00017 0.05553 0.00001 ( 1)
   3 T   0.00000 0.92143 0.00000 0.07857 ( 2)
   4 S   0.95158 0.00000 0.04842 0.00000 ( 1)
   5 M   0.94432 0.00000 0.05568 0.00000 ( 1)
   6 D   0.95659 0.00000 0.04341 0.00000 ( 1)
   7 P   0.94989 0.00000 0.05011 0.00000 ( 1)
   8 A   0.92891 0.00000 0.07109 0.00000 ( 1)
   9 P   0.93101 0.00000 0.06899 0.00000 ( 1)
  10 G   0.95099 0.00000 0.04901 0.00000 ( 1)
  11 V   0.00000 0.93308 0.00000 0.06692 ( 2)
  12 A   0.94183 0.00000 0.05817 0.00000 ( 1)
  13 A   0.94677 0.00000 0.05323 0.00000 ( 1)
  14 M   0.93234 0.00000 0.06766 0.00000 ( 1)
  15 Q   0.93427 0.00000 0.06573 0.00000 ( 1)
  16 T   0.93597 0.00000 0.06403 0.00000 ( 1)
  17 W   0.93555 0.00000 0.06445 0.00000 ( 1)
  18 G   0.95150 0.00000 0.04850 0.00000 ( 1)
  19 G   0.95134 0.00000 0.04866 0.00000 ( 1)
  20 H   0.93039 0.00000 0.06961 0.00000 ( 1)
  21 A   0.02555 0.00000 0.97445 0.00000 ( 3)
  22 E   0.94683 0.00000 0.05317 0.00000 ( 1)
  23 A   0.95586 0.00000 0.04414 0.00000 ( 1)
  24 Y   0.94772 0.00000 0.05228 0.00000 ( 1)
  25 S   0.95155 0.00000 0.04845 0.00000 ( 1)
  26 A   0.95313 0.00000 0.04687 0.00000 ( 1)
  27 N   0.95634 0.00000 0.04366 0.00000 ( 1)
  28 Q   0.93166 0.00000 0.06834 0.00000 ( 1)
  29 T   0.95664 0.00000 0.04336 0.00000 ( 1)
  30 V   0.95609 0.00000 0.04391 0.00000 ( 1)
  31 V   0.95699 0.00000 0.04301 0.00000 ( 1)
  32 D   0.95736 0.00000 0.04264 0.00000 ( 1)
  33 K   0.94198 0.00000 0.05802 0.00000 ( 1)
  34 V   0.94715 0.00000 0.05285 0.00000 ( 1)
  35 L   0.13637 0.70507 0.03506 0.12350 ( 2)
  36 P   0.93185 0.00000 0.06815 0.00000 ( 1)
  37 E   0.93724 0.00000 0.06276 0.00000 ( 1)
  38 M   0.96018 0.00000 0.03982 0.00000 ( 1)
  39 L   0.93137 0.00000 0.06863 0.00000 ( 1)
  40 H   0.94896 0.00000 0.05104 0.00000 ( 1)
  41 L   0.01982 0.00000 0.98018 0.00000 ( 3)
  42 I   0.03287 0.00000 0.96713 0.00000 ( 3)
  43 D   0.95724 0.00000 0.04276 0.00000 ( 1)
  44 A   0.93123 0.00000 0.06877 0.00000 ( 1)
  45 H   0.94689 0.00000 0.05311 0.00000 ( 1)
  46 W   0.93555 0.00000 0.06445 0.00000 ( 1)
  47 Y   0.93542 0.00000 0.06458 0.00000 ( 1)
  48 Q   0.92793 0.00000 0.07207 0.00000 ( 1)
  49 F   0.94884 0.00000 0.05116 0.00000 ( 1)
  50 P   0.93118 0.00000 0.06882 0.00000 ( 1)
  51 P   0.93881 0.00000 0.06119 0.00000 ( 1)
  52 M   0.96245 0.00000 0.03755 0.00000 ( 1)
  53 N   0.95568 0.00000 0.04432 0.00000 ( 1)
  54 P   0.93808 0.00000 0.06192 0.00000 ( 1)
  55 L   0.92432 0.00000 0.07568 0.00000 ( 1)
  56 W   0.93555 0.00000 0.06445 0.00000 ( 1)
  57 Y   0.94850 0.00000 0.05150 0.00000 ( 1)
  58 G   0.93714 0.00000 0.06286 0.00000 ( 1)
  59 L   0.93043 0.00000 0.06957 0.00000 ( 1)
  60 L   0.93253 0.00000 0.06747 0.00000 ( 1)
  61 G   0.93803 0.00000 0.06197 0.00000 ( 1)
  62 F   0.95853 0.00000 0.04147 0.00000 ( 1)
  63 T   0.94406 0.00000 0.05594 0.00000 ( 1)
  64 I   0.95084 0.00000 0.04916 0.00000 ( 1)
  65 C   0.95154 0.00000 0.04846 0.00000 ( 1)
  66 I   0.00000 0.93840 0.00000 0.06160 ( 2)
  67 L   0.93594 0.00000 0.06406 0.00000 ( 1)
  68 A   0.94855 0.00000 0.05145 0.00000 ( 1)
  69 F   0.95902 0.00000 0.04098 0.00000 ( 1)
  70 I   0.95983 0.00000 0.04017 0.00000 ( 1)
  71 S   0.92955 0.00000 0.07045 0.00000 ( 1)
  72 V   0.96069 0.00000 0.03931 0.00000 ( 1)
  73 T   0.94370 0.00000 0.05630 0.00000 ( 1)
  74 G   0.95148 0.00000 0.04852 0.00000 ( 1)
  75 N   0.95622 0.00000 0.04378 0.00000 ( 1)
  76 G   0.92891 0.00000 0.07109 0.00000 ( 1)
  77 M   0.96245 0.00000 0.03755 0.00000 ( 1)
  78 V   0.94622 0.00000 0.05378 0.00000 ( 1)
  79 I   0.93458 0.00000 0.06542 0.00000 ( 1)
  80 Y   0.94773 0.00000 0.05227 0.00000 ( 1)
  81 I   0.95135 0.00000 0.04865 0.00000 ( 1)
  82 F   0.95946 0.00000 0.04054 0.00000 ( 1)
  83 S   0.93540 0.00000 0.06460 0.00000 ( 1)
  84 T   0.84795 0.00054 0.15143 0.00009 ( 1)
  85 T   0.93596 0.00000 0.06404 0.00000 ( 1)
  86 K   0.94674 0.00000 0.05326 0.00000 ( 1)
  87 S   0.00000 0.93927 0.00000 0.06073 ( 2)
  88 L   0.95357 0.00000 0.04643 0.00000 ( 1)
  89 K   0.93839 0.00000 0.06161 0.00000 ( 1)
  90 T   0.93578 0.00000 0.06422 0.00000 ( 1)
  91 P   0.93125 0.00000 0.06875 0.00000 ( 1)
  92 S   0.92778 0.00000 0.07222 0.00000 ( 1)
  93 N   0.95625 0.00000 0.04375 0.00000 ( 1)
  94 L   0.88228 0.00000 0.11772 0.00000 ( 1)
  95 L   0.92528 0.00000 0.07472 0.00000 ( 1)
  96 V   0.93918 0.00000 0.06082 0.00000 ( 1)
  97 V   0.93654 0.00000 0.06346 0.00000 ( 1)
  98 N   0.94492 0.00000 0.05508 0.00000 ( 1)
  99 L   0.92520 0.00000 0.07480 0.00000 ( 1)
 100 A   0.94239 0.00000 0.05761 0.00000 ( 1)
 101 F   0.95231 0.00000 0.04769 0.00000 ( 1)
 102 S   0.93980 0.00000 0.06020 0.00000 ( 1)
 103 D   0.95492 0.00000 0.04508 0.00000 ( 1)
 104 F   0.95938 0.00000 0.04062 0.00000 ( 1)
 105 L   0.92823 0.00000 0.07177 0.00000 ( 1)
 106 M   0.96245 0.00000 0.03755 0.00000 ( 1)
 107 M   0.96245 0.00000 0.03755 0.00000 ( 1)
 108 A   0.00109 0.00000 0.99891 0.00000 ( 3)
 109 M   0.00000 0.92444 0.00000 0.07556 ( 2)
 110 M   0.96245 0.00000 0.03755 0.00000 ( 1)
 111 A   0.93742 0.00000 0.06258 0.00000 ( 1)
 112 P   0.94173 0.00000 0.05827 0.00000 ( 1)
 113 P   0.15995 0.02446 0.81086 0.00473 ( 3)
 114 L   0.96245 0.00000 0.03755 0.00000 ( 1)
 115 C   0.94409 0.00000 0.05591 0.00000 ( 1)
 116 I   0.87049 0.00000 0.12951 0.00000 ( 1)
 117 N   0.94449 0.00000 0.05551 0.00000 ( 1)
 118 S   0.93668 0.00000 0.06332 0.00000 ( 1)
 119 Y   0.94315 0.00000 0.05685 0.00000 ( 1)
 120 Y   0.02282 0.00000 0.97718 0.00000 ( 3)
 121 Q   0.93985 0.00000 0.06015 0.00000 ( 1)
 122 T   0.93540 0.00000 0.06460 0.00000 ( 1)
 123 W   0.93555 0.00000 0.06445 0.00000 ( 1)
 124 V   0.93663 0.00000 0.06337 0.00000 ( 1)
 125 F   0.94983 0.00000 0.05017 0.00000 ( 1)
 126 G   0.93782 0.00000 0.06218 0.00000 ( 1)
 127 P   0.93182 0.00000 0.06818 0.00000 ( 1)
 128 V   0.93171 0.00000 0.06829 0.00000 ( 1)
 129 A   0.93824 0.00000 0.06176 0.00000 ( 1)
 130 C   0.93676 0.00000 0.06324 0.00000 ( 1)
 131 Q   0.93985 0.00000 0.06015 0.00000 ( 1)
 132 F   0.92493 0.00000 0.07507 0.00000 ( 1)
 133 Y   0.94763 0.00000 0.05237 0.00000 ( 1)
 134 A   0.94423 0.00000 0.05577 0.00000 ( 1)
 135 C   0.93610 0.00000 0.06390 0.00000 ( 1)
 136 F   0.94580 0.00066 0.05349 0.00005 ( 1)
 137 G   0.94105 0.00000 0.05895 0.00000 ( 1)
 138 S   0.92801 0.00000 0.07199 0.00000 ( 1)
 139 L   0.92427 0.00000 0.07573 0.00000 ( 1)
 140 F   0.95934 0.00000 0.04066 0.00000 ( 1)
 141 G   0.94078 0.00000 0.05922 0.00000 ( 1)
 142 C   0.76331 0.00000 0.23669 0.00000 ( 1)
 143 V   0.00564 0.00000 0.99436 0.00000 ( 3)
 144 S   0.93347 0.00000 0.06653 0.00000 ( 1)
 145 I   0.94905 0.00000 0.05095 0.00000 ( 1)
 146 W   0.93555 0.00000 0.06445 0.00000 ( 1)
 147 T   0.93723 0.00000 0.06277 0.00000 ( 1)
 148 M   0.96245 0.00000 0.03755 0.00000 ( 1)
 149 T   0.94288 0.00000 0.05712 0.00000 ( 1)
 150 A   0.96245 0.00000 0.03755 0.00000 ( 1)
 151 I   0.95063 0.00000 0.04937 0.00000 ( 1)
 152 A   0.95561 0.00000 0.04439 0.00000 ( 1)
 153 F   0.95944 0.00000 0.04056 0.00000 ( 1)
 154 D   0.95735 0.00000 0.04265 0.00000 ( 1)
 155 R   0.91740 0.00000 0.08260 0.00000 ( 1)
 156 Y   0.94773 0.00000 0.05227 0.00000 ( 1)
 157 N   0.94519 0.00000 0.05481 0.00000 ( 1)
 158 V   0.95151 0.00000 0.04849 0.00000 ( 1)
 159 I   0.95980 0.00000 0.04020 0.00000 ( 1)
 160 V   0.93844 0.00000 0.06156 0.00000 ( 1)
 161 K   0.94652 0.00000 0.05348 0.00000 ( 1)
 162 G   0.93845 0.00000 0.06155 0.00000 ( 1)
 163 I   0.95754 0.00000 0.04246 0.00000 ( 1)
 164 A   0.95580 0.00000 0.04420 0.00000 ( 1)
 165 A   0.95209 0.00000 0.04791 0.00000 ( 1)
 166 K   0.94649 0.00000 0.05351 0.00000 ( 1)
 167 P   0.93137 0.00000 0.06863 0.00000 ( 1)
 168 L   0.89454 0.00000 0.10546 0.00000 ( 1)
 169 T   0.95651 0.00000 0.04349 0.00000 ( 1)
 170 V   0.02687 0.00000 0.97313 0.00000 ( 3)
 171 N   0.94945 0.00000 0.05055 0.00000 ( 1)
 172 G   0.92897 0.00000 0.07103 0.00000 ( 1)
 173 A   0.94382 0.00000 0.05618 0.00000 ( 1)
 174 L   0.93299 0.00000 0.06701 0.00000 ( 1)
 175 L   0.93263 0.00000 0.06737 0.00000 ( 1)
 176 Q   0.91741 0.00000 0.08259 0.00000 ( 1)
 177 I   0.95477 0.00000 0.04523 0.00000 ( 1)
 178 F   0.94035 0.00000 0.05965 0.00000 ( 1)
 179 G   0.94854 0.00000 0.05146 0.00000 ( 1)
 180 V   0.96052 0.00000 0.03948 0.00000 ( 1)
 181 W   0.93555 0.00000 0.06445 0.00000 ( 1)
 182 A   0.00000 0.91412 0.00000 0.08588 ( 2)
 183 F   0.95957 0.00000 0.04043 0.00000 ( 1)
 184 S   0.92799 0.00000 0.07201 0.00000 ( 1)
 185 L   0.93998 0.00000 0.06002 0.00000 ( 1)
 186 A   0.93608 0.00001 0.06391 0.00000 ( 1)
 187 W   0.93555 0.00000 0.06445 0.00000 ( 1)
 188 T   0.94354 0.00000 0.05646 0.00000 ( 1)
 189 L   0.03468 0.00000 0.96532 0.00000 ( 3)
 190 A   0.93721 0.00000 0.06279 0.00000 ( 1)
 191 P   0.93117 0.00000 0.06883 0.00000 ( 1)
 192 I   0.00694 0.00000 0.99306 0.00000 ( 3)
 193 F   0.95908 0.00000 0.04092 0.00000 ( 1)
 194 G   0.93624 0.00000 0.06376 0.00000 ( 1)
 195 W   0.93555 0.00000 0.06445 0.00000 ( 1)
 196 S   0.95499 0.00000 0.04501 0.00000 ( 1)
 197 R   0.94461 0.00000 0.05539 0.00000 ( 1)
 198 Y   0.94037 0.00000 0.05963 0.00000 ( 1)
 199 V   0.94108 0.00000 0.05892 0.00000 ( 1)
 200 P   0.93864 0.00000 0.06136 0.00000 ( 1)
 201 E   0.93462 0.00000 0.06538 0.00000 ( 1)
 202 G   0.94745 0.00000 0.05255 0.00000 ( 1)
 203 N   0.95639 0.00000 0.04361 0.00000 ( 1)
 204 M   0.96245 0.00000 0.03755 0.00000 ( 1)
 205 T   0.95245 0.00000 0.04755 0.00000 ( 1)
 206 A   0.95291 0.00000 0.04709 0.00000 ( 1)
 207 C   0.94476 0.00000 0.05524 0.00000 ( 1)
 208 G   0.92889 0.00000 0.07111 0.00000 ( 1)
 209 T   0.94354 0.00000 0.05646 0.00000 ( 1)
 210 D   0.95734 0.00000 0.04266 0.00000 ( 1)
 211 Y   0.94766 0.00000 0.05234 0.00000 ( 1)
 212 L   0.33745 0.00000 0.66255 0.00000 ( 3)
 213 S   0.00000 0.94111 0.00000 0.05889 ( 2)
 214 K   0.94674 0.00000 0.05326 0.00000 ( 1)
 215 D   0.94841 0.00000 0.05159 0.00000 ( 1)
 216 L   0.93555 0.00000 0.06445 0.00000 ( 1)
 217 L   0.00000 0.93961 0.00000 0.06039 ( 2)
 218 S   0.95414 0.00000 0.04586 0.00000 ( 1)
 219 Q   0.94270 0.00000 0.05730 0.00000 ( 1)
 220 I   0.95413 0.00000 0.04587 0.00000 ( 1)
 221 Y   0.94771 0.00000 0.05229 0.00000 ( 1)
 222 I   0.96080 0.00000 0.03920 0.00000 ( 1)
 223 I   0.93332 0.00000 0.06668 0.00000 ( 1)
 224 T   0.92596 0.00000 0.07404 0.00000 ( 1)
 225 Y   0.94773 0.00000 0.05227 0.00000 ( 1)
 226 S   0.92795 0.00000 0.07205 0.00000 ( 1)
 227 I   0.91617 0.00000 0.08383 0.00000 ( 1)
 228 A   0.95959 0.00000 0.04041 0.00000 ( 1)
 229 C   0.95572 0.00000 0.04428 0.00000 ( 1)
 230 Y   0.94773 0.00000 0.05227 0.00000 ( 1)
 231 F   0.95907 0.00000 0.04093 0.00000 ( 1)
 232 L   0.00000 0.89496 0.00000 0.10504 ( 2)
 233 P   0.93880 0.00000 0.06120 0.00000 ( 1)
 234 L   0.93337 0.00000 0.06663 0.00000 ( 1)
 235 A   0.60212 0.00000 0.39788 0.00000 ( 1)
 236 L   0.95356 0.00000 0.04644 0.00000 ( 1)
 237 I   0.96075 0.00000 0.03925 0.00000 ( 1)
 238 V   0.96073 0.00000 0.03927 0.00000 ( 1)
 239 Y   0.94768 0.00000 0.05232 0.00000 ( 1)
 240 S   0.94018 0.00000 0.05982 0.00000 ( 1)
 241 Y   0.94766 0.00000 0.05234 0.00000 ( 1)
 242 F   0.95919 0.00000 0.04081 0.00000 ( 1)
 243 F   0.95957 0.00000 0.04043 0.00000 ( 1)
 244 I   0.94921 0.00000 0.05079 0.00000 ( 1)
 245 V   0.94309 0.00000 0.05691 0.00000 ( 1)
 246 Q   0.93490 0.00000 0.06510 0.00000 ( 1)
 247 A   0.94555 0.00000 0.05445 0.00000 ( 1)
 248 V   0.93628 0.00000 0.06372 0.00000 ( 1)
 249 A   0.93580 0.00000 0.06420 0.00000 ( 1)
 250 A   0.94389 0.00000 0.05611 0.00000 ( 1)
 251 H   0.94931 0.00000 0.05069 0.00000 ( 1)
 252 E   0.94116 0.00000 0.05884 0.00000 ( 1)
 253 K   0.93846 0.00000 0.06154 0.00000 ( 1)
 254 A   0.95437 0.00000 0.04563 0.00000 ( 1)
 255 M   0.96245 0.00000 0.03755 0.00000 ( 1)
 256 R   0.94493 0.00000 0.05507 0.00000 ( 1)
 257 E   0.93983 0.00000 0.06017 0.00000 ( 1)
 258 Q   0.93210 0.00000 0.06790 0.00000 ( 1)
 259 A   0.94583 0.00000 0.05417 0.00000 ( 1)
 260 K   0.94673 0.00000 0.05327 0.00000 ( 1)
 261 K   0.93840 0.00000 0.06160 0.00000 ( 1)
 262 M   0.96245 0.00000 0.03755 0.00000 ( 1)
 263 N   0.95631 0.00000 0.04369 0.00000 ( 1)
 264 V   0.94419 0.00000 0.05581 0.00000 ( 1)
 265 A   0.94388 0.00000 0.05612 0.00000 ( 1)
 266 S   0.94013 0.00000 0.05987 0.00000 ( 1)
 267 L   0.94843 0.00000 0.05157 0.00000 ( 1)
 268 R   0.93425 0.00000 0.06575 0.00000 ( 1)
 269 S   0.92792 0.00000 0.07208 0.00000 ( 1)
 270 S   0.94019 0.00000 0.05981 0.00000 ( 1)
 271 E   0.93707 0.00000 0.06293 0.00000 ( 1)
 272 Q   0.75684 0.00000 0.24316 0.00000 ( 1)
 273 A   0.94683 0.00000 0.05317 0.00000 ( 1)
 274 N   0.95638 0.00000 0.04362 0.00000 ( 1)
 275 T   0.95547 0.00000 0.04453 0.00000 ( 1)
 276 S   0.95406 0.00000 0.04594 0.00000 ( 1)
 277 A   0.94403 0.00000 0.05597 0.00000 ( 1)
 278 E   0.93983 0.00000 0.06017 0.00000 ( 1)
 279 C   0.94846 0.00000 0.05154 0.00000 ( 1)
 280 K   0.93840 0.00000 0.06160 0.00000 ( 1)
 281 L   0.93450 0.00000 0.06550 0.00000 ( 1)
 282 A   0.94391 0.00000 0.05609 0.00000 ( 1)
 283 K   0.94674 0.00000 0.05326 0.00000 ( 1)
 284 V   0.94413 0.00000 0.05587 0.00000 ( 1)
 285 A   0.93739 0.00000 0.06261 0.00000 ( 1)
 286 L   0.93704 0.00000 0.06296 0.00000 ( 1)
 287 M   0.96245 0.00000 0.03755 0.00000 ( 1)
 288 T   0.95629 0.00000 0.04371 0.00000 ( 1)
 289 I   0.95383 0.00000 0.04617 0.00000 ( 1)
 290 S   0.93864 0.00000 0.06136 0.00000 ( 1)
 291 L   0.92881 0.00000 0.07119 0.00000 ( 1)
 292 W   0.93555 0.00000 0.06445 0.00000 ( 1)
 293 F   0.95949 0.00000 0.04051 0.00000 ( 1)
 294 M   0.96245 0.00000 0.03755 0.00000 ( 1)
 295 A   0.93982 0.00000 0.06018 0.00000 ( 1)
 296 W   0.93555 0.00000 0.06445 0.00000 ( 1)
 297 T   0.94419 0.00000 0.05581 0.00000 ( 1)
 298 P   0.93117 0.00000 0.06883 0.00000 ( 1)
 299 Y   0.94759 0.00000 0.05241 0.00000 ( 1)
 300 L   0.93301 0.00000 0.06699 0.00000 ( 1)
 301 V   0.94701 0.00000 0.05299 0.00000 ( 1)
 302 I   0.96080 0.00000 0.03920 0.00000 ( 1)
 303 N   0.95625 0.00000 0.04375 0.00000 ( 1)
 304 F   0.94134 0.00000 0.05866 0.00000 ( 1)
 305 A   0.94473 0.00000 0.05527 0.00000 ( 1)
 306 G   0.92889 0.00000 0.07111 0.00000 ( 1)
 307 V   0.94181 0.00000 0.05819 0.00000 ( 1)
 308 F   0.95946 0.00000 0.04054 0.00000 ( 1)
 309 E   0.94705 0.00000 0.05295 0.00000 ( 1)
 310 T   0.02325 0.00000 0.97675 0.00000 ( 3)
 311 A   0.93974 0.00000 0.06026 0.00000 ( 1)
 312 P   0.94096 0.00000 0.05904 0.00000 ( 1)
 313 I   0.96083 0.00000 0.03917 0.00000 ( 1)
 314 S   0.95407 0.00000 0.04593 0.00000 ( 1)
 315 P   0.93759 0.00000 0.06241 0.00000 ( 1)
 316 L   0.93464 0.00000 0.06536 0.00000 ( 1)
 317 S   0.95577 0.00000 0.04423 0.00000 ( 1)
 318 T   0.95655 0.00000 0.04345 0.00000 ( 1)
 319 I   0.96066 0.00000 0.03934 0.00000 ( 1)
 320 W   0.93555 0.00000 0.06445 0.00000 ( 1)
 321 G   0.94591 0.00000 0.05409 0.00000 ( 1)
 322 S   0.93513 0.00000 0.06487 0.00000 ( 1)
 323 V   0.02325 0.00000 0.97675 0.00000 ( 3)
 324 F   0.95815 0.00000 0.04185 0.00000 ( 1)
 325 A   0.95679 0.00000 0.04321 0.00000 ( 1)
 326 K   0.94673 0.00000 0.05327 0.00000 ( 1)
 327 A   0.94389 0.00000 0.05611 0.00000 ( 1)
 328 N   0.94494 0.00000 0.05506 0.00000 ( 1)
 329 A   0.94794 0.00000 0.05206 0.00000 ( 1)
 330 V   0.95661 0.00000 0.04339 0.00000 ( 1)
 331 Y   0.94765 0.00000 0.05235 0.00000 ( 1)
 332 N   0.94507 0.00000 0.05493 0.00000 ( 1)
 333 P   0.93878 0.00000 0.06122 0.00000 ( 1)
 334 I   0.94923 0.00000 0.05077 0.00000 ( 1)
 335 V   0.93627 0.00000 0.06373 0.00000 ( 1)
 336 Y   0.93542 0.00000 0.06458 0.00000 ( 1)
 337 G   0.93852 0.00000 0.06148 0.00000 ( 1)
 338 I   0.96084 0.00000 0.03916 0.00000 ( 1)
 339 S   0.95414 0.00000 0.04586 0.00000 ( 1)
 340 H   0.94263 0.00000 0.05737 0.00000 ( 1)
 341 P   0.93882 0.00000 0.06118 0.00000 ( 1)
 342 K   0.93839 0.00000 0.06161 0.00000 ( 1)
 343 Y   0.94771 0.00000 0.05229 0.00000 ( 1)
 344 R   0.94267 0.00000 0.05733 0.00000 ( 1)
 345 A   0.94668 0.00000 0.05332 0.00000 ( 1)
 346 A   0.94616 0.00000 0.05384 0.00000 ( 1)
 347 L   0.93289 0.00000 0.06711 0.00000 ( 1)
 348 Y   0.94773 0.00000 0.05227 0.00000 ( 1)
 349 Q   0.93490 0.00000 0.06510 0.00000 ( 1)
 350 R   0.94457 0.00000 0.05543 0.00000 ( 1)
 351 F   0.95959 0.00000 0.04041 0.00000 ( 1)
 352 P   0.93449 0.00000 0.06551 0.00000 ( 1)
 353 S   0.86889 0.00000 0.13110 0.00000 ( 1)
 354 L   0.93336 0.00000 0.06664 0.00000 ( 1)
 355 A   0.04605 0.00000 0.95395 0.00000 ( 3)
 356 C   0.94847 0.00000 0.05153 0.00000 ( 1)
 357 Q   0.93488 0.00000 0.06512 0.00000 ( 1)
 358 P   0.01838 0.00511 0.97206 0.00444 ( 3)
 359 S   0.93954 0.00000 0.06046 0.00000 ( 1)
 360 P   0.95033 0.00000 0.04967 0.00000 ( 1)
 361 E   0.34368 0.00000 0.65632 0.00000 ( 3)
 362 E   0.94523 0.00000 0.05477 0.00000 ( 1)
 363 T   0.00000 0.91638 0.00000 0.08362 ( 2)
 364 G   0.95149 0.00000 0.04851 0.00000 ( 1)
 365 S   0.95128 0.00000 0.04872 0.00000 ( 1)
 366 V   0.94736 0.00000 0.05264 0.00000 ( 1)
 367 A   0.95517 0.00000 0.04483 0.00000 ( 1)
 368 S   0.95065 0.00000 0.04935 0.00000 ( 1)
 369 A   0.95122 0.00000 0.04878 0.00000 ( 1)
 370 A   0.95667 0.00000 0.04333 0.00000 ( 1)
 371 T   0.95650 0.00000 0.04350 0.00000 ( 1)
 372 A   0.95564 0.00000 0.04436 0.00000 ( 1)
 373 C   0.95505 0.00000 0.04495 0.00000 ( 1)
 374 T   0.95097 0.00000 0.04903 0.00000 ( 1)
 375 E   0.94796 0.00000 0.05204 0.00000 ( 1)
 376 E   0.94808 0.00000 0.05192 0.00000 ( 1)
 377 K   0.94543 0.00000 0.05457 0.00000 ( 1)
 378 P   0.94893 0.00000 0.05107 0.00000 ( 1)
 379 S   0.02317 0.00000 0.97683 0.00000 ( 3)
 380 A   0.94691 0.00000 0.05309 0.00000 ( 1)


lnL = -69090.306490

Bayes Empirical Bayes (BEB) probabilities for 4 classes (class)
(amino acids refer to 1st sequence: ColCroc|LWS3)

   1 M   0.80911 0.00000 0.19089 0.00000 ( 1)
   2 A   0.79003 0.00000 0.20997 0.00000 ( 1)
   3 T   0.00000 0.77061 0.00000 0.22939 ( 2)
   4 S   0.79606 0.00000 0.20394 0.00000 ( 1)
   5 M   0.78949 0.00000 0.21051 0.00000 ( 1)
   6 D   0.80206 0.00000 0.19794 0.00000 ( 1)
   7 P   0.79463 0.00000 0.20537 0.00000 ( 1)
   8 A   0.77649 0.00000 0.22351 0.00000 ( 1)
   9 P   0.77807 0.00000 0.22193 0.00000 ( 1)
  10 G   0.79558 0.00000 0.20442 0.00000 ( 1)
  11 V   0.00000 0.77971 0.00000 0.22029 ( 2)
  12 A   0.78773 0.00000 0.21227 0.00000 ( 1)
  13 A   0.79215 0.00000 0.20785 0.00000 ( 1)
  14 M   0.77950 0.00000 0.22050 0.00000 ( 1)
  15 Q   0.78038 0.00000 0.21962 0.00000 ( 1)
  16 T   0.78230 0.00000 0.21770 0.00000 ( 1)
  17 W   0.78137 0.00000 0.21863 0.00000 ( 1)
  18 G   0.79601 0.00000 0.20399 0.00000 ( 1)
  19 G   0.79586 0.00000 0.20414 0.00000 ( 1)
  20 H   0.77741 0.00000 0.22259 0.00000 ( 1)
  21 A   0.02781 0.00000 0.97219 0.00000 ( 3)
  22 E   0.79223 0.00000 0.20777 0.00000 ( 1)
  23 A   0.80241 0.00000 0.19759 0.00000 ( 1)
  24 Y   0.79235 0.00000 0.20765 0.00000 ( 1)
  25 S   0.79606 0.00000 0.20394 0.00000 ( 1)
  26 A   0.79840 0.00000 0.20160 0.00000 ( 1)
  27 N   0.80141 0.00000 0.19859 0.00000 ( 1)
  28 Q   0.77838 0.00000 0.22162 0.00000 ( 1)
  29 T   0.80286 0.00000 0.19714 0.00000 ( 1)
  30 V   0.80315 0.00000 0.19685 0.00000 ( 1)
  31 V   0.80426 0.00000 0.19574 0.00000 ( 1)
  32 D   0.80280 0.00000 0.19720 0.00000 ( 1)
  33 K   0.78717 0.00000 0.21283 0.00000 ( 1)
  34 V   0.79279 0.00000 0.20721 0.00000 ( 1)
  35 L   0.65650 0.02567 0.30787 0.00996 ( 1)
  36 P   0.77870 0.00000 0.22130 0.00000 ( 1)
  37 E   0.78279 0.00000 0.21721 0.00000 ( 1)
  38 M   0.80712 0.00000 0.19288 0.00000 ( 1)
  39 L   0.77868 0.00000 0.22132 0.00000 ( 1)
  40 H   0.79324 0.00000 0.20676 0.00000 ( 1)
  41 L   0.02367 0.00000 0.97633 0.00000 ( 3)
  42 I   0.03101 0.00000 0.96899 0.00000 ( 3)
  43 D   0.80273 0.00000 0.19727 0.00000 ( 1)
  44 A   0.77821 0.00000 0.22179 0.00000 ( 1)
  45 H   0.79135 0.00000 0.20865 0.00000 ( 1)
  46 W   0.78137 0.00000 0.21863 0.00000 ( 1)
  47 Y   0.78148 0.00000 0.21852 0.00000 ( 1)
  48 Q   0.77563 0.00000 0.22437 0.00000 ( 1)
  49 F   0.79372 0.00000 0.20628 0.00000 ( 1)
  50 P   0.77817 0.00000 0.22183 0.00000 ( 1)
  51 P   0.78426 0.00000 0.21574 0.00000 ( 1)
  52 M   0.80910 0.00000 0.19090 0.00000 ( 1)
  53 N   0.80075 0.00000 0.19925 0.00000 ( 1)
  54 P   0.78365 0.00000 0.21635 0.00000 ( 1)
  55 L   0.77326 0.00000 0.22674 0.00000 ( 1)
  56 W   0.78137 0.00000 0.21863 0.00000 ( 1)
  57 Y   0.79292 0.00000 0.20708 0.00000 ( 1)
  58 G   0.78300 0.00000 0.21700 0.00000 ( 1)
  59 L   0.78176 0.00000 0.21824 0.00000 ( 1)
  60 L   0.77936 0.00000 0.22064 0.00000 ( 1)
  61 G   0.78371 0.00000 0.21629 0.00000 ( 1)
  62 F   0.80499 0.00000 0.19501 0.00000 ( 1)
  63 T   0.78951 0.00000 0.21049 0.00000 ( 1)
  64 I   0.79634 0.00000 0.20366 0.00000 ( 1)
  65 C   0.79605 0.00000 0.20395 0.00000 ( 1)
  66 I   0.00000 0.78321 0.00000 0.21679 ( 2)
  67 L   0.78941 0.00000 0.21059 0.00000 ( 1)
  68 A   0.79315 0.00000 0.20685 0.00000 ( 1)
  69 F   0.80542 0.00000 0.19458 0.00000 ( 1)
  70 I   0.80739 0.00000 0.19261 0.00000 ( 1)
  71 S   0.77735 0.00000 0.22265 0.00000 ( 1)
  72 V   0.80819 0.00000 0.19181 0.00000 ( 1)
  73 T   0.78907 0.00000 0.21093 0.00000 ( 1)
  74 G   0.79599 0.00000 0.20401 0.00000 ( 1)
  75 N   0.80131 0.00000 0.19869 0.00000 ( 1)
  76 G   0.77649 0.00000 0.22351 0.00000 ( 1)
  77 M   0.80911 0.00000 0.19089 0.00000 ( 1)
  78 V   0.79196 0.00000 0.20804 0.00000 ( 1)
  79 I   0.78124 0.00000 0.21876 0.00000 ( 1)
  80 Y   0.79235 0.00000 0.20765 0.00000 ( 1)
  81 I   0.79724 0.00000 0.20276 0.00000 ( 1)
  82 F   0.80587 0.00000 0.19413 0.00000 ( 1)
  83 S   0.78168 0.00000 0.21832 0.00000 ( 1)
  84 T   0.71707 0.00000 0.28292 0.00000 ( 1)
  85 T   0.78219 0.00000 0.21781 0.00000 ( 1)
  86 K   0.79121 0.00000 0.20879 0.00000 ( 1)
  87 S   0.00000 0.78263 0.00000 0.21737 ( 2)
  88 L   0.79842 0.00000 0.20158 0.00000 ( 1)
  89 K   0.78373 0.00000 0.21627 0.00000 ( 1)
  90 T   0.78203 0.00000 0.21797 0.00000 ( 1)
  91 P   0.77823 0.00000 0.22177 0.00000 ( 1)
  92 S   0.77585 0.00000 0.22415 0.00000 ( 1)
  93 N   0.80137 0.00000 0.19863 0.00000 ( 1)
  94 L   0.76971 0.00000 0.23029 0.00000 ( 1)
  95 L   0.77404 0.00000 0.22596 0.00000 ( 1)
  96 V   0.78530 0.00000 0.21470 0.00000 ( 1)
  97 V   0.78289 0.00000 0.21711 0.00000 ( 1)
  98 N   0.78950 0.00000 0.21050 0.00000 ( 1)
  99 L   0.77423 0.00000 0.22577 0.00000 ( 1)
 100 A   0.78806 0.00000 0.21194 0.00000 ( 1)
 101 F   0.79773 0.00000 0.20227 0.00000 ( 1)
 102 S   0.78566 0.00000 0.21434 0.00000 ( 1)
 103 D   0.80032 0.00000 0.19968 0.00000 ( 1)
 104 F   0.80584 0.00000 0.19416 0.00000 ( 1)
 105 L   0.77697 0.00000 0.22303 0.00000 ( 1)
 106 M   0.80911 0.00000 0.19089 0.00000 ( 1)
 107 M   0.80911 0.00000 0.19089 0.00000 ( 1)
 108 A   0.00581 0.00000 0.99419 0.00000 ( 3)
 109 M   0.00000 0.77335 0.00000 0.22665 ( 2)
 110 M   0.80911 0.00000 0.19089 0.00000 ( 1)
 111 A   0.78358 0.00000 0.21642 0.00000 ( 1)
 112 P   0.78677 0.00000 0.21323 0.00000 ( 1)
 113 P   0.18862 0.00013 0.81119 0.00005 ( 3)
 114 L   0.80911 0.00000 0.19089 0.00000 ( 1)
 115 C   0.78980 0.00000 0.21020 0.00000 ( 1)
 116 I   0.73046 0.00000 0.26954 0.00000 ( 1)
 117 N   0.78919 0.00000 0.21081 0.00000 ( 1)
 118 S   0.78231 0.00000 0.21769 0.00000 ( 1)
 119 Y   0.78823 0.00000 0.21177 0.00000 ( 1)
 120 Y   0.02511 0.00000 0.97489 0.00000 ( 3)
 121 Q   0.78497 0.00000 0.21503 0.00000 ( 1)
 122 T   0.78168 0.00000 0.21832 0.00000 ( 1)
 123 W   0.78137 0.00000 0.21863 0.00000 ( 1)
 124 V   0.78297 0.00000 0.21703 0.00000 ( 1)
 125 F   0.79558 0.00000 0.20442 0.00000 ( 1)
 126 G   0.78340 0.00000 0.21660 0.00000 ( 1)
 127 P   0.77867 0.00000 0.22133 0.00000 ( 1)
 128 V   0.78002 0.00000 0.21998 0.00000 ( 1)
 129 A   0.78430 0.00000 0.21570 0.00000 ( 1)
 130 C   0.78238 0.00000 0.21762 0.00000 ( 1)
 131 Q   0.78497 0.00000 0.21503 0.00000 ( 1)
 132 F   0.77372 0.00000 0.22628 0.00000 ( 1)
 133 Y   0.79226 0.00000 0.20774 0.00000 ( 1)
 134 A   0.78970 0.00000 0.21030 0.00000 ( 1)
 135 C   0.78252 0.00000 0.21748 0.00000 ( 1)
 136 F   0.79208 0.00000 0.20792 0.00000 ( 1)
 137 G   0.78660 0.00000 0.21340 0.00000 ( 1)
 138 S   0.77603 0.00000 0.22397 0.00000 ( 1)
 139 L   0.77326 0.00000 0.22674 0.00000 ( 1)
 140 F   0.80575 0.00000 0.19425 0.00000 ( 1)
 141 G   0.78673 0.00000 0.21327 0.00000 ( 1)
 142 C   0.67587 0.00000 0.32413 0.00000 ( 1)
 143 V   0.01633 0.00000 0.98367 0.00000 ( 3)
 144 S   0.78034 0.00000 0.21966 0.00000 ( 1)
 145 I   0.79469 0.00000 0.20531 0.00000 ( 1)
 146 W   0.78137 0.00000 0.21863 0.00000 ( 1)
 147 T   0.78361 0.00000 0.21639 0.00000 ( 1)
 148 M   0.80911 0.00000 0.19089 0.00000 ( 1)
 149 T   0.78844 0.00000 0.21156 0.00000 ( 1)
 150 A   0.80911 0.00000 0.19089 0.00000 ( 1)
 151 I   0.79604 0.00000 0.20396 0.00000 ( 1)
 152 A   0.80212 0.00000 0.19788 0.00000 ( 1)
 153 F   0.80587 0.00000 0.19413 0.00000 ( 1)
 154 D   0.80279 0.00000 0.19721 0.00000 ( 1)
 155 R   0.76858 0.00000 0.23142 0.00000 ( 1)
 156 Y   0.79236 0.00000 0.20764 0.00000 ( 1)
 157 N   0.78982 0.00000 0.21018 0.00000 ( 1)
 158 V   0.79836 0.00000 0.20164 0.00000 ( 1)
 159 I   0.80717 0.00000 0.19283 0.00000 ( 1)
 160 V   0.78460 0.00000 0.21540 0.00000 ( 1)
 161 K   0.79108 0.00000 0.20892 0.00000 ( 1)
 162 G   0.78389 0.00000 0.21611 0.00000 ( 1)
 163 I   0.80494 0.00000 0.19506 0.00000 ( 1)
 164 A   0.80239 0.00000 0.19761 0.00000 ( 1)
 165 A   0.79837 0.00000 0.20163 0.00000 ( 1)
 166 K   0.79109 0.00000 0.20891 0.00000 ( 1)
 167 P   0.77833 0.00000 0.22167 0.00000 ( 1)
 168 L   0.75941 0.00000 0.24059 0.00000 ( 1)
 169 T   0.80273 0.00000 0.19727 0.00000 ( 1)
 170 V   0.02750 0.00000 0.97250 0.00000 ( 3)
 171 N   0.79658 0.00000 0.20342 0.00000 ( 1)
 172 G   0.77654 0.00000 0.22346 0.00000 ( 1)
 173 A   0.78928 0.00000 0.21072 0.00000 ( 1)
 174 L   0.77968 0.00000 0.22032 0.00000 ( 1)
 175 L   0.77941 0.00000 0.22059 0.00000 ( 1)
 176 Q   0.76859 0.00000 0.23141 0.00000 ( 1)
 177 I   0.80097 0.00000 0.19903 0.00000 ( 1)
 178 F   0.78558 0.00000 0.21442 0.00000 ( 1)
 179 G   0.79327 0.00000 0.20673 0.00000 ( 1)
 180 V   0.80810 0.00000 0.19190 0.00000 ( 1)
 181 W   0.78137 0.00000 0.21863 0.00000 ( 1)
 182 A   0.00000 0.76559 0.00000 0.23441 ( 2)
 183 F   0.80597 0.00000 0.19403 0.00000 ( 1)
 184 S   0.77603 0.00000 0.22397 0.00000 ( 1)
 185 L   0.78539 0.00000 0.21461 0.00000 ( 1)
 186 A   0.78240 0.00000 0.21760 0.00000 ( 1)
 187 W   0.78137 0.00000 0.21863 0.00000 ( 1)
 188 T   0.78883 0.00000 0.21117 0.00000 ( 1)
 189 L   0.04685 0.00000 0.95315 0.00000 ( 3)
 190 A   0.78339 0.00000 0.21661 0.00000 ( 1)
 191 P   0.77816 0.00000 0.22184 0.00000 ( 1)
 192 I   0.01584 0.00000 0.98416 0.00000 ( 3)
 193 F   0.80552 0.00000 0.19448 0.00000 ( 1)
 194 G   0.78265 0.00000 0.21735 0.00000 ( 1)
 195 W   0.78137 0.00000 0.21863 0.00000 ( 1)
 196 S   0.79997 0.00000 0.20003 0.00000 ( 1)
 197 R   0.78914 0.00000 0.21086 0.00000 ( 1)
 198 Y   0.78579 0.00000 0.21421 0.00000 ( 1)
 199 V   0.78711 0.00000 0.21289 0.00000 ( 1)
 200 P   0.78410 0.00000 0.21590 0.00000 ( 1)
 201 E   0.78411 0.00000 0.21589 0.00000 ( 1)
 202 G   0.79215 0.00000 0.20785 0.00000 ( 1)
 203 N   0.80144 0.00000 0.19856 0.00000 ( 1)
 204 M   0.80911 0.00000 0.19089 0.00000 ( 1)
 205 T   0.79819 0.00000 0.20181 0.00000 ( 1)
 206 A   0.79904 0.00000 0.20096 0.00000 ( 1)
 207 C   0.78942 0.00000 0.21058 0.00000 ( 1)
 208 G   0.77647 0.00000 0.22353 0.00000 ( 1)
 209 T   0.78883 0.00000 0.21117 0.00000 ( 1)
 210 D   0.80280 0.00000 0.19720 0.00000 ( 1)
 211 Y   0.79229 0.00000 0.20771 0.00000 ( 1)
 212 L   0.51347 0.00000 0.48653 0.00000 ( 1)
 213 S   0.00000 0.78468 0.00000 0.21532 ( 2)
 214 K   0.79121 0.00000 0.20879 0.00000 ( 1)
 215 D   0.79445 0.00000 0.20555 0.00000 ( 1)
 216 L   0.78137 0.00000 0.21863 0.00000 ( 1)
 217 L   0.00000 0.78486 0.00000 0.21514 ( 2)
 218 S   0.79848 0.00000 0.20152 0.00000 ( 1)
 219 Q   0.78728 0.00000 0.21272 0.00000 ( 1)
 220 I   0.79848 0.00000 0.20152 0.00000 ( 1)
 221 Y   0.79234 0.00000 0.20766 0.00000 ( 1)
 222 I   0.80833 0.00000 0.19167 0.00000 ( 1)
 223 I   0.77996 0.00000 0.22004 0.00000 ( 1)
 224 T   0.77045 0.00000 0.22955 0.00000 ( 1)
 225 Y   0.79236 0.00000 0.20764 0.00000 ( 1)
 226 S   0.77600 0.00000 0.22400 0.00000 ( 1)
 227 I   0.76246 0.00000 0.23754 0.00000 ( 1)
 228 A   0.80598 0.00000 0.19402 0.00000 ( 1)
 229 C   0.80282 0.00000 0.19718 0.00000 ( 1)
 230 Y   0.79236 0.00000 0.20764 0.00000 ( 1)
 231 F   0.80550 0.00000 0.19450 0.00000 ( 1)
 232 L   0.00000 0.75563 0.00000 0.24437 ( 2)
 233 P   0.78422 0.00000 0.21578 0.00000 ( 1)
 234 L   0.78002 0.00000 0.21998 0.00000 ( 1)
 235 A   0.49451 0.00000 0.50549 0.00000 ( 3)
 236 L   0.79841 0.00000 0.20159 0.00000 ( 1)
 237 I   0.80829 0.00000 0.19171 0.00000 ( 1)
 238 V   0.80828 0.00000 0.19172 0.00000 ( 1)
 239 Y   0.79231 0.00000 0.20769 0.00000 ( 1)
 240 S   0.78565 0.00000 0.21435 0.00000 ( 1)
 241 Y   0.79230 0.00000 0.20770 0.00000 ( 1)
 242 F   0.80554 0.00000 0.19446 0.00000 ( 1)
 243 F   0.80597 0.00000 0.19403 0.00000 ( 1)
 244 I   0.79426 0.00000 0.20574 0.00000 ( 1)
 245 V   0.78887 0.00000 0.21113 0.00000 ( 1)
 246 Q   0.78087 0.00000 0.21913 0.00000 ( 1)
 247 A   0.79103 0.00000 0.20897 0.00000 ( 1)
 248 V   0.78260 0.00000 0.21740 0.00000 ( 1)
 249 A   0.78211 0.00000 0.21789 0.00000 ( 1)
 250 A   0.78932 0.00000 0.21068 0.00000 ( 1)
 251 H   0.79346 0.00000 0.20654 0.00000 ( 1)
 252 E   0.78655 0.00000 0.21345 0.00000 ( 1)
 253 K   0.78409 0.00000 0.21591 0.00000 ( 1)
 254 A   0.80131 0.00000 0.19869 0.00000 ( 1)
 255 M   0.80911 0.00000 0.19089 0.00000 ( 1)
 256 R   0.78932 0.00000 0.21068 0.00000 ( 1)
 257 E   0.78497 0.00000 0.21503 0.00000 ( 1)
 258 Q   0.77892 0.00000 0.22108 0.00000 ( 1)
 259 A   0.79133 0.00000 0.20867 0.00000 ( 1)
 260 K   0.79121 0.00000 0.20879 0.00000 ( 1)
 261 K   0.78373 0.00000 0.21627 0.00000 ( 1)
 262 M   0.80911 0.00000 0.19089 0.00000 ( 1)
 263 N   0.80137 0.00000 0.19863 0.00000 ( 1)
 264 V   0.78985 0.00000 0.21015 0.00000 ( 1)
 265 A   0.78931 0.00000 0.21069 0.00000 ( 1)
 266 S   0.78560 0.00000 0.21440 0.00000 ( 1)
 267 L   0.79338 0.00000 0.20662 0.00000 ( 1)
 268 R   0.78060 0.00000 0.21940 0.00000 ( 1)
 269 S   0.77598 0.00000 0.22402 0.00000 ( 1)
 270 S   0.78567 0.00000 0.21433 0.00000 ( 1)
 271 E   0.78264 0.00000 0.21736 0.00000 ( 1)
 272 Q   0.67389 0.00000 0.32611 0.00000 ( 1)
 273 A   0.79275 0.00000 0.20725 0.00000 ( 1)
 274 N   0.80142 0.00000 0.19858 0.00000 ( 1)
 275 T   0.80163 0.00000 0.19837 0.00000 ( 1)
 276 S   0.79843 0.00000 0.20157 0.00000 ( 1)
 277 A   0.78948 0.00000 0.21052 0.00000 ( 1)
 278 E   0.78498 0.00000 0.21502 0.00000 ( 1)
 279 C   0.79269 0.00000 0.20731 0.00000 ( 1)
 280 K   0.78373 0.00000 0.21627 0.00000 ( 1)
 281 L   0.78414 0.00000 0.21586 0.00000 ( 1)
 282 A   0.78935 0.00000 0.21065 0.00000 ( 1)
 283 K   0.79121 0.00000 0.20879 0.00000 ( 1)
 284 V   0.78982 0.00000 0.21018 0.00000 ( 1)
 285 A   0.78351 0.00000 0.21649 0.00000 ( 1)
 286 L   0.78341 0.00000 0.21659 0.00000 ( 1)
 287 M   0.80911 0.00000 0.19089 0.00000 ( 1)
 288 T   0.80248 0.00000 0.19752 0.00000 ( 1)
 289 I   0.79988 0.00000 0.20012 0.00000 ( 1)
 290 S   0.78452 0.00000 0.21548 0.00000 ( 1)
 291 L   0.77673 0.00000 0.22327 0.00000 ( 1)
 292 W   0.78137 0.00000 0.21863 0.00000 ( 1)
 293 F   0.80589 0.00000 0.19411 0.00000 ( 1)
 294 M   0.80911 0.00000 0.19089 0.00000 ( 1)
 295 A   0.78567 0.00000 0.21433 0.00000 ( 1)
 296 W   0.78137 0.00000 0.21863 0.00000 ( 1)
 297 T   0.78963 0.00000 0.21037 0.00000 ( 1)
 298 P   0.77816 0.00000 0.22184 0.00000 ( 1)
 299 Y   0.79223 0.00000 0.20777 0.00000 ( 1)
 300 L   0.77969 0.00000 0.22031 0.00000 ( 1)
 301 V   0.79281 0.00000 0.20719 0.00000 ( 1)
 302 I   0.80833 0.00000 0.19167 0.00000 ( 1)
 303 N   0.80135 0.00000 0.19865 0.00000 ( 1)
 304 F   0.78686 0.00000 0.21314 0.00000 ( 1)
 305 A   0.79003 0.00000 0.20997 0.00000 ( 1)
 306 G   0.77647 0.00000 0.22353 0.00000 ( 1)
 307 V   0.78786 0.00000 0.21214 0.00000 ( 1)
 308 F   0.80588 0.00000 0.19412 0.00000 ( 1)
 309 E   0.79212 0.00000 0.20788 0.00000 ( 1)
 310 T   0.02542 0.00000 0.97458 0.00000 ( 3)
 311 A   0.78563 0.00000 0.21437 0.00000 ( 1)
 312 P   0.78656 0.00000 0.21344 0.00000 ( 1)
 313 I   0.80835 0.00000 0.19165 0.00000 ( 1)
 314 S   0.79842 0.00000 0.20158 0.00000 ( 1)
 315 P   0.78326 0.00000 0.21674 0.00000 ( 1)
 316 L   0.78120 0.00000 0.21880 0.00000 ( 1)
 317 S   0.80228 0.00000 0.19772 0.00000 ( 1)
 318 T   0.80277 0.00000 0.19723 0.00000 ( 1)
 319 I   0.80823 0.00000 0.19177 0.00000 ( 1)
 320 W   0.78137 0.00000 0.21863 0.00000 ( 1)
 321 G   0.79074 0.00000 0.20926 0.00000 ( 1)
 322 S   0.78170 0.00000 0.21830 0.00000 ( 1)
 323 V   0.02571 0.00000 0.97429 0.00000 ( 3)
 324 F   0.80460 0.00000 0.19540 0.00000 ( 1)
 325 A   0.80350 0.00000 0.19650 0.00000 ( 1)
 326 K   0.79120 0.00000 0.20880 0.00000 ( 1)
 327 A   0.78932 0.00000 0.21068 0.00000 ( 1)
 328 N   0.78972 0.00000 0.21028 0.00000 ( 1)
 329 A   0.79355 0.00000 0.20645 0.00000 ( 1)
 330 V   0.80382 0.00000 0.19618 0.00000 ( 1)
 331 Y   0.79228 0.00000 0.20772 0.00000 ( 1)
 332 N   0.79041 0.00000 0.20959 0.00000 ( 1)
 333 P   0.78420 0.00000 0.21580 0.00000 ( 1)
 334 I   0.79425 0.00000 0.20575 0.00000 ( 1)
 335 V   0.78258 0.00000 0.21742 0.00000 ( 1)
 336 Y   0.78149 0.00000 0.21851 0.00000 ( 1)
 337 G   0.78395 0.00000 0.21605 0.00000 ( 1)
 338 I   0.80836 0.00000 0.19164 0.00000 ( 1)
 339 S   0.79848 0.00000 0.20152 0.00000 ( 1)
 340 H   0.78759 0.00000 0.21241 0.00000 ( 1)
 341 P   0.78424 0.00000 0.21576 0.00000 ( 1)
 342 K   0.78372 0.00000 0.21628 0.00000 ( 1)
 343 Y   0.79234 0.00000 0.20766 0.00000 ( 1)
 344 R   0.78726 0.00000 0.21274 0.00000 ( 1)
 345 A   0.79209 0.00000 0.20791 0.00000 ( 1)
 346 A   0.79163 0.00000 0.20837 0.00000 ( 1)
 347 L   0.77967 0.00000 0.22033 0.00000 ( 1)
 348 Y   0.79236 0.00000 0.20764 0.00000 ( 1)
 349 Q   0.78087 0.00000 0.21913 0.00000 ( 1)
 350 R   0.78901 0.00000 0.21099 0.00000 ( 1)
 351 F   0.80598 0.00000 0.19402 0.00000 ( 1)
 352 P   0.78083 0.00000 0.21917 0.00000 ( 1)
 353 S   0.73214 0.00000 0.26786 0.00000 ( 1)
 354 L   0.78004 0.00000 0.21996 0.00000 ( 1)
 355 A   0.05525 0.00000 0.94475 0.00000 ( 3)
 356 C   0.79270 0.00000 0.20730 0.00000 ( 1)
 357 Q   0.78086 0.00000 0.21914 0.00000 ( 1)
 358 P   0.02359 0.00003 0.97636 0.00003 ( 3)
 359 S   0.78526 0.00000 0.21474 0.00000 ( 1)
 360 P   0.79501 0.00000 0.20499 0.00000 ( 1)
 361 E   0.30798 0.00000 0.69202 0.00000 ( 3)
 362 E   0.79151 0.00000 0.20849 0.00000 ( 1)
 363 T   0.00000 0.76731 0.00000 0.23269 ( 2)
 364 G   0.79601 0.00000 0.20399 0.00000 ( 1)
 365 S   0.79670 0.00000 0.20330 0.00000 ( 1)
 366 V   0.79290 0.00000 0.20710 0.00000 ( 1)
 367 A   0.80168 0.00000 0.19832 0.00000 ( 1)
 368 S   0.79598 0.00000 0.20402 0.00000 ( 1)
 369 A   0.79577 0.00000 0.20423 0.00000 ( 1)
 370 A   0.80335 0.00000 0.19665 0.00000 ( 1)
 371 T   0.80272 0.00000 0.19728 0.00000 ( 1)
 372 A   0.80228 0.00000 0.19772 0.00000 ( 1)
 373 C   0.80207 0.00000 0.19793 0.00000 ( 1)
 374 T   0.79637 0.00000 0.20363 0.00000 ( 1)
 375 E   0.79252 0.00000 0.20748 0.00000 ( 1)
 376 E   0.79262 0.00000 0.20738 0.00000 ( 1)
 377 K   0.79079 0.00000 0.20921 0.00000 ( 1)
 378 P   0.79378 0.00000 0.20622 0.00000 ( 1)
 379 S   0.02551 0.00000 0.97449 0.00000 ( 3)
 380 A   0.79230 0.00000 0.20770 0.00000 ( 1)

