Supplemental results for CODEML (seqf: align.fa  treef: tree.nwk)


MLEs of dN/dS (w) for site classes (K=4)

site class             0        1       2a       2b
proportion       0.92939  0.02794  0.04142  0.00125
background w     0.04056  1.00000  0.04056  1.00000
foreground w     0.04056  1.00000  1.19090  1.19090

Naive Empirical Bayes (NEB) probabilities for 4 classes
(amino acids refer to 1st sequence: ColCroc|LWS3)

   1 M   0.99359 0.00000 0.00641 0.00000 ( 1)
   2 A   0.97461 0.00020 0.02518 0.00001 ( 1)
   3 T   0.00000 0.94869 0.00000 0.05131 ( 2)
   4 S   0.10254 0.00000 0.89746 0.00000 ( 3)
   5 M   0.73869 0.00000 0.26131 0.00000 ( 1)
   6 D   0.78142 0.00000 0.21858 0.00000 ( 1)
   7 P   0.98568 0.00000 0.01432 0.00000 ( 1)
   8 A   0.97930 0.00000 0.02070 0.00000 ( 1)
   9 P   0.98455 0.00000 0.01545 0.00000 ( 1)
  10 G   0.98491 0.00000 0.01509 0.00000 ( 1)
  11 V   0.00000 0.96172 0.00000 0.03828 ( 2)
  12 A   0.98319 0.00000 0.01681 0.00000 ( 1)
  13 A   0.98723 0.00000 0.01277 0.00000 ( 1)
  14 M   0.98126 0.00000 0.01874 0.00000 ( 1)
  15 Q   0.98293 0.00000 0.01707 0.00000 ( 1)
  16 T   0.98788 0.00000 0.01212 0.00000 ( 1)
  17 W   0.98339 0.00000 0.01661 0.00000 ( 1)
  18 G   0.99003 0.00000 0.00997 0.00000 ( 1)
  19 G   0.98605 0.00000 0.01395 0.00000 ( 1)
  20 H   0.98288 0.00000 0.01712 0.00000 ( 1)
  21 A   0.98866 0.00000 0.01134 0.00000 ( 1)
  22 E   0.98880 0.00000 0.01120 0.00000 ( 1)
  23 A   0.98808 0.00000 0.01192 0.00000 ( 1)
  24 Y   0.98856 0.00000 0.01144 0.00000 ( 1)
  25 S   0.98988 0.00000 0.01012 0.00000 ( 1)
  26 A   0.98889 0.00000 0.01111 0.00000 ( 1)
  27 N   0.99158 0.00000 0.00842 0.00000 ( 1)
  28 Q   0.98288 0.00000 0.01712 0.00000 ( 1)
  29 T   0.98796 0.00000 0.01204 0.00000 ( 1)
  30 V   0.98761 0.00000 0.01239 0.00000 ( 1)
  31 V   0.98965 0.00000 0.01035 0.00000 ( 1)
  32 D   0.99174 0.00000 0.00826 0.00000 ( 1)
  33 K   0.98475 0.00000 0.01525 0.00000 ( 1)
  34 V   0.98699 0.00000 0.01301 0.00000 ( 1)
  35 L   0.08399 0.83060 0.04641 0.03901 ( 2)
  36 P   0.98069 0.00000 0.01931 0.00000 ( 1)
  37 E   0.99096 0.00000 0.00904 0.00000 ( 1)
  38 M   0.99359 0.00000 0.00641 0.00000 ( 1)
  39 L   0.72042 0.00000 0.27958 0.00000 ( 1)
  40 H   0.98929 0.00000 0.01071 0.00000 ( 1)
  41 L   0.75818 0.00000 0.24182 0.00000 ( 1)
  42 I   0.98646 0.00000 0.01354 0.00000 ( 1)
  43 D   0.99172 0.00000 0.00828 0.00000 ( 1)
  44 A   0.98062 0.00000 0.01938 0.00000 ( 1)
  45 H   0.98961 0.00000 0.01039 0.00000 ( 1)
  46 W   0.98339 0.00000 0.01661 0.00000 ( 1)
  47 Y   0.98692 0.00000 0.01308 0.00000 ( 1)
  48 Q   0.97880 0.00000 0.02120 0.00000 ( 1)
  49 F   0.99012 0.00000 0.00988 0.00000 ( 1)
  50 P   0.98063 0.00000 0.01937 0.00000 ( 1)
  51 P   0.98482 0.00000 0.01518 0.00000 ( 1)
  52 M   0.99359 0.00000 0.00641 0.00000 ( 1)
  53 N   0.98887 0.00000 0.01113 0.00000 ( 1)
  54 P   0.98478 0.00000 0.01522 0.00000 ( 1)
  55 L   0.97637 0.00000 0.02363 0.00000 ( 1)
  56 W   0.98339 0.00000 0.01661 0.00000 ( 1)
  57 Y   0.98958 0.00000 0.01042 0.00000 ( 1)
  58 G   0.97939 0.00000 0.02061 0.00000 ( 1)
  59 L   0.98149 0.00000 0.01851 0.00000 ( 1)
  60 L   0.98230 0.00000 0.01770 0.00000 ( 1)
  61 G   0.98237 0.00000 0.01763 0.00000 ( 1)
  62 F   0.99203 0.00000 0.00797 0.00000 ( 1)
  63 T   0.11025 0.00000 0.88975 0.00000 ( 3)
  64 I   0.98888 0.00000 0.01112 0.00000 ( 1)
  65 C   0.98987 0.00000 0.01013 0.00000 ( 1)
  66 I   0.00000 0.96303 0.00000 0.03697 ( 2)
  67 L   0.98948 0.00000 0.01052 0.00000 ( 1)
  68 A   0.98513 0.00000 0.01487 0.00000 ( 1)
  69 F   0.99189 0.00000 0.00811 0.00000 ( 1)
  70 I   0.98950 0.00000 0.01050 0.00000 ( 1)
  71 S   0.97858 0.00000 0.02142 0.00000 ( 1)
  72 V   0.99158 0.00000 0.00842 0.00000 ( 1)
  73 T   0.71413 0.00000 0.28587 0.00000 ( 1)
  74 G   0.98717 0.00000 0.01283 0.00000 ( 1)
  75 N   0.99160 0.00000 0.00840 0.00000 ( 1)
  76 G   0.97920 0.00000 0.02080 0.00000 ( 1)
  77 M   0.99359 0.00000 0.00641 0.00000 ( 1)
  78 V   0.98887 0.00000 0.01113 0.00000 ( 1)
  79 I   0.99173 0.00000 0.00827 0.00000 ( 1)
  80 Y   0.98824 0.00000 0.01176 0.00000 ( 1)
  81 I   0.99040 0.00000 0.00960 0.00000 ( 1)
  82 F   0.98950 0.00000 0.01050 0.00000 ( 1)
  83 S   0.98508 0.00000 0.01492 0.00000 ( 1)
  84 T   0.97539 0.00085 0.02372 0.00004 ( 1)
  85 T   0.98883 0.00000 0.01117 0.00000 ( 1)
  86 K   0.98837 0.00000 0.01163 0.00000 ( 1)
  87 S   0.00000 0.96411 0.00000 0.03589 ( 2)
  88 L   0.98979 0.00000 0.01021 0.00000 ( 1)
  89 K   0.98473 0.00000 0.01527 0.00000 ( 1)
  90 T   0.98265 0.00000 0.01735 0.00000 ( 1)
  91 P   0.98073 0.00000 0.01927 0.00000 ( 1)
  92 S   0.97842 0.00000 0.02158 0.00000 ( 1)
  93 N   0.99159 0.00000 0.00841 0.00000 ( 1)
  94 L   0.98325 0.00000 0.01675 0.00000 ( 1)
  95 L   0.98095 0.00000 0.01905 0.00000 ( 1)
  96 V   0.98585 0.00000 0.01415 0.00000 ( 1)
  97 V   0.98281 0.00000 0.01719 0.00000 ( 1)
  98 N   0.98767 0.00000 0.01233 0.00000 ( 1)
  99 L   0.97624 0.00000 0.02376 0.00000 ( 1)
 100 A   0.98452 0.00000 0.01548 0.00000 ( 1)
 101 F   0.98928 0.00000 0.01072 0.00000 ( 1)
 102 S   0.98170 0.00000 0.01830 0.00000 ( 1)
 103 D   0.98882 0.00000 0.01118 0.00000 ( 1)
 104 F   0.99192 0.00000 0.00808 0.00000 ( 1)
 105 L   0.97858 0.00000 0.02142 0.00000 ( 1)
 106 M   0.99359 0.00000 0.00641 0.00000 ( 1)
 107 M   0.99359 0.00000 0.00641 0.00000 ( 1)
 108 A   0.98916 0.00001 0.01084 0.00000 ( 1)
 109 M   0.00000 0.95802 0.00000 0.04198 ( 2)
 110 M   0.99359 0.00000 0.00641 0.00000 ( 1)
 111 A   0.98502 0.00000 0.01498 0.00000 ( 1)
 112 P   0.98811 0.00000 0.01189 0.00000 ( 1)
 113 P   0.84864 0.13647 0.00952 0.00537 ( 1)
 114 L   0.99359 0.00000 0.00641 0.00000 ( 1)
 115 C   0.98632 0.00000 0.01368 0.00000 ( 1)
 116 I   0.70350 0.00000 0.29650 0.00000 ( 1)
 117 N   0.71500 0.00000 0.28500 0.00000 ( 1)
 118 S   0.98639 0.00000 0.01361 0.00000 ( 1)
 119 Y   0.98841 0.00000 0.01159 0.00000 ( 1)
 120 Y   0.72519 0.00000 0.27481 0.00000 ( 1)
 121 Q   0.98541 0.00000 0.01459 0.00000 ( 1)
 122 T   0.98289 0.00000 0.01711 0.00000 ( 1)
 123 W   0.98339 0.00000 0.01661 0.00000 ( 1)
 124 V   0.98279 0.00000 0.01721 0.00000 ( 1)
 125 F   0.98899 0.00000 0.01101 0.00000 ( 1)
 126 G   0.98448 0.00000 0.01552 0.00000 ( 1)
 127 P   0.98342 0.00000 0.01658 0.00000 ( 1)
 128 V   0.98441 0.00000 0.01559 0.00000 ( 1)
 129 A   0.98380 0.00000 0.01620 0.00000 ( 1)
 130 C   0.98646 0.00000 0.01354 0.00000 ( 1)
 131 Q   0.98543 0.00000 0.01457 0.00000 ( 1)
 132 F   0.98377 0.00000 0.01623 0.00000 ( 1)
 133 Y   0.98854 0.00000 0.01146 0.00000 ( 1)
 134 A   0.98529 0.00000 0.01471 0.00000 ( 1)
 135 C   0.98390 0.00000 0.01610 0.00000 ( 1)
 136 F   0.98411 0.00073 0.01514 0.00003 ( 1)
 137 G   0.98939 0.00000 0.01061 0.00000 ( 1)
 138 S   0.98288 0.00000 0.01712 0.00000 ( 1)
 139 L   0.56421 0.00000 0.43579 0.00000 ( 1)
 140 F   0.98964 0.00000 0.01036 0.00000 ( 1)
 141 G   0.98976 0.00000 0.01024 0.00000 ( 1)
 142 C   0.98823 0.00000 0.01177 0.00000 ( 1)
 143 V   0.69904 0.00000 0.30096 0.00000 ( 1)
 144 S   0.98833 0.00000 0.01167 0.00000 ( 1)
 145 I   0.99070 0.00000 0.00930 0.00000 ( 1)
 146 W   0.98339 0.00000 0.01661 0.00000 ( 1)
 147 T   0.98309 0.00000 0.01691 0.00000 ( 1)
 148 M   0.99359 0.00000 0.00641 0.00000 ( 1)
 149 T   0.98364 0.00000 0.01636 0.00000 ( 1)
 150 A   0.99359 0.00000 0.00641 0.00000 ( 1)
 151 I   0.99127 0.00000 0.00873 0.00000 ( 1)
 152 A   0.98659 0.00000 0.01341 0.00000 ( 1)
 153 F   0.99201 0.00000 0.00799 0.00000 ( 1)
 154 D   0.99170 0.00000 0.00830 0.00000 ( 1)
 155 R   0.97122 0.00000 0.02878 0.00000 ( 1)
 156 Y   0.98856 0.00000 0.01144 0.00000 ( 1)
 157 N   0.99018 0.00000 0.00982 0.00000 ( 1)
 158 V   0.98967 0.00000 0.01033 0.00000 ( 1)
 159 I   0.99154 0.00000 0.00846 0.00000 ( 1)
 160 V   0.98784 0.00000 0.01216 0.00000 ( 1)
 161 K   0.98492 0.00000 0.01508 0.00000 ( 1)
 162 G   0.98236 0.00000 0.01764 0.00000 ( 1)
 163 I   0.98798 0.00000 0.01202 0.00000 ( 1)
 164 A   0.99027 0.00000 0.00973 0.00000 ( 1)
 165 A   0.99016 0.00000 0.00984 0.00000 ( 1)
 166 K   0.98836 0.00000 0.01164 0.00000 ( 1)
 167 P   0.98997 0.00000 0.01003 0.00000 ( 1)
 168 L   0.99359 0.00000 0.00641 0.00000 ( 1)
 169 T   0.99056 0.00000 0.00944 0.00000 ( 1)
 170 V   0.75002 0.00000 0.24998 0.00000 ( 1)
 171 N   0.98886 0.00000 0.01114 0.00000 ( 1)
 172 G   0.97921 0.00000 0.02079 0.00000 ( 1)
 173 A   0.98638 0.00000 0.01362 0.00000 ( 1)
 174 L   0.97833 0.00000 0.02167 0.00000 ( 1)
 175 L   0.98445 0.00000 0.01555 0.00000 ( 1)
 176 Q   0.97628 0.00000 0.02372 0.00000 ( 1)
 177 I   0.98744 0.00000 0.01256 0.00000 ( 1)
 178 F   0.98876 0.00000 0.01124 0.00000 ( 1)
 179 G   0.98552 0.00000 0.01448 0.00000 ( 1)
 180 V   0.99165 0.00000 0.00835 0.00000 ( 1)
 181 W   0.98339 0.00000 0.01661 0.00000 ( 1)
 182 A   0.00000 0.96054 0.00000 0.03946 ( 2)
 183 F   0.99203 0.00000 0.00797 0.00000 ( 1)
 184 S   0.97852 0.00000 0.02148 0.00000 ( 1)
 185 L   0.98547 0.00000 0.01453 0.00000 ( 1)
 186 A   0.98292 0.00001 0.01707 0.00000 ( 1)
 187 W   0.98339 0.00000 0.01661 0.00000 ( 1)
 188 T   0.98530 0.00000 0.01470 0.00000 ( 1)
 189 L   0.98554 0.00000 0.01446 0.00000 ( 1)
 190 A   0.98824 0.00000 0.01176 0.00000 ( 1)
 191 P   0.98070 0.00000 0.01930 0.00000 ( 1)
 192 I   0.11628 0.00000 0.88372 0.00000 ( 3)
 193 F   0.99203 0.00000 0.00797 0.00000 ( 1)
 194 G   0.98875 0.00000 0.01125 0.00000 ( 1)
 195 W   0.98339 0.00000 0.01661 0.00000 ( 1)
 196 S   0.99148 0.00000 0.00852 0.00000 ( 1)
 197 R   0.98398 0.00000 0.01602 0.00000 ( 1)
 198 Y   0.98833 0.00000 0.01167 0.00000 ( 1)
 199 V   0.98695 0.00000 0.01305 0.00000 ( 1)
 200 P   0.98295 0.00000 0.01705 0.00000 ( 1)
 201 E   0.98541 0.00000 0.01459 0.00000 ( 1)
 202 G   0.98949 0.00000 0.01051 0.00000 ( 1)
 203 N   0.99159 0.00000 0.00841 0.00000 ( 1)
 204 M   0.99359 0.00000 0.00641 0.00000 ( 1)
 205 T   0.98788 0.00000 0.01212 0.00000 ( 1)
 206 A   0.98826 0.00000 0.01174 0.00000 ( 1)
 207 C   0.98910 0.00000 0.01090 0.00000 ( 1)
 208 G   0.98537 0.00000 0.01463 0.00000 ( 1)
 209 T   0.98899 0.00000 0.01101 0.00000 ( 1)
 210 D   0.99162 0.00000 0.00838 0.00000 ( 1)
 211 Y   0.98843 0.00000 0.01157 0.00000 ( 1)
 212 L   0.98687 0.00000 0.01313 0.00000 ( 1)
 213 S   0.00000 0.96556 0.00000 0.03444 ( 2)
 214 K   0.98836 0.00000 0.01164 0.00000 ( 1)
 215 D   0.99157 0.00000 0.00843 0.00000 ( 1)
 216 L   0.98339 0.00000 0.01661 0.00000 ( 1)
 217 L   0.00000 0.95305 0.00000 0.04695 ( 2)
 218 S   0.99124 0.00000 0.00876 0.00000 ( 1)
 219 Q   0.98693 0.00000 0.01307 0.00000 ( 1)
 220 I   0.98834 0.00000 0.01166 0.00000 ( 1)
 221 Y   0.98856 0.00000 0.01144 0.00000 ( 1)
 222 I   0.99165 0.00000 0.00835 0.00000 ( 1)
 223 I   0.98154 0.00000 0.01846 0.00000 ( 1)
 224 T   0.98288 0.00000 0.01712 0.00000 ( 1)
 225 Y   0.98856 0.00000 0.01144 0.00000 ( 1)
 226 S   0.98542 0.00000 0.01458 0.00000 ( 1)
 227 I   0.67595 0.00000 0.32405 0.00000 ( 1)
 228 A   0.99203 0.00000 0.00797 0.00000 ( 1)
 229 C   0.05280 0.00000 0.94720 0.00000 ( 3)
 230 Y   0.98576 0.00000 0.01424 0.00000 ( 1)
 231 F   0.99203 0.00000 0.00797 0.00000 ( 1)
 232 L   0.00000 0.95055 0.00000 0.04945 ( 2)
 233 P   0.98545 0.00000 0.01455 0.00000 ( 1)
 234 L   0.98735 0.00000 0.01265 0.00000 ( 1)
 235 A   0.79408 0.00000 0.20592 0.00000 ( 1)
 236 L   0.99027 0.00000 0.00973 0.00000 ( 1)
 237 I   0.99160 0.00000 0.00840 0.00000 ( 1)
 238 V   0.99160 0.00000 0.00840 0.00000 ( 1)
 239 Y   0.98479 0.00000 0.01521 0.00000 ( 1)
 240 S   0.98502 0.00000 0.01498 0.00000 ( 1)
 241 Y   0.98856 0.00000 0.01144 0.00000 ( 1)
 242 F   0.99192 0.00000 0.00808 0.00000 ( 1)
 243 F   0.98960 0.00000 0.01040 0.00000 ( 1)
 244 I   0.98884 0.00000 0.01116 0.00000 ( 1)
 245 V   0.73200 0.00000 0.26800 0.00000 ( 1)
 246 Q   0.98296 0.00000 0.01704 0.00000 ( 1)
 247 A   0.98737 0.00000 0.01263 0.00000 ( 1)
 248 V   0.98279 0.00000 0.01721 0.00000 ( 1)
 249 A   0.98805 0.00000 0.01195 0.00000 ( 1)
 250 A   0.98639 0.00000 0.01361 0.00000 ( 1)
 251 H   0.98953 0.00000 0.01047 0.00000 ( 1)
 252 E   0.98544 0.00000 0.01456 0.00000 ( 1)
 253 K   0.98473 0.00000 0.01527 0.00000 ( 1)
 254 A   0.98673 0.00000 0.01327 0.00000 ( 1)
 255 M   0.99359 0.00000 0.00641 0.00000 ( 1)
 256 R   0.98327 0.00000 0.01673 0.00000 ( 1)
 257 E   0.98541 0.00000 0.01459 0.00000 ( 1)
 258 Q   0.97903 0.00000 0.02097 0.00000 ( 1)
 259 A   0.98920 0.00000 0.01080 0.00000 ( 1)
 260 K   0.98509 0.00000 0.01491 0.00000 ( 1)
 261 K   0.98714 0.00000 0.01286 0.00000 ( 1)
 262 M   0.99359 0.00000 0.00641 0.00000 ( 1)
 263 N   0.99147 0.00000 0.00853 0.00000 ( 1)
 264 V   0.98462 0.00000 0.01538 0.00000 ( 1)
 265 A   0.98706 0.00000 0.01294 0.00000 ( 1)
 266 S   0.98257 0.00000 0.01743 0.00000 ( 1)
 267 L   0.98473 0.00000 0.01527 0.00000 ( 1)
 268 R   0.98244 0.00000 0.01756 0.00000 ( 1)
 269 S   0.98274 0.00000 0.01726 0.00000 ( 1)
 270 S   0.98772 0.00000 0.01228 0.00000 ( 1)
 271 E   0.73463 0.00000 0.26537 0.00000 ( 1)
 272 Q   0.98885 0.00000 0.01115 0.00000 ( 1)
 273 A   0.98878 0.00000 0.01122 0.00000 ( 1)
 274 N   0.99159 0.00000 0.00841 0.00000 ( 1)
 275 T   0.98669 0.00000 0.01331 0.00000 ( 1)
 276 S   0.99098 0.00000 0.00902 0.00000 ( 1)
 277 A   0.98640 0.00000 0.01360 0.00000 ( 1)
 278 E   0.98541 0.00000 0.01459 0.00000 ( 1)
 279 C   0.98926 0.00000 0.01074 0.00000 ( 1)
 280 K   0.98558 0.00000 0.01442 0.00000 ( 1)
 281 L   0.98259 0.00000 0.01741 0.00000 ( 1)
 282 A   0.98906 0.00000 0.01094 0.00000 ( 1)
 283 K   0.98511 0.00000 0.01489 0.00000 ( 1)
 284 V   0.98674 0.00000 0.01326 0.00000 ( 1)
 285 A   0.98613 0.00000 0.01387 0.00000 ( 1)
 286 L   0.97814 0.00000 0.02186 0.00000 ( 1)
 287 M   0.99359 0.00000 0.00641 0.00000 ( 1)
 288 T   0.99058 0.00000 0.00942 0.00000 ( 1)
 289 I   0.99085 0.00000 0.00915 0.00000 ( 1)
 290 S   0.98526 0.00000 0.01474 0.00000 ( 1)
 291 L   0.97750 0.00000 0.02250 0.00000 ( 1)
 292 W   0.98339 0.00000 0.01661 0.00000 ( 1)
 293 F   0.98986 0.00000 0.01014 0.00000 ( 1)
 294 M   0.99359 0.00000 0.00641 0.00000 ( 1)
 295 A   0.98396 0.00000 0.01604 0.00000 ( 1)
 296 W   0.98339 0.00000 0.01661 0.00000 ( 1)
 297 T   0.98646 0.00000 0.01354 0.00000 ( 1)
 298 P   0.98071 0.00000 0.01929 0.00000 ( 1)
 299 Y   0.98578 0.00000 0.01422 0.00000 ( 1)
 300 L   0.98132 0.00000 0.01868 0.00000 ( 1)
 301 V   0.98865 0.00000 0.01135 0.00000 ( 1)
 302 I   0.99168 0.00000 0.00832 0.00000 ( 1)
 303 N   0.99159 0.00000 0.00841 0.00000 ( 1)
 304 F   0.98856 0.00000 0.01144 0.00000 ( 1)
 305 A   0.98908 0.00000 0.01092 0.00000 ( 1)
 306 G   0.97936 0.00000 0.02064 0.00000 ( 1)
 307 V   0.98856 0.00000 0.01144 0.00000 ( 1)
 308 F   0.99204 0.00000 0.00796 0.00000 ( 1)
 309 E   0.98601 0.00000 0.01399 0.00000 ( 1)
 310 T   0.99124 0.00000 0.00876 0.00000 ( 1)
 311 A   0.98403 0.00000 0.01597 0.00000 ( 1)
 312 P   0.98564 0.00000 0.01436 0.00000 ( 1)
 313 I   0.98993 0.00000 0.01007 0.00000 ( 1)
 314 S   0.98757 0.00000 0.01243 0.00000 ( 1)
 315 P   0.98567 0.00000 0.01433 0.00000 ( 1)
 316 L   0.98146 0.00000 0.01854 0.00000 ( 1)
 317 S   0.98840 0.00000 0.01160 0.00000 ( 1)
 318 T   0.98622 0.00000 0.01378 0.00000 ( 1)
 319 I   0.99177 0.00000 0.00823 0.00000 ( 1)
 320 W   0.98339 0.00000 0.01661 0.00000 ( 1)
 321 G   0.98398 0.00000 0.01602 0.00000 ( 1)
 322 S   0.98397 0.00000 0.01603 0.00000 ( 1)
 323 V   0.65333 0.00000 0.34667 0.00000 ( 1)
 324 F   0.99187 0.00000 0.00813 0.00000 ( 1)
 325 A   0.98707 0.00000 0.01293 0.00000 ( 1)
 326 K   0.98541 0.00000 0.01459 0.00000 ( 1)
 327 A   0.98889 0.00000 0.01111 0.00000 ( 1)
 328 N   0.98926 0.00000 0.01074 0.00000 ( 1)
 329 A   0.98706 0.00000 0.01294 0.00000 ( 1)
 330 V   0.98665 0.00000 0.01335 0.00000 ( 1)
 331 Y   0.98584 0.00000 0.01416 0.00000 ( 1)
 332 N   0.98798 0.00000 0.01202 0.00000 ( 1)
 333 P   0.98494 0.00000 0.01506 0.00000 ( 1)
 334 I   0.98876 0.00000 0.01124 0.00000 ( 1)
 335 V   0.98277 0.00000 0.01723 0.00000 ( 1)
 336 Y   0.98294 0.00000 0.01706 0.00000 ( 1)
 337 G   0.98773 0.00000 0.01227 0.00000 ( 1)
 338 I   0.99178 0.00000 0.00822 0.00000 ( 1)
 339 S   0.98833 0.00000 0.01167 0.00000 ( 1)
 340 H   0.98459 0.00000 0.01541 0.00000 ( 1)
 341 P   0.98481 0.00000 0.01519 0.00000 ( 1)
 342 K   0.98473 0.00000 0.01527 0.00000 ( 1)
 343 Y   0.98856 0.00000 0.01144 0.00000 ( 1)
 344 R   0.98039 0.00000 0.01961 0.00000 ( 1)
 345 A   0.98725 0.00000 0.01275 0.00000 ( 1)
 346 A   0.98689 0.00000 0.01311 0.00000 ( 1)
 347 L   0.98119 0.00000 0.01881 0.00000 ( 1)
 348 Y   0.98856 0.00000 0.01144 0.00000 ( 1)
 349 Q   0.98296 0.00000 0.01704 0.00000 ( 1)
 350 R   0.98783 0.00000 0.01217 0.00000 ( 1)
 351 F   0.99204 0.00000 0.00796 0.00000 ( 1)
 352 P   0.98168 0.00000 0.01832 0.00000 ( 1)
 353 S   0.65242 0.00000 0.34757 0.00000 ( 1)
 354 L   0.98602 0.00000 0.01398 0.00000 ( 1)
 355 A   0.65103 0.00000 0.34897 0.00000 ( 1)
 356 C   0.98926 0.00000 0.01074 0.00000 ( 1)
 357 Q   0.98285 0.00000 0.01715 0.00000 ( 1)
 358 P   0.65032 0.07625 0.27003 0.00341 ( 1)
 359 S   0.98442 0.00000 0.01558 0.00000 ( 1)
 360 P   0.98430 0.00000 0.01570 0.00000 ( 1)
 361 E   0.99116 0.00000 0.00884 0.00000 ( 1)
 362 E   0.98576 0.00000 0.01424 0.00000 ( 1)
 363 T   0.00000 0.96416 0.00000 0.03584 ( 2)
 364 G   0.64282 0.00000 0.35718 0.00000 ( 1)
 365 S   0.98974 0.00000 0.01026 0.00000 ( 1)
 366 V   0.98523 0.00000 0.01477 0.00000 ( 1)
 367 A   0.74174 0.00000 0.25826 0.00000 ( 1)
 368 S   0.98880 0.00000 0.01120 0.00000 ( 1)
 369 A   0.76734 0.00000 0.23266 0.00000 ( 1)
 370 A   0.98023 0.00000 0.01977 0.00000 ( 1)
 371 T   0.99041 0.00000 0.00959 0.00000 ( 1)
 372 A   0.99005 0.00000 0.00995 0.00000 ( 1)
 373 C   0.06246 0.00000 0.93754 0.00000 ( 3)
 374 T   0.71888 0.00000 0.28112 0.00000 ( 1)
 375 E   0.98598 0.00000 0.01402 0.00000 ( 1)
 376 E   0.98872 0.00000 0.01128 0.00000 ( 1)
 377 K   0.98826 0.00000 0.01174 0.00000 ( 1)
 378 P   0.98607 0.00000 0.01393 0.00000 ( 1)
 379 S   0.99005 0.00000 0.00995 0.00000 ( 1)
 380 A   0.98725 0.00000 0.01275 0.00000 ( 1)


lnL = -69098.324510

Bayes Empirical Bayes (BEB) probabilities for 4 classes (class)
(amino acids refer to 1st sequence: ColCroc|LWS3)

   1 M   0.99802 0.00000 0.00198 0.00000 ( 1)
   2 A   0.98735 0.00000 0.01265 0.00000 ( 1)
   3 T   0.00000 0.91327 0.00000 0.08673 ( 2)
   4 S   0.13436 0.00000 0.86564 0.00000 ( 3)
   5 M   0.84666 0.00000 0.15334 0.00000 ( 1)
   6 D   0.90295 0.00000 0.09705 0.00000 ( 1)
   7 P   0.99513 0.00000 0.00487 0.00000 ( 1)
   8 A   0.99368 0.00000 0.00632 0.00000 ( 1)
   9 P   0.99520 0.00000 0.00480 0.00000 ( 1)
  10 G   0.99423 0.00000 0.00577 0.00000 ( 1)
  11 V   0.00000 0.98355 0.00000 0.01645 ( 2)
  12 A   0.99398 0.00000 0.00602 0.00000 ( 1)
  13 A   0.99537 0.00000 0.00463 0.00000 ( 1)
  14 M   0.99402 0.00000 0.00598 0.00000 ( 1)
  15 Q   0.99560 0.00000 0.00440 0.00000 ( 1)
  16 T   0.99471 0.00000 0.00529 0.00000 ( 1)
  17 W   0.99583 0.00000 0.00417 0.00000 ( 1)
  18 G   0.99716 0.00000 0.00284 0.00000 ( 1)
  19 G   0.99599 0.00000 0.00401 0.00000 ( 1)
  20 H   0.99556 0.00000 0.00444 0.00000 ( 1)
  21 A   0.99424 0.00000 0.00576 0.00000 ( 1)
  22 E   0.99481 0.00000 0.00519 0.00000 ( 1)
  23 A   0.99534 0.00000 0.00466 0.00000 ( 1)
  24 Y   0.99686 0.00000 0.00314 0.00000 ( 1)
  25 S   0.99707 0.00000 0.00293 0.00000 ( 1)
  26 A   0.99584 0.00000 0.00416 0.00000 ( 1)
  27 N   0.99748 0.00000 0.00252 0.00000 ( 1)
  28 Q   0.99556 0.00000 0.00444 0.00000 ( 1)
  29 T   0.99548 0.00000 0.00452 0.00000 ( 1)
  30 V   0.99490 0.00000 0.00510 0.00000 ( 1)
  31 V   0.99540 0.00000 0.00460 0.00000 ( 1)
  32 D   0.99737 0.00000 0.00263 0.00000 ( 1)
  33 K   0.99609 0.00000 0.00391 0.00000 ( 1)
  34 V   0.99509 0.00000 0.00491 0.00000 ( 1)
  35 L   0.70514 0.04032 0.25297 0.00157 ( 1)
  36 P   0.99403 0.00000 0.00597 0.00000 ( 1)
  37 E   0.99693 0.00000 0.00307 0.00000 ( 1)
  38 M   0.99802 0.00000 0.00198 0.00000 ( 1)
  39 L   0.83739 0.00000 0.16261 0.00000 ( 1)
  40 H   0.99728 0.00000 0.00272 0.00000 ( 1)
  41 L   0.87230 0.00000 0.12770 0.00000 ( 1)
  42 I   0.99389 0.00000 0.00611 0.00000 ( 1)
  43 D   0.99736 0.00000 0.00264 0.00000 ( 1)
  44 A   0.99402 0.00000 0.00598 0.00000 ( 1)
  45 H   0.99744 0.00000 0.00256 0.00000 ( 1)
  46 W   0.99583 0.00000 0.00417 0.00000 ( 1)
  47 Y   0.99617 0.00000 0.00383 0.00000 ( 1)
  48 Q   0.99390 0.00000 0.00610 0.00000 ( 1)
  49 F   0.99628 0.00000 0.00372 0.00000 ( 1)
  50 P   0.99402 0.00000 0.00598 0.00000 ( 1)
  51 P   0.99561 0.00000 0.00439 0.00000 ( 1)
  52 M   0.99802 0.00000 0.00198 0.00000 ( 1)
  53 N   0.99632 0.00000 0.00368 0.00000 ( 1)
  54 P   0.99566 0.00000 0.00434 0.00000 ( 1)
  55 L   0.99173 0.00000 0.00827 0.00000 ( 1)
  56 W   0.99583 0.00000 0.00417 0.00000 ( 1)
  57 Y   0.99743 0.00000 0.00257 0.00000 ( 1)
  58 G   0.99371 0.00000 0.00629 0.00000 ( 1)
  59 L   0.99306 0.00000 0.00694 0.00000 ( 1)
  60 L   0.99196 0.00000 0.00804 0.00000 ( 1)
  61 G   0.99342 0.00000 0.00658 0.00000 ( 1)
  62 F   0.99713 0.00000 0.00287 0.00000 ( 1)
  63 T   0.16738 0.00000 0.83262 0.00000 ( 3)
  64 I   0.99614 0.00000 0.00386 0.00000 ( 1)
  65 C   0.99706 0.00000 0.00294 0.00000 ( 1)
  66 I   0.00000 0.98374 0.00000 0.01626 ( 2)
  67 L   0.99660 0.00000 0.00340 0.00000 ( 1)
  68 A   0.99578 0.00000 0.00422 0.00000 ( 1)
  69 F   0.99707 0.00000 0.00293 0.00000 ( 1)
  70 I   0.99586 0.00000 0.00414 0.00000 ( 1)
  71 S   0.99271 0.00000 0.00729 0.00000 ( 1)
  72 V   0.99651 0.00000 0.00349 0.00000 ( 1)
  73 T   0.83904 0.00000 0.16096 0.00000 ( 1)
  74 G   0.99596 0.00000 0.00404 0.00000 ( 1)
  75 N   0.99750 0.00000 0.00250 0.00000 ( 1)
  76 G   0.99368 0.00000 0.00632 0.00000 ( 1)
  77 M   0.99802 0.00000 0.00198 0.00000 ( 1)
  78 V   0.99528 0.00000 0.00472 0.00000 ( 1)
  79 I   0.99661 0.00000 0.00339 0.00000 ( 1)
  80 Y   0.99666 0.00000 0.00334 0.00000 ( 1)
  81 I   0.99601 0.00000 0.00399 0.00000 ( 1)
  82 F   0.99637 0.00000 0.00363 0.00000 ( 1)
  83 S   0.99416 0.00000 0.00584 0.00000 ( 1)
  84 T   0.98449 0.00001 0.01550 0.00000 ( 1)
  85 T   0.99550 0.00000 0.00450 0.00000 ( 1)
  86 K   0.99706 0.00000 0.00294 0.00000 ( 1)
  87 S   0.00000 0.99072 0.00000 0.00928 ( 2)
  88 L   0.99667 0.00000 0.00333 0.00000 ( 1)
  89 K   0.99611 0.00000 0.00389 0.00000 ( 1)
  90 T   0.99431 0.00000 0.00569 0.00000 ( 1)
  91 P   0.99404 0.00000 0.00596 0.00000 ( 1)
  92 S   0.99266 0.00000 0.00734 0.00000 ( 1)
  93 N   0.99749 0.00000 0.00251 0.00000 ( 1)
  94 L   0.99523 0.00000 0.00477 0.00000 ( 1)
  95 L   0.99296 0.00000 0.00704 0.00000 ( 1)
  96 V   0.99426 0.00000 0.00574 0.00000 ( 1)
  97 V   0.99377 0.00000 0.00623 0.00000 ( 1)
  98 N   0.99670 0.00000 0.00330 0.00000 ( 1)
  99 L   0.99161 0.00000 0.00839 0.00000 ( 1)
 100 A   0.99428 0.00000 0.00572 0.00000 ( 1)
 101 F   0.99645 0.00000 0.00355 0.00000 ( 1)
 102 S   0.99346 0.00000 0.00654 0.00000 ( 1)
 103 D   0.99643 0.00000 0.00357 0.00000 ( 1)
 104 F   0.99708 0.00000 0.00292 0.00000 ( 1)
 105 L   0.98964 0.00000 0.01036 0.00000 ( 1)
 106 M   0.99802 0.00000 0.00198 0.00000 ( 1)
 107 M   0.99802 0.00000 0.00198 0.00000 ( 1)
 108 A   0.99728 0.00000 0.00272 0.00000 ( 1)
 109 M   0.00000 0.96376 0.00000 0.03624 ( 2)
 110 M   0.99802 0.00000 0.00198 0.00000 ( 1)
 111 A   0.99524 0.00000 0.00476 0.00000 ( 1)
 112 P   0.99581 0.00000 0.00419 0.00000 ( 1)
 113 P   0.99495 0.00058 0.00446 0.00001 ( 1)
 114 L   0.99802 0.00000 0.00198 0.00000 ( 1)
 115 C   0.99462 0.00000 0.00538 0.00000 ( 1)
 116 I   0.83471 0.00000 0.16529 0.00000 ( 1)
 117 N   0.86960 0.00000 0.13040 0.00000 ( 1)
 118 S   0.99595 0.00000 0.00405 0.00000 ( 1)
 119 Y   0.99679 0.00000 0.00321 0.00000 ( 1)
 120 Y   0.85066 0.00000 0.14934 0.00000 ( 1)
 121 Q   0.99619 0.00000 0.00381 0.00000 ( 1)
 122 T   0.99432 0.00000 0.00568 0.00000 ( 1)
 123 W   0.99583 0.00000 0.00417 0.00000 ( 1)
 124 V   0.99376 0.00000 0.00624 0.00000 ( 1)
 125 F   0.99654 0.00000 0.00346 0.00000 ( 1)
 126 G   0.99554 0.00000 0.00446 0.00000 ( 1)
 127 P   0.99441 0.00000 0.00559 0.00000 ( 1)
 128 V   0.99398 0.00000 0.00602 0.00000 ( 1)
 129 A   0.99404 0.00000 0.00596 0.00000 ( 1)
 130 C   0.99599 0.00000 0.00401 0.00000 ( 1)
 131 Q   0.99617 0.00000 0.00383 0.00000 ( 1)
 132 F   0.99448 0.00000 0.00552 0.00000 ( 1)
 133 Y   0.99685 0.00000 0.00315 0.00000 ( 1)
 134 A   0.99413 0.00000 0.00587 0.00000 ( 1)
 135 C   0.99579 0.00000 0.00421 0.00000 ( 1)
 136 F   0.99381 0.00000 0.00619 0.00000 ( 1)
 137 G   0.99684 0.00000 0.00316 0.00000 ( 1)
 138 S   0.99420 0.00000 0.00580 0.00000 ( 1)
 139 L   0.66862 0.00000 0.33138 0.00000 ( 1)
 140 F   0.99632 0.00000 0.00368 0.00000 ( 1)
 141 G   0.99704 0.00000 0.00296 0.00000 ( 1)
 142 C   0.99683 0.00000 0.00317 0.00000 ( 1)
 143 V   0.79670 0.00000 0.20330 0.00000 ( 1)
 144 S   0.99553 0.00000 0.00447 0.00000 ( 1)
 145 I   0.99622 0.00000 0.00378 0.00000 ( 1)
 146 W   0.99583 0.00000 0.00417 0.00000 ( 1)
 147 T   0.99432 0.00000 0.00568 0.00000 ( 1)
 148 M   0.99802 0.00000 0.00198 0.00000 ( 1)
 149 T   0.99437 0.00000 0.00563 0.00000 ( 1)
 150 A   0.99802 0.00000 0.00198 0.00000 ( 1)
 151 I   0.99643 0.00000 0.00357 0.00000 ( 1)
 152 A   0.99441 0.00000 0.00559 0.00000 ( 1)
 153 F   0.99712 0.00000 0.00288 0.00000 ( 1)
 154 D   0.99735 0.00000 0.00265 0.00000 ( 1)
 155 R   0.98902 0.00000 0.01098 0.00000 ( 1)
 156 Y   0.99686 0.00000 0.00314 0.00000 ( 1)
 157 N   0.99679 0.00000 0.00321 0.00000 ( 1)
 158 V   0.99538 0.00000 0.00462 0.00000 ( 1)
 159 I   0.99648 0.00000 0.00352 0.00000 ( 1)
 160 V   0.99422 0.00000 0.00578 0.00000 ( 1)
 161 K   0.99587 0.00000 0.00413 0.00000 ( 1)
 162 G   0.99342 0.00000 0.00658 0.00000 ( 1)
 163 I   0.99449 0.00000 0.00551 0.00000 ( 1)
 164 A   0.99592 0.00000 0.00408 0.00000 ( 1)
 165 A   0.99589 0.00000 0.00411 0.00000 ( 1)
 166 K   0.99706 0.00000 0.00294 0.00000 ( 1)
 167 P   0.99703 0.00000 0.00297 0.00000 ( 1)
 168 L   0.99802 0.00000 0.00198 0.00000 ( 1)
 169 T   0.99631 0.00000 0.00369 0.00000 ( 1)
 170 V   0.88411 0.00000 0.11589 0.00000 ( 1)
 171 N   0.99632 0.00000 0.00368 0.00000 ( 1)
 172 G   0.99368 0.00000 0.00632 0.00000 ( 1)
 173 A   0.99502 0.00000 0.00498 0.00000 ( 1)
 174 L   0.99212 0.00000 0.00788 0.00000 ( 1)
 175 L   0.99399 0.00000 0.00601 0.00000 ( 1)
 176 Q   0.99185 0.00000 0.00815 0.00000 ( 1)
 177 I   0.99432 0.00000 0.00568 0.00000 ( 1)
 178 F   0.99631 0.00000 0.00369 0.00000 ( 1)
 179 G   0.99488 0.00000 0.00512 0.00000 ( 1)
 180 V   0.99658 0.00000 0.00342 0.00000 ( 1)
 181 W   0.99583 0.00000 0.00417 0.00000 ( 1)
 182 A   0.00000 0.98050 0.00000 0.01950 ( 2)
 183 F   0.99713 0.00000 0.00287 0.00000 ( 1)
 184 S   0.99267 0.00000 0.00733 0.00000 ( 1)
 185 L   0.99580 0.00000 0.00420 0.00000 ( 1)
 186 A   0.99394 0.00000 0.00606 0.00000 ( 1)
 187 W   0.99583 0.00000 0.00417 0.00000 ( 1)
 188 T   0.99417 0.00000 0.00583 0.00000 ( 1)
 189 L   0.99580 0.00000 0.00420 0.00000 ( 1)
 190 A   0.99498 0.00000 0.00502 0.00000 ( 1)
 191 P   0.99404 0.00000 0.00596 0.00000 ( 1)
 192 I   0.16032 0.00000 0.83968 0.00000 ( 3)
 193 F   0.99714 0.00000 0.00286 0.00000 ( 1)
 194 G   0.99637 0.00000 0.00363 0.00000 ( 1)
 195 W   0.99583 0.00000 0.00417 0.00000 ( 1)
 196 S   0.99744 0.00000 0.00256 0.00000 ( 1)
 197 R   0.99501 0.00000 0.00499 0.00000 ( 1)
 198 Y   0.99676 0.00000 0.00324 0.00000 ( 1)
 199 V   0.99509 0.00000 0.00491 0.00000 ( 1)
 200 P   0.99425 0.00000 0.00575 0.00000 ( 1)
 201 E   0.99619 0.00000 0.00381 0.00000 ( 1)
 202 G   0.99688 0.00000 0.00312 0.00000 ( 1)
 203 N   0.99749 0.00000 0.00251 0.00000 ( 1)
 204 M   0.99802 0.00000 0.00198 0.00000 ( 1)
 205 T   0.99559 0.00000 0.00441 0.00000 ( 1)
 206 A   0.99466 0.00000 0.00534 0.00000 ( 1)
 207 C   0.99725 0.00000 0.00275 0.00000 ( 1)
 208 G   0.99434 0.00000 0.00566 0.00000 ( 1)
 209 T   0.99581 0.00000 0.00419 0.00000 ( 1)
 210 D   0.99731 0.00000 0.00269 0.00000 ( 1)
 211 Y   0.99681 0.00000 0.00319 0.00000 ( 1)
 212 L   0.99613 0.00000 0.00387 0.00000 ( 1)
 213 S   0.00000 0.99067 0.00000 0.00933 ( 2)
 214 K   0.99706 0.00000 0.00294 0.00000 ( 1)
 215 D   0.99729 0.00000 0.00271 0.00000 ( 1)
 216 L   0.99583 0.00000 0.00417 0.00000 ( 1)
 217 L   0.00000 0.95311 0.00001 0.04688 ( 2)
 218 S   0.99771 0.00000 0.00229 0.00000 ( 1)
 219 Q   0.99688 0.00000 0.00312 0.00000 ( 1)
 220 I   0.99638 0.00000 0.00362 0.00000 ( 1)
 221 Y   0.99686 0.00000 0.00314 0.00000 ( 1)
 222 I   0.99658 0.00000 0.00342 0.00000 ( 1)
 223 I   0.99401 0.00000 0.00599 0.00000 ( 1)
 224 T   0.99168 0.00000 0.00832 0.00000 ( 1)
 225 Y   0.99686 0.00000 0.00314 0.00000 ( 1)
 226 S   0.99416 0.00000 0.00584 0.00000 ( 1)
 227 I   0.77834 0.00000 0.22166 0.00000 ( 1)
 228 A   0.99714 0.00000 0.00286 0.00000 ( 1)
 229 C   0.04500 0.00000 0.95500 0.00000 ( 3)
 230 Y   0.99574 0.00000 0.00426 0.00000 ( 1)
 231 F   0.99713 0.00000 0.00287 0.00000 ( 1)
 232 L   0.00000 0.94222 0.00000 0.05778 ( 2)
 233 P   0.99484 0.00000 0.00516 0.00000 ( 1)
 234 L   0.99519 0.00000 0.00481 0.00000 ( 1)
 235 A   0.90404 0.00000 0.09596 0.00000 ( 1)
 236 L   0.99693 0.00000 0.00307 0.00000 ( 1)
 237 I   0.99652 0.00000 0.00348 0.00000 ( 1)
 238 V   0.99652 0.00000 0.00348 0.00000 ( 1)
 239 Y   0.99555 0.00000 0.00445 0.00000 ( 1)
 240 S   0.99524 0.00000 0.00476 0.00000 ( 1)
 241 Y   0.99686 0.00000 0.00314 0.00000 ( 1)
 242 F   0.99709 0.00000 0.00291 0.00000 ( 1)
 243 F   0.99633 0.00000 0.00367 0.00000 ( 1)
 244 I   0.99614 0.00000 0.00386 0.00000 ( 1)
 245 V   0.85097 0.00000 0.14903 0.00000 ( 1)
 246 Q   0.99561 0.00000 0.00439 0.00000 ( 1)
 247 A   0.99463 0.00000 0.00537 0.00000 ( 1)
 248 V   0.99376 0.00000 0.00624 0.00000 ( 1)
 249 A   0.99481 0.00000 0.00519 0.00000 ( 1)
 250 A   0.99502 0.00000 0.00498 0.00000 ( 1)
 251 H   0.99740 0.00000 0.00260 0.00000 ( 1)
 252 E   0.99615 0.00000 0.00385 0.00000 ( 1)
 253 K   0.99611 0.00000 0.00389 0.00000 ( 1)
 254 A   0.99444 0.00000 0.00556 0.00000 ( 1)
 255 M   0.99802 0.00000 0.00198 0.00000 ( 1)
 256 R   0.99525 0.00000 0.00475 0.00000 ( 1)
 257 E   0.99619 0.00000 0.00381 0.00000 ( 1)
 258 Q   0.99381 0.00000 0.00619 0.00000 ( 1)
 259 A   0.99566 0.00000 0.00434 0.00000 ( 1)
 260 K   0.99566 0.00000 0.00434 0.00000 ( 1)
 261 K   0.99628 0.00000 0.00372 0.00000 ( 1)
 262 M   0.99802 0.00000 0.00198 0.00000 ( 1)
 263 N   0.99743 0.00000 0.00257 0.00000 ( 1)
 264 V   0.99377 0.00000 0.00623 0.00000 ( 1)
 265 A   0.99455 0.00000 0.00545 0.00000 ( 1)
 266 S   0.99329 0.00000 0.00671 0.00000 ( 1)
 267 L   0.99372 0.00000 0.00628 0.00000 ( 1)
 268 R   0.99531 0.00000 0.00469 0.00000 ( 1)
 269 S   0.99397 0.00000 0.00603 0.00000 ( 1)
 270 S   0.99534 0.00000 0.00466 0.00000 ( 1)
 271 E   0.88273 0.00000 0.11727 0.00000 ( 1)
 272 Q   0.99508 0.00000 0.00492 0.00000 ( 1)
 273 A   0.99517 0.00000 0.00483 0.00000 ( 1)
 274 N   0.99749 0.00000 0.00251 0.00000 ( 1)
 275 T   0.99449 0.00000 0.00551 0.00000 ( 1)
 276 S   0.99758 0.00000 0.00242 0.00000 ( 1)
 277 A   0.99502 0.00000 0.00498 0.00000 ( 1)
 278 E   0.99619 0.00000 0.00381 0.00000 ( 1)
 279 C   0.99733 0.00000 0.00267 0.00000 ( 1)
 280 K   0.99528 0.00000 0.00472 0.00000 ( 1)
 281 L   0.99333 0.00000 0.00667 0.00000 ( 1)
 282 A   0.99557 0.00000 0.00443 0.00000 ( 1)
 283 K   0.99564 0.00000 0.00436 0.00000 ( 1)
 284 V   0.99426 0.00000 0.00574 0.00000 ( 1)
 285 A   0.99463 0.00000 0.00537 0.00000 ( 1)
 286 L   0.99105 0.00000 0.00895 0.00000 ( 1)
 287 M   0.99802 0.00000 0.00198 0.00000 ( 1)
 288 T   0.99632 0.00000 0.00368 0.00000 ( 1)
 289 I   0.99627 0.00000 0.00373 0.00000 ( 1)
 290 S   0.99412 0.00000 0.00588 0.00000 ( 1)
 291 L   0.99180 0.00000 0.00820 0.00000 ( 1)
 292 W   0.99583 0.00000 0.00417 0.00000 ( 1)
 293 F   0.99624 0.00000 0.00376 0.00000 ( 1)
 294 M   0.99802 0.00000 0.00198 0.00000 ( 1)
 295 A   0.99416 0.00000 0.00584 0.00000 ( 1)
 296 W   0.99583 0.00000 0.00417 0.00000 ( 1)
 297 T   0.99539 0.00000 0.00461 0.00000 ( 1)
 298 P   0.99404 0.00000 0.00596 0.00000 ( 1)
 299 Y   0.99575 0.00000 0.00425 0.00000 ( 1)
 300 L   0.99388 0.00000 0.00612 0.00000 ( 1)
 301 V   0.99422 0.00000 0.00578 0.00000 ( 1)
 302 I   0.99659 0.00000 0.00341 0.00000 ( 1)
 303 N   0.99749 0.00000 0.00251 0.00000 ( 1)
 304 F   0.99686 0.00000 0.00314 0.00000 ( 1)
 305 A   0.99519 0.00000 0.00481 0.00000 ( 1)
 306 G   0.99368 0.00000 0.00632 0.00000 ( 1)
 307 V   0.99455 0.00000 0.00545 0.00000 ( 1)
 308 F   0.99714 0.00000 0.00286 0.00000 ( 1)
 309 E   0.99544 0.00000 0.00456 0.00000 ( 1)
 310 T   0.99771 0.00000 0.00229 0.00000 ( 1)
 311 A   0.99418 0.00000 0.00582 0.00000 ( 1)
 312 P   0.99491 0.00000 0.00509 0.00000 ( 1)
 313 I   0.99602 0.00000 0.00398 0.00000 ( 1)
 314 S   0.99653 0.00000 0.00347 0.00000 ( 1)
 315 P   0.99510 0.00000 0.00490 0.00000 ( 1)
 316 L   0.99393 0.00000 0.00607 0.00000 ( 1)
 317 S   0.99548 0.00000 0.00452 0.00000 ( 1)
 318 T   0.99451 0.00000 0.00549 0.00000 ( 1)
 319 I   0.99662 0.00000 0.00338 0.00000 ( 1)
 320 W   0.99583 0.00000 0.00417 0.00000 ( 1)
 321 G   0.99413 0.00000 0.00587 0.00000 ( 1)
 322 S   0.99374 0.00000 0.00626 0.00000 ( 1)
 323 V   0.71792 0.00000 0.28208 0.00000 ( 1)
 324 F   0.99706 0.00000 0.00294 0.00000 ( 1)
 325 A   0.99450 0.00000 0.00550 0.00000 ( 1)
 326 K   0.99527 0.00000 0.00473 0.00000 ( 1)
 327 A   0.99559 0.00000 0.00441 0.00000 ( 1)
 328 N   0.99635 0.00000 0.00365 0.00000 ( 1)
 329 A   0.99516 0.00000 0.00484 0.00000 ( 1)
 330 V   0.99405 0.00000 0.00595 0.00000 ( 1)
 331 Y   0.99576 0.00000 0.00424 0.00000 ( 1)
 332 N   0.99660 0.00000 0.00340 0.00000 ( 1)
 333 P   0.99571 0.00000 0.00429 0.00000 ( 1)
 334 I   0.99615 0.00000 0.00385 0.00000 ( 1)
 335 V   0.99376 0.00000 0.00624 0.00000 ( 1)
 336 Y   0.99517 0.00000 0.00483 0.00000 ( 1)
 337 G   0.99614 0.00000 0.00386 0.00000 ( 1)
 338 I   0.99663 0.00000 0.00337 0.00000 ( 1)
 339 S   0.99638 0.00000 0.00362 0.00000 ( 1)
 340 H   0.99607 0.00000 0.00393 0.00000 ( 1)
 341 P   0.99570 0.00000 0.00430 0.00000 ( 1)
 342 K   0.99611 0.00000 0.00389 0.00000 ( 1)
 343 Y   0.99686 0.00000 0.00314 0.00000 ( 1)
 344 R   0.99319 0.00000 0.00681 0.00000 ( 1)
 345 A   0.99532 0.00000 0.00468 0.00000 ( 1)
 346 A   0.99443 0.00000 0.00557 0.00000 ( 1)
 347 L   0.99395 0.00000 0.00605 0.00000 ( 1)
 348 Y   0.99686 0.00000 0.00314 0.00000 ( 1)
 349 Q   0.99561 0.00000 0.00439 0.00000 ( 1)
 350 R   0.99708 0.00000 0.00292 0.00000 ( 1)
 351 F   0.99714 0.00000 0.00286 0.00000 ( 1)
 352 P   0.99425 0.00000 0.00575 0.00000 ( 1)
 353 S   0.76817 0.00000 0.23183 0.00000 ( 1)
 354 L   0.99399 0.00000 0.00601 0.00000 ( 1)
 355 A   0.76808 0.00000 0.23192 0.00000 ( 1)
 356 C   0.99733 0.00000 0.00267 0.00000 ( 1)
 357 Q   0.99554 0.00000 0.00446 0.00000 ( 1)
 358 P   0.82534 0.00030 0.17435 0.00001 ( 1)
 359 S   0.99508 0.00000 0.00492 0.00000 ( 1)
 360 P   0.99468 0.00000 0.00532 0.00000 ( 1)
 361 E   0.99709 0.00000 0.00291 0.00000 ( 1)
 362 E   0.99575 0.00000 0.00425 0.00000 ( 1)
 363 T   0.00000 0.98760 0.00000 0.01240 ( 2)
 364 G   0.71021 0.00000 0.28979 0.00000 ( 1)
 365 S   0.99645 0.00000 0.00355 0.00000 ( 1)
 366 V   0.99406 0.00000 0.00594 0.00000 ( 1)
 367 A   0.84858 0.00000 0.15142 0.00000 ( 1)
 368 S   0.99588 0.00000 0.00412 0.00000 ( 1)
 369 A   0.85975 0.00000 0.14025 0.00000 ( 1)
 370 A   0.99023 0.00000 0.00977 0.00000 ( 1)
 371 T   0.99620 0.00000 0.00380 0.00000 ( 1)
 372 A   0.99576 0.00000 0.00424 0.00000 ( 1)
 373 C   0.06783 0.00000 0.93217 0.00000 ( 3)
 374 T   0.81768 0.00000 0.18232 0.00000 ( 1)
 375 E   0.99547 0.00000 0.00453 0.00000 ( 1)
 376 E   0.99697 0.00000 0.00303 0.00000 ( 1)
 377 K   0.99700 0.00000 0.00300 0.00000 ( 1)
 378 P   0.99571 0.00000 0.00429 0.00000 ( 1)
 379 S   0.99581 0.00000 0.00419 0.00000 ( 1)
 380 A   0.99538 0.00000 0.00462 0.00000 ( 1)

