Supplemental results for CODEML (seqf: align.fa  treef: tree.nwk)


MLEs of dN/dS (w) for site classes (K=10)

p:   0.10000  0.10000  0.10000  0.10000  0.10000  0.10000  0.10000  0.10000  0.10000  0.10000
w:   0.00000  0.00006  0.00059  0.00268  0.00836  0.02094  0.04579  0.09253  0.18229  0.39278

Naive Empirical Bayes (NEB) probabilities for 10 classes & postmean_w
(amino acids refer to 1st sequence: ColCroc|LWS3)

   1 M   0.00000 0.00000 0.00112 0.06422 0.50876 0.41326 0.01263 0.00000 0.00000 0.00000 ( 5)  0.014
   2 A   0.00000 0.00000 0.00000 0.00000 0.00000 0.00000 0.00000 0.00005 0.80360 0.19635 ( 9)  0.224
   3 T   0.00000 0.00000 0.00000 0.00000 0.00000 0.00000 0.00000 0.00000 0.00011 0.99989 (10)  0.393
   4 S   0.00000 0.00000 0.00000 0.00000 0.00000 0.00000 0.00000 0.00021 0.99829 0.00149 ( 9)  0.183
   5 M   0.00000 0.00000 0.00000 0.00000 0.00000 0.00000 0.00002 0.10344 0.89653 0.00001 ( 9)  0.173
   6 D   0.00000 0.00000 0.00057 0.03588 0.37038 0.54051 0.05258 0.00007 0.00000 0.00000 ( 6)  0.017
   7 P   0.00000 0.00000 0.00000 0.00000 0.00000 0.00001 0.02193 0.91929 0.05877 0.00000 ( 8)  0.097
   8 A   0.00000 0.00000 0.00009 0.00710 0.11750 0.48613 0.36704 0.02212 0.00001 0.00000 ( 6)  0.030
   9 P   0.00000 0.00004 0.00347 0.05704 0.29899 0.47990 0.15638 0.00418 0.00000 0.00000 ( 6)  0.020
  10 G   0.00000 0.00006 0.00542 0.08457 0.38362 0.44762 0.07805 0.00066 0.00000 0.00000 ( 6)  0.016
  11 V   0.00000 0.00000 0.00000 0.00000 0.00000 0.00000 0.00000 0.00000 0.00135 0.99865 (10)  0.392
  12 A   0.00000 0.00000 0.00033 0.02212 0.27151 0.58283 0.12250 0.00071 0.00000 0.00000 ( 6)  0.020
  13 A   0.00000 0.00000 0.00001 0.00381 0.13685 0.63770 0.22014 0.00149 0.00000 0.00000 ( 6)  0.025
  14 M   0.00000 0.00000 0.00000 0.00000 0.00000 0.00008 0.04753 0.87112 0.08127 0.00000 ( 8)  0.098
  15 Q   0.00000 0.00000 0.00000 0.00000 0.00063 0.04786 0.50763 0.43763 0.00625 0.00000 ( 7)  0.066
  16 T   0.00000 0.00000 0.00000 0.00000 0.00000 0.00012 0.06439 0.88503 0.05046 0.00000 ( 8)  0.094
  17 W   0.00000 0.00000 0.00000 0.00061 0.03182 0.33376 0.56321 0.07051 0.00009 0.00000 ( 7)  0.040
  18 G   0.00000 0.00000 0.00000 0.00025 0.03051 0.44311 0.51117 0.01497 0.00000 0.00000 ( 7)  0.034
  19 G   0.00000 0.00000 0.00000 0.00000 0.00000 0.00208 0.29085 0.70431 0.00276 0.00000 ( 8)  0.079
  20 H   0.00000 0.00000 0.00000 0.00000 0.00000 0.00000 0.00104 0.24493 0.75390 0.00013 ( 9)  0.160
  21 A   0.00000 0.00000 0.00000 0.00000 0.00000 0.00000 0.00501 0.86871 0.12628 0.00000 ( 8)  0.104
  22 E   0.00000 0.00000 0.00000 0.00000 0.00000 0.00054 0.16569 0.82690 0.00688 0.00000 ( 8)  0.085
  23 A   0.00000 0.00011 0.00968 0.13814 0.49259 0.33846 0.02100 0.00003 0.00000 0.00000 ( 5)  0.013
  24 Y   0.00000 0.00000 0.00000 0.00000 0.00000 0.00003 0.04639 0.92630 0.02728 0.00000 ( 8)  0.093
  25 S   0.00000 0.00000 0.00000 0.00018 0.02336 0.38405 0.56614 0.02627 0.00000 0.00000 ( 7)  0.037
  26 A   0.00000 0.00000 0.00000 0.00000 0.00000 0.00000 0.00020 0.44485 0.55494 0.00000 ( 9)  0.142
  27 N   0.27167 0.26854 0.24198 0.16050 0.05276 0.00451 0.00004 0.00000 0.00000 0.00000 ( 1)  0.001
  28 Q   0.00000 0.00000 0.00000 0.00000 0.00000 0.00000 0.00000 0.01824 0.98008 0.00169 ( 9)  0.181
  29 T   0.27108 0.26799 0.24172 0.16097 0.05351 0.00470 0.00004 0.00000 0.00000 0.00000 ( 1)  0.001
  30 V   0.27051 0.26745 0.24147 0.16141 0.05423 0.00488 0.00004 0.00000 0.00000 0.00000 ( 1)  0.001
  31 V   0.00000 0.00013 0.01143 0.15822 0.51958 0.29769 0.01294 0.00001 0.00000 0.00000 ( 5)  0.012
  32 D   0.27525 0.27188 0.24344 0.15748 0.04837 0.00356 0.00002 0.00000 0.00000 0.00000 ( 1)  0.001
  33 K   0.00000 0.00000 0.00000 0.00000 0.00075 0.08535 0.72202 0.19172 0.00015 0.00000 ( 7)  0.053
  34 V   0.26279 0.26019 0.23788 0.16709 0.06418 0.00775 0.00012 0.00000 0.00000 0.00000 ( 1)  0.001
  35 L   0.00000 0.00000 0.00000 0.00000 0.00000 0.00000 0.00000 0.00000 0.22948 0.77051 (10)  0.344
  36 P   0.00000 0.00000 0.00000 0.00071 0.03580 0.35727 0.54810 0.05807 0.00006 0.00000 ( 7)  0.038
  37 E   0.00000 0.00000 0.00000 0.00000 0.00000 0.00000 0.00000 0.02895 0.97104 0.00001 ( 9)  0.180
  38 M   0.00000 0.00000 0.00000 0.00000 0.00000 0.00113 0.49894 0.49991 0.00003 0.00000 ( 8)  0.069
  39 L   0.00000 0.00000 0.00000 0.00000 0.00000 0.00001 0.01864 0.78535 0.19600 0.00000 ( 8)  0.109
  40 H   0.00007 0.00994 0.09130 0.30576 0.41616 0.16688 0.00985 0.00002 0.00000 0.00000 ( 5)  0.008
  41 L   0.00000 0.00000 0.00000 0.00000 0.00008 0.05767 0.87835 0.06390 0.00000 0.00000 ( 7)  0.047
  42 I   0.00000 0.00000 0.00000 0.00000 0.00000 0.00000 0.00007 0.42833 0.57160 0.00000 ( 9)  0.144
  43 D   0.26921 0.26623 0.24091 0.16246 0.05586 0.00528 0.00005 0.00000 0.00000 0.00000 ( 1)  0.001
  44 A   0.00000 0.00000 0.00000 0.00007 0.01045 0.23647 0.65423 0.09867 0.00010 0.00000 ( 7)  0.044
  45 H   0.00000 0.00000 0.00000 0.00000 0.00000 0.00000 0.01361 0.91694 0.06944 0.00000 ( 8)  0.098
  46 W   0.23639 0.23494 0.22229 0.17872 0.09892 0.02671 0.00201 0.00002 0.00000 0.00000 ( 1)  0.002
  47 Y   0.00006 0.00845 0.07843 0.27295 0.41234 0.20827 0.01939 0.00011 0.00000 0.00000 ( 5)  0.009
  48 Q   0.22871 0.22750 0.21693 0.17981 0.10812 0.03508 0.00380 0.00006 0.00000 0.00000 ( 1)  0.002
  49 F   0.00009 0.01274 0.11500 0.35897 0.40393 0.10650 0.00277 0.00000 0.00000 0.00000 ( 5)  0.007
  50 P   0.23877 0.23723 0.22388 0.17816 0.09593 0.02439 0.00164 0.00001 0.00000 0.00000 ( 1)  0.002
  51 P   0.24624 0.24442 0.22865 0.17580 0.08624 0.01786 0.00080 0.00000 0.00000 0.00000 ( 1)  0.002
  52 M   0.00000 0.00022 0.01942 0.23961 0.57488 0.16408 0.00179 0.00000 0.00000 0.00000 ( 5)  0.009
  53 N   0.00010 0.01361 0.12220 0.37344 0.39669 0.09209 0.00186 0.00000 0.00000 0.00000 ( 5)  0.006
  54 P   0.00005 0.00739 0.06904 0.24717 0.40320 0.24139 0.03144 0.00032 0.00000 0.00000 ( 5)  0.011
  55 L   0.00000 0.00000 0.00007 0.00522 0.09169 0.43306 0.42677 0.04311 0.00008 0.00000 ( 6)  0.033
  56 W   0.23639 0.23494 0.22229 0.17872 0.09892 0.02671 0.00201 0.00002 0.00000 0.00000 ( 1)  0.002
  57 Y   0.00008 0.01064 0.09732 0.32014 0.41511 0.14955 0.00715 0.00001 0.00000 0.00000 ( 5)  0.008
  58 G   0.00000 0.00000 0.00000 0.00000 0.00000 0.00013 0.05021 0.82918 0.12048 0.00000 ( 8)  0.101
  59 L   0.00000 0.00000 0.00000 0.00012 0.01722 0.32197 0.61394 0.04674 0.00001 0.00000 ( 7)  0.039
  60 L   0.24982 0.24784 0.23080 0.17430 0.08148 0.01520 0.00056 0.00000 0.00000 0.00000 ( 1)  0.002
  61 G   0.00006 0.00821 0.07626 0.26712 0.41070 0.21577 0.02175 0.00014 0.00000 0.00000 ( 5)  0.010
  62 F   0.00012 0.01642 0.14487 0.41404 0.36692 0.05711 0.00053 0.00000 0.00000 0.00000 ( 4)  0.005
  63 T   0.00000 0.00000 0.00000 0.00000 0.00000 0.00000 0.00000 0.01943 0.98054 0.00003 ( 9)  0.181
  64 I   0.00000 0.00000 0.00000 0.00000 0.00213 0.24170 0.74206 0.01412 0.00000 0.00000 ( 7)  0.040
  65 C   0.00000 0.00000 0.00000 0.00000 0.00000 0.00021 0.12063 0.87185 0.00731 0.00000 ( 8)  0.088
  66 I   0.00000 0.00000 0.00000 0.00000 0.00000 0.00000 0.00000 0.00000 0.00003 0.99997 (10)  0.393
  67 L   0.00000 0.00006 0.00531 0.08312 0.37952 0.44990 0.08135 0.00075 0.00000 0.00000 ( 6)  0.017
  68 A   0.00000 0.00000 0.00000 0.00128 0.05850 0.46387 0.45499 0.02135 0.00000 0.00000 ( 6)  0.033
  69 F   0.00000 0.00000 0.00000 0.00123 0.10673 0.71273 0.17900 0.00031 0.00000 0.00000 ( 6)  0.024
  70 I   0.00000 0.00000 0.00000 0.00000 0.00000 0.00000 0.00000 0.09504 0.90496 0.00000 ( 9)  0.174
  71 S   0.00005 0.00744 0.06950 0.24846 0.40369 0.23972 0.03081 0.00031 0.00000 0.00000 ( 5)  0.011
  72 V   0.00000 0.00000 0.00000 0.00000 0.00000 0.00002 0.08507 0.91357 0.00134 0.00000 ( 8)  0.089
  73 T   0.00000 0.00000 0.00000 0.00000 0.00000 0.00000 0.00000 0.00166 0.99653 0.00181 ( 9)  0.183
  74 G   0.26292 0.26031 0.23795 0.16703 0.06401 0.00767 0.00012 0.00000 0.00000 0.00000 ( 1)  0.001
  75 N   0.27210 0.26895 0.24216 0.16014 0.05222 0.00439 0.00003 0.00000 0.00000 0.00000 ( 1)  0.001
  76 G   0.00000 0.00000 0.00012 0.00884 0.13949 0.51961 0.31891 0.01303 0.00000 0.00000 ( 6)  0.028
  77 M   0.28653 0.28234 0.24729 0.14667 0.03561 0.00156 0.00000 0.00000 0.00000 0.00000 ( 1)  0.001
  78 V   0.26920 0.26622 0.24089 0.16244 0.05589 0.00531 0.00005 0.00000 0.00000 0.00000 ( 1)  0.001
  79 I   0.00000 0.00000 0.00000 0.00000 0.00000 0.00000 0.01053 0.97712 0.01234 0.00000 ( 8)  0.093
  80 Y   0.00000 0.00000 0.00000 0.00002 0.00750 0.27172 0.68107 0.03968 0.00000 0.00000 ( 7)  0.041
  81 I   0.27369 0.27043 0.24281 0.15880 0.05028 0.00397 0.00003 0.00000 0.00000 0.00000 ( 1)  0.001
  82 F   0.27697 0.27349 0.24410 0.15594 0.04632 0.00317 0.00002 0.00000 0.00000 0.00000 ( 1)  0.001
  83 S   0.00000 0.00000 0.00000 0.00000 0.00000 0.00000 0.00002 0.13413 0.86585 0.00000 ( 9)  0.170
  84 T   0.00000 0.00000 0.00000 0.00000 0.00000 0.00000 0.00000 0.00006 0.76405 0.23589 ( 9)  0.232
  85 T   0.25442 0.25224 0.23346 0.17209 0.07532 0.01213 0.00033 0.00000 0.00000 0.00000 ( 1)  0.002
  86 K   0.25715 0.25484 0.23497 0.17062 0.07167 0.01052 0.00024 0.00000 0.00000 0.00000 ( 1)  0.001
  87 S   0.00000 0.00000 0.00000 0.00000 0.00000 0.00000 0.00000 0.00000 0.00033 0.99967 (10)  0.393
  88 L   0.25534 0.25312 0.23396 0.17157 0.07409 0.01162 0.00031 0.00000 0.00000 0.00000 ( 1)  0.001
  89 K   0.00006 0.00813 0.07560 0.26535 0.41023 0.21805 0.02244 0.00015 0.00000 0.00000 ( 5)  0.010
  90 T   0.25070 0.24869 0.23133 0.17392 0.08030 0.01455 0.00050 0.00000 0.00000 0.00000 ( 1)  0.002
  91 P   0.23876 0.23722 0.22387 0.17816 0.09594 0.02440 0.00164 0.00001 0.00000 0.00000 ( 1)  0.002
  92 S   0.23647 0.23502 0.22234 0.17868 0.09880 0.02666 0.00202 0.00002 0.00000 0.00000 ( 1)  0.002
  93 N   0.27143 0.26832 0.24188 0.16070 0.05306 0.00458 0.00004 0.00000 0.00000 0.00000 ( 1)  0.001
  94 L   0.00000 0.00005 0.00457 0.07292 0.35046 0.46534 0.10519 0.00146 0.00000 0.00000 ( 6)  0.018
  95 L   0.00005 0.00682 0.06398 0.23258 0.39546 0.25974 0.04077 0.00060 0.00000 0.00000 ( 5)  0.011
  96 V   0.00007 0.00989 0.09085 0.30456 0.41589 0.16846 0.01026 0.00003 0.00000 0.00000 ( 5)  0.008
  97 V   0.00000 0.00000 0.00000 0.00022 0.02746 0.41826 0.53453 0.01954 0.00000 0.00000 ( 7)  0.035
  98 N   0.25980 0.25736 0.23637 0.16903 0.06813 0.00913 0.00017 0.00000 0.00000 0.00000 ( 1)  0.001
  99 L   0.24576 0.24396 0.22835 0.17596 0.08686 0.01825 0.00085 0.00000 0.00000 0.00000 ( 1)  0.002
 100 A   0.25458 0.25240 0.23355 0.17200 0.07510 0.01204 0.00033 0.00000 0.00000 0.00000 ( 1)  0.002
 101 F   0.00011 0.01502 0.13362 0.39476 0.38275 0.07274 0.00100 0.00000 0.00000 0.00000 ( 4)  0.006
 102 S   0.25531 0.25309 0.23396 0.17163 0.07413 0.01159 0.00030 0.00000 0.00000 0.00000 ( 1)  0.001
 103 D   0.26884 0.26589 0.24074 0.16274 0.05633 0.00540 0.00005 0.00000 0.00000 0.00000 ( 1)  0.001
 104 F   0.00000 0.00000 0.00000 0.00139 0.11678 0.72452 0.15710 0.00021 0.00000 0.00000 ( 6)  0.023
 105 L   0.00000 0.00000 0.00000 0.00000 0.00001 0.00997 0.43420 0.55327 0.00255 0.00000 ( 8)  0.072
 106 M   0.00000 0.00023 0.01955 0.24078 0.57515 0.16255 0.00173 0.00000 0.00000 0.00000 ( 5)  0.009
 107 M   0.00014 0.01887 0.16413 0.44311 0.33642 0.03715 0.00017 0.00000 0.00000 0.00000 ( 4)  0.005
 108 A   0.00000 0.00000 0.00000 0.00000 0.00000 0.00000 0.00000 0.00004 0.92469 0.07526 ( 9)  0.198
 109 M   0.00000 0.00000 0.00000 0.00000 0.00000 0.00000 0.00000 0.00000 0.00000 1.00000 (10)  0.393
 110 M   0.28653 0.28234 0.24729 0.14667 0.03561 0.00156 0.00000 0.00000 0.00000 0.00000 ( 1)  0.001
 111 A   0.00000 0.00000 0.00000 0.00000 0.00000 0.00003 0.03097 0.87185 0.09716 0.00000 ( 8)  0.100
 112 P   0.00000 0.00000 0.00000 0.00000 0.00000 0.00166 0.20115 0.78326 0.01393 0.00000 ( 8)  0.084
 113 P   0.00000 0.00000 0.00000 0.00000 0.00000 0.00000 0.00000 0.00001 0.48238 0.51762 (10)  0.291
 114 L   0.00000 0.00000 0.00006 0.01441 0.33803 0.61449 0.03300 0.00001 0.00000 0.00000 ( 6)  0.017
 115 C   0.00000 0.00000 0.00000 0.00000 0.00038 0.07814 0.78400 0.13745 0.00003 0.00000 ( 7)  0.050
 116 I   0.00000 0.00000 0.00000 0.00000 0.00000 0.00000 0.00000 0.00065 0.99719 0.00217 ( 9)  0.183
 117 N   0.00000 0.00000 0.00000 0.00003 0.01037 0.32935 0.63725 0.02300 0.00000 0.00000 ( 7)  0.038
 118 S   0.00000 0.00000 0.00000 0.00085 0.04166 0.38952 0.52465 0.04330 0.00003 0.00000 ( 7)  0.037
 119 Y   0.00000 0.00000 0.00000 0.00017 0.02225 0.37382 0.57491 0.02885 0.00000 0.00000 ( 7)  0.037
 120 Y   0.00000 0.00000 0.00000 0.00000 0.00000 0.00000 0.00001 0.11239 0.88760 0.00000 ( 9)  0.172
 121 Q   0.00006 0.00816 0.07588 0.26614 0.41051 0.21703 0.02207 0.00014 0.00000 0.00000 ( 5)  0.010
 122 T   0.00006 0.00871 0.08070 0.27890 0.41356 0.20066 0.01732 0.00008 0.00000 0.00000 ( 5)  0.009
 123 W   0.23639 0.23494 0.22229 0.17872 0.09892 0.02671 0.00201 0.00002 0.00000 0.00000 ( 1)  0.002
 124 V   0.00000 0.00000 0.00000 0.00000 0.00000 0.00001 0.01933 0.85773 0.12292 0.00000 ( 8)  0.103
 125 F   0.00000 0.00000 0.00000 0.00000 0.00000 0.00198 0.35366 0.64354 0.00081 0.00000 ( 8)  0.076
 126 G   0.23868 0.23715 0.22382 0.17818 0.09604 0.02447 0.00165 0.00001 0.00000 0.00000 ( 1)  0.002
 127 P   0.00000 0.00000 0.00000 0.00000 0.00000 0.00000 0.00000 0.00126 0.97214 0.02660 ( 9)  0.188
 128 V   0.00000 0.00000 0.00000 0.00000 0.00000 0.00000 0.00000 0.02427 0.97558 0.00014 ( 9)  0.180
 129 A   0.00000 0.00007 0.00633 0.09661 0.41361 0.42510 0.05797 0.00031 0.00000 0.00000 ( 6)  0.015
 130 C   0.24409 0.24235 0.22732 0.17659 0.08907 0.01959 0.00099 0.00000 0.00000 0.00000 ( 1)  0.002
 131 Q   0.00000 0.00000 0.00000 0.00114 0.05326 0.44344 0.47621 0.02594 0.00001 0.00000 ( 7)  0.034
 132 F   0.00000 0.00000 0.00000 0.00000 0.00000 0.00000 0.00001 0.04861 0.95128 0.00010 ( 9)  0.178
 133 Y   0.25605 0.25379 0.23437 0.17123 0.07314 0.01115 0.00027 0.00000 0.00000 0.00000 ( 1)  0.001
 134 A   0.00000 0.00000 0.00001 0.00233 0.09400 0.56928 0.32863 0.00575 0.00000 0.00000 ( 6)  0.028
 135 C   0.00000 0.00006 0.00552 0.08601 0.38760 0.44528 0.07495 0.00058 0.00000 0.00000 ( 6)  0.016
 136 F   0.00000 0.00000 0.00000 0.00000 0.00000 0.00000 0.00000 0.00002 0.82905 0.17093 ( 9)  0.218
 137 G   0.25186 0.24980 0.23200 0.17338 0.07875 0.01376 0.00044 0.00000 0.00000 0.00000 ( 1)  0.002
 138 S   0.23779 0.23629 0.22322 0.17839 0.09716 0.02535 0.00179 0.00001 0.00000 0.00000 ( 1)  0.002
 139 L   0.00004 0.00592 0.05589 0.20830 0.37883 0.28872 0.06073 0.00156 0.00000 0.00000 ( 5)  0.013
 140 F   0.00000 0.00000 0.00000 0.00004 0.01534 0.46206 0.51834 0.00421 0.00000 0.00000 ( 7)  0.034
 141 G   0.24770 0.24582 0.22954 0.17522 0.08430 0.01673 0.00069 0.00000 0.00000 0.00000 ( 1)  0.002
 142 C   0.00000 0.00000 0.00019 0.01335 0.19026 0.56697 0.22511 0.00413 0.00000 0.00000 ( 6)  0.024
 143 V   0.00000 0.00000 0.00000 0.00000 0.00000 0.00000 0.00000 0.00224 0.99714 0.00062 ( 9)  0.182
 144 S   0.24807 0.24617 0.22976 0.17506 0.08381 0.01646 0.00067 0.00000 0.00000 0.00000 ( 1)  0.002
 145 I   0.27098 0.26790 0.24168 0.16104 0.05363 0.00473 0.00004 0.00000 0.00000 0.00000 ( 1)  0.001
 146 W   0.23639 0.23494 0.22229 0.17872 0.09892 0.02671 0.00201 0.00002 0.00000 0.00000 ( 1)  0.002
 147 T   0.00000 0.00000 0.00000 0.00000 0.00004 0.02521 0.65482 0.31968 0.00024 0.00000 ( 7)  0.060
 148 M   0.28653 0.28234 0.24729 0.14667 0.03561 0.00156 0.00000 0.00000 0.00000 0.00000 ( 1)  0.001
 149 T   0.25331 0.25118 0.23283 0.17265 0.07681 0.01284 0.00038 0.00000 0.00000 0.00000 ( 1)  0.002
 150 A   0.00000 0.00000 0.00000 0.00000 0.00137 0.25440 0.73831 0.00593 0.00000 0.00000 ( 7)  0.040
 151 I   0.27256 0.26937 0.24234 0.15974 0.05167 0.00428 0.00003 0.00000 0.00000 0.00000 ( 1)  0.001
 152 A   0.26729 0.26443 0.24003 0.16390 0.05832 0.00596 0.00007 0.00000 0.00000 0.00000 ( 1)  0.001
 153 F   0.27930 0.27565 0.24495 0.15381 0.04359 0.00269 0.00001 0.00000 0.00000 0.00000 ( 1)  0.001
 154 D   0.27297 0.26975 0.24252 0.15943 0.05116 0.00415 0.00003 0.00000 0.00000 0.00000 ( 1)  0.001
 155 R   0.23154 0.23025 0.21894 0.17952 0.10481 0.03186 0.00304 0.00004 0.00000 0.00000 ( 1)  0.002
 156 Y   0.25871 0.25632 0.23580 0.16970 0.06958 0.00969 0.00020 0.00000 0.00000 0.00000 ( 1)  0.001
 157 N   0.26345 0.26081 0.23821 0.16666 0.06331 0.00745 0.00011 0.00000 0.00000 0.00000 ( 1)  0.001
 158 V   0.26911 0.26614 0.24085 0.16251 0.05600 0.00533 0.00005 0.00000 0.00000 0.00000 ( 1)  0.001
 159 I   0.28238 0.27851 0.24601 0.15084 0.04010 0.00215 0.00001 0.00000 0.00000 0.00000 ( 1)  0.001
 160 V   0.25707 0.25476 0.23491 0.17063 0.07178 0.01061 0.00025 0.00000 0.00000 0.00000 ( 1)  0.001
 161 K   0.00007 0.00916 0.08456 0.28884 0.41495 0.18807 0.01430 0.00006 0.00000 0.00000 ( 5)  0.009
 162 G   0.24424 0.24250 0.22741 0.17654 0.08887 0.01947 0.00097 0.00000 0.00000 0.00000 ( 1)  0.002
 163 I   0.00012 0.01588 0.14059 0.40685 0.37311 0.06277 0.00068 0.00000 0.00000 0.00000 ( 4)  0.006
 164 A   0.27087 0.26779 0.24163 0.16113 0.05377 0.00476 0.00004 0.00000 0.00000 0.00000 ( 1)  0.001
 165 A   0.00009 0.01304 0.11742 0.36382 0.40145 0.10169 0.00247 0.00000 0.00000 0.00000 ( 5)  0.007
 166 K   0.00000 0.00007 0.00619 0.09489 0.40978 0.42863 0.06011 0.00033 0.00000 0.00000 ( 6)  0.015
 167 P   0.24647 0.24464 0.22880 0.17571 0.08592 0.01767 0.00078 0.00000 0.00000 0.00000 ( 1)  0.002
 168 L   0.00000 0.00000 0.00000 0.00000 0.00100 0.21069 0.77847 0.00984 0.00000 0.00000 ( 7)  0.041
 169 T   0.00000 0.00000 0.00000 0.00000 0.00000 0.00000 0.00007 0.34905 0.65088 0.00000 ( 9)  0.151
 170 V   0.00000 0.00000 0.00000 0.00000 0.00000 0.00000 0.01900 0.97373 0.00727 0.00000 ( 8)  0.092
 171 N   0.00000 0.00000 0.00000 0.00000 0.00081 0.13102 0.81100 0.05717 0.00000 0.00000 ( 7)  0.045
 172 G   0.00005 0.00647 0.06082 0.22328 0.38984 0.27121 0.04747 0.00085 0.00000 0.00000 ( 5)  0.012
 173 A   0.25622 0.25395 0.23445 0.17112 0.07292 0.01107 0.00027 0.00000 0.00000 0.00000 ( 1)  0.001
 174 L   0.00000 0.00000 0.00000 0.00000 0.00172 0.10113 0.66127 0.23521 0.00067 0.00000 ( 7)  0.054
 175 L   0.00000 0.00000 0.00000 0.00000 0.00000 0.00071 0.11722 0.83243 0.04964 0.00000 ( 8)  0.091
 176 Q   0.00004 0.00531 0.05033 0.19088 0.36392 0.30758 0.07903 0.00290 0.00000 0.00000 ( 5)  0.014
 177 I   0.00000 0.00013 0.01181 0.16246 0.52422 0.28956 0.01181 0.00001 0.00000 0.00000 ( 5)  0.011
 178 F   0.00000 0.00000 0.00000 0.00000 0.00000 0.00000 0.00410 0.67959 0.31631 0.00000 ( 8)  0.121
 179 G   0.00000 0.00000 0.00000 0.00000 0.00013 0.03607 0.63925 0.32403 0.00051 0.00000 ( 7)  0.060
 180 V   0.00000 0.00000 0.00000 0.00000 0.00427 0.36172 0.62969 0.00432 0.00000 0.00000 ( 7)  0.037
 181 W   0.23639 0.23494 0.22229 0.17872 0.09892 0.02671 0.00201 0.00002 0.00000 0.00000 ( 1)  0.002
 182 A   0.00000 0.00000 0.00000 0.00000 0.00000 0.00000 0.00000 0.00000 0.00000 1.00000 (10)  0.393
 183 F   0.27998 0.27629 0.24520 0.15316 0.04280 0.00256 0.00001 0.00000 0.00000 0.00000 ( 1)  0.001
 184 S   0.00000 0.00000 0.00000 0.00000 0.00000 0.00000 0.00489 0.54921 0.44589 0.00001 ( 8)  0.132
 185 L   0.00000 0.00000 0.00000 0.00000 0.00000 0.00057 0.13571 0.84557 0.01815 0.00000 ( 8)  0.088
 186 A   0.00000 0.00000 0.00000 0.00000 0.00000 0.00000 0.00000 0.00011 0.92614 0.07376 ( 9)  0.198
 187 W   0.23639 0.23494 0.22229 0.17872 0.09892 0.02671 0.00201 0.00002 0.00000 0.00000 ( 1)  0.002
 188 T   0.25686 0.25457 0.23480 0.17076 0.07205 0.01070 0.00025 0.00000 0.00000 0.00000 ( 1)  0.001
 189 L   0.00000 0.00000 0.00000 0.00000 0.00000 0.00000 0.00000 0.00441 0.99409 0.00150 ( 9)  0.182
 190 A   0.00007 0.00923 0.08521 0.29052 0.41528 0.18591 0.01373 0.00005 0.00000 0.00000 ( 5)  0.009
 191 P   0.23677 0.23531 0.22254 0.17863 0.09844 0.02634 0.00196 0.00002 0.00000 0.00000 ( 1)  0.002
 192 I   0.00000 0.00000 0.00000 0.00000 0.00000 0.00013 0.18387 0.81560 0.00040 0.00000 ( 8)  0.084
 193 F   0.00000 0.00000 0.00000 0.00044 0.05925 0.66818 0.27147 0.00066 0.00000 0.00000 ( 6)  0.027
 194 G   0.24842 0.24651 0.22998 0.17493 0.08334 0.01618 0.00064 0.00000 0.00000 0.00000 ( 1)  0.002
 195 W   0.23639 0.23494 0.22229 0.17872 0.09892 0.02671 0.00201 0.00002 0.00000 0.00000 ( 1)  0.002
 196 S   0.00000 0.00000 0.00002 0.00639 0.19855 0.67198 0.12281 0.00025 0.00000 0.00000 ( 6)  0.021
 197 R   0.00000 0.00000 0.00000 0.00006 0.00894 0.21376 0.65735 0.11972 0.00017 0.00000 ( 7)  0.046
 198 Y   0.24775 0.24587 0.22957 0.17520 0.08423 0.01669 0.00069 0.00000 0.00000 0.00000 ( 1)  0.002
 199 V   0.00000 0.00008 0.00733 0.10950 0.44195 0.39886 0.04214 0.00014 0.00000 0.00000 ( 5)  0.014
 200 P   0.24536 0.24357 0.22811 0.17613 0.08740 0.01855 0.00087 0.00000 0.00000 0.00000 ( 1)  0.002
 201 E   0.25058 0.24858 0.23126 0.17399 0.08046 0.01462 0.00051 0.00000 0.00000 0.00000 ( 1)  0.002
 202 G   0.24824 0.24634 0.22987 0.17499 0.08358 0.01632 0.00065 0.00000 0.00000 0.00000 ( 1)  0.002
 203 N   0.27434 0.27104 0.24308 0.15826 0.04947 0.00378 0.00002 0.00000 0.00000 0.00000 ( 1)  0.001
 204 M   0.28653 0.28234 0.24729 0.14667 0.03561 0.00156 0.00000 0.00000 0.00000 0.00000 ( 1)  0.001
 205 T   0.00000 0.00010 0.00908 0.13110 0.48154 0.35322 0.02492 0.00004 0.00000 0.00000 ( 5)  0.013
 206 A   0.00000 0.00010 0.00896 0.12959 0.47898 0.35640 0.02592 0.00004 0.00000 0.00000 ( 5)  0.013
 207 C   0.25315 0.25103 0.23275 0.17276 0.07702 0.01290 0.00038 0.00000 0.00000 0.00000 ( 1)  0.002
 208 G   0.23948 0.23792 0.22435 0.17798 0.09502 0.02372 0.00154 0.00001 0.00000 0.00000 ( 1)  0.002
 209 T   0.26149 0.25896 0.23723 0.16795 0.06589 0.00833 0.00014 0.00000 0.00000 0.00000 ( 1)  0.001
 210 D   0.27455 0.27123 0.24316 0.15808 0.04922 0.00373 0.00002 0.00000 0.00000 0.00000 ( 1)  0.001
 211 Y   0.25703 0.25472 0.23490 0.17068 0.07183 0.01059 0.00024 0.00000 0.00000 0.00000 ( 1)  0.001
 212 L   0.00000 0.00000 0.00000 0.00124 0.05766 0.46911 0.45383 0.01817 0.00000 0.00000 ( 6)  0.033
 213 S   0.00000 0.00000 0.00000 0.00000 0.00000 0.00000 0.00000 0.00000 0.00016 0.99984 (10)  0.393
 214 K   0.00007 0.01012 0.09287 0.30955 0.41603 0.16226 0.00908 0.00002 0.00000 0.00000 ( 5)  0.008
 215 D   0.00000 0.00000 0.00000 0.00000 0.00000 0.00000 0.00000 0.06180 0.93820 0.00000 ( 9)  0.177
 216 L   0.00000 0.00000 0.00000 0.00000 0.00015 0.02526 0.46104 0.50778 0.00577 0.00000 ( 8)  0.070
 217 L   0.00000 0.00000 0.00000 0.00000 0.00000 0.00000 0.00000 0.00000 0.00997 0.99003 (10)  0.391
 218 S   0.00000 0.00000 0.00002 0.00535 0.17530 0.66642 0.15245 0.00046 0.00000 0.00000 ( 6)  0.022
 219 Q   0.00000 0.00000 0.00000 0.00003 0.00534 0.14964 0.63312 0.21092 0.00095 0.00000 ( 7)  0.052
 220 I   0.00000 0.00000 0.00002 0.00481 0.16224 0.65955 0.17271 0.00068 0.00000 0.00000 ( 6)  0.023
 221 Y   0.25869 0.25630 0.23579 0.16971 0.06961 0.00970 0.00020 0.00000 0.00000 0.00000 ( 1)  0.001
 222 I   0.28283 0.27892 0.24615 0.15040 0.03961 0.00208 0.00001 0.00000 0.00000 0.00000 ( 1)  0.001
 223 I   0.00000 0.00000 0.00000 0.00000 0.00007 0.02126 0.51609 0.46063 0.00195 0.00000 ( 7)  0.067
 224 T   0.00000 0.00000 0.00000 0.00000 0.00000 0.00000 0.00000 0.00620 0.99380 0.00000 ( 9)  0.182
 225 Y   0.25783 0.25549 0.23533 0.17022 0.07076 0.01015 0.00022 0.00000 0.00000 0.00000 ( 1)  0.001
 226 S   0.00000 0.00000 0.00000 0.00001 0.00290 0.14654 0.70796 0.14246 0.00014 0.00000 ( 7)  0.049
 227 I   0.00000 0.00000 0.00000 0.00000 0.00000 0.00010 0.12863 0.86952 0.00175 0.00000 ( 8)  0.087
 228 A   0.00000 0.00000 0.00000 0.00000 0.00013 0.07902 0.87970 0.04115 0.00000 0.00000 ( 7)  0.046
 229 C   0.00000 0.00000 0.00000 0.00000 0.00000 0.00000 0.00000 0.00030 0.99882 0.00088 ( 9)  0.182
 230 Y   0.25767 0.25533 0.23524 0.17032 0.07098 0.01024 0.00023 0.00000 0.00000 0.00000 ( 1)  0.001
 231 F   0.00000 0.00000 0.00000 0.00000 0.00306 0.29945 0.68974 0.00774 0.00000 0.00000 ( 7)  0.039
 232 L   0.00000 0.00000 0.00000 0.00000 0.00000 0.00000 0.00000 0.00000 0.00055 0.99945 (10)  0.393
 233 P   0.24252 0.24085 0.22632 0.17710 0.09111 0.02094 0.00115 0.00001 0.00000 0.00000 ( 1)  0.002
 234 L   0.24494 0.24317 0.22784 0.17627 0.08794 0.01891 0.00092 0.00000 0.00000 0.00000 ( 1)  0.002
 235 A   0.00000 0.00000 0.00000 0.00000 0.00000 0.00000 0.00000 0.00587 0.99366 0.00047 ( 9)  0.182
 236 L   0.00000 0.00009 0.00787 0.11635 0.45573 0.38445 0.03541 0.00009 0.00000 0.00000 ( 5)  0.014
 237 I   0.28315 0.27922 0.24625 0.15008 0.03925 0.00203 0.00001 0.00000 0.00000 0.00000 ( 1)  0.001
 238 V   0.00000 0.00000 0.00000 0.00020 0.04920 0.68523 0.26488 0.00050 0.00000 0.00000 ( 6)  0.027
 239 Y   0.25595 0.25370 0.23432 0.17128 0.07327 0.01120 0.00028 0.00000 0.00000 0.00000 ( 1)  0.001
 240 S   0.24829 0.24639 0.22990 0.17498 0.08351 0.01627 0.00065 0.00000 0.00000 0.00000 ( 1)  0.002
 241 Y   0.25680 0.25451 0.23478 0.17081 0.07213 0.01072 0.00025 0.00000 0.00000 0.00000 ( 1)  0.001
 242 F   0.00000 0.00000 0.00000 0.00000 0.00000 0.00529 0.67981 0.31489 0.00002 0.00000 ( 7)  0.060
 243 F   0.00000 0.00000 0.00000 0.00016 0.04083 0.64345 0.31467 0.00089 0.00000 0.00000 ( 6)  0.028
 244 I   0.26851 0.26558 0.24059 0.16299 0.05675 0.00552 0.00006 0.00000 0.00000 0.00000 ( 1)  0.001
 245 V   0.00000 0.00000 0.00000 0.00000 0.00009 0.04071 0.75931 0.19985 0.00005 0.00000 ( 7)  0.054
 246 Q   0.00000 0.00000 0.00008 0.00613 0.10451 0.46225 0.39691 0.03009 0.00003 0.00000 ( 6)  0.032
 247 A   0.00000 0.00000 0.00041 0.02667 0.30728 0.57363 0.09169 0.00032 0.00000 0.00000 ( 6)  0.019
 248 V   0.24496 0.24319 0.22786 0.17626 0.08791 0.01890 0.00092 0.00000 0.00000 0.00000 ( 1)  0.002
 249 A   0.00000 0.00000 0.00000 0.00000 0.00000 0.00033 0.09403 0.86248 0.04316 0.00000 ( 8)  0.092
 250 A   0.00000 0.00000 0.00029 0.01986 0.25255 0.58475 0.14151 0.00104 0.00000 0.00000 ( 6)  0.021
 251 H   0.26068 0.25819 0.23683 0.16849 0.06696 0.00869 0.00015 0.00000 0.00000 0.00000 ( 1)  0.001
 252 E   0.25331 0.25118 0.23284 0.17268 0.07682 0.01281 0.00038 0.00000 0.00000 0.00000 ( 1)  0.002
 253 K   0.00000 0.00000 0.00000 0.00000 0.00000 0.00000 0.00343 0.64514 0.35143 0.00000 ( 8)  0.124
 254 A   0.00000 0.00000 0.00000 0.00000 0.00000 0.00000 0.00000 0.00041 0.99191 0.00768 ( 9)  0.184
 255 M   0.28653 0.28234 0.24729 0.14667 0.03561 0.00156 0.00000 0.00000 0.00000 0.00000 ( 1)  0.001
 256 R   0.24923 0.24728 0.23047 0.17460 0.08227 0.01557 0.00058 0.00000 0.00000 0.00000 ( 1)  0.002
 257 E   0.24594 0.24413 0.22847 0.17593 0.08664 0.01808 0.00082 0.00000 0.00000 0.00000 ( 1)  0.002
 258 Q   0.22917 0.22795 0.21726 0.17977 0.10758 0.03455 0.00367 0.00006 0.00000 0.00000 ( 1)  0.002
 259 A   0.26209 0.25952 0.23752 0.16755 0.06511 0.00808 0.00013 0.00000 0.00000 0.00000 ( 1)  0.001
 260 K   0.25564 0.25340 0.23414 0.17146 0.07369 0.01138 0.00029 0.00000 0.00000 0.00000 ( 1)  0.001
 261 K   0.24574 0.24394 0.22835 0.17600 0.08690 0.01824 0.00084 0.00000 0.00000 0.00000 ( 1)  0.002
 262 M   0.28653 0.28234 0.24729 0.14667 0.03561 0.00156 0.00000 0.00000 0.00000 0.00000 ( 1)  0.001
 263 N   0.27075 0.26768 0.24159 0.16124 0.05391 0.00478 0.00004 0.00000 0.00000 0.00000 ( 1)  0.001
 264 V   0.25876 0.25636 0.23581 0.16964 0.06953 0.00970 0.00020 0.00000 0.00000 0.00000 ( 1)  0.001
 265 A   0.00008 0.01071 0.09794 0.32152 0.41475 0.14799 0.00699 0.00001 0.00000 0.00000 ( 5)  0.008
 266 S   0.25138 0.24934 0.23173 0.17361 0.07939 0.01407 0.00047 0.00000 0.00000 0.00000 ( 1)  0.002
 267 L   0.25585 0.25360 0.23424 0.17131 0.07341 0.01131 0.00029 0.00000 0.00000 0.00000 ( 1)  0.001
 268 R   0.23868 0.23715 0.22382 0.17817 0.09603 0.02447 0.00165 0.00001 0.00000 0.00000 ( 1)  0.002
 269 S   0.23607 0.23463 0.22206 0.17875 0.09930 0.02708 0.00210 0.00002 0.00000 0.00000 ( 1)  0.002
 270 S   0.00000 0.00000 0.00000 0.00000 0.00000 0.00170 0.20279 0.78123 0.01428 0.00000 ( 8)  0.084
 271 E   0.00000 0.00000 0.00000 0.00000 0.00077 0.08683 0.72493 0.18733 0.00014 0.00000 ( 7)  0.052
 272 Q   0.00000 0.00000 0.00000 0.00000 0.00000 0.00000 0.00001 0.05523 0.94471 0.00005 ( 9)  0.177
 273 A   0.00000 0.00000 0.00000 0.00000 0.00049 0.09316 0.79681 0.10952 0.00002 0.00000 ( 7)  0.049
 274 N   0.27250 0.26931 0.24233 0.15982 0.05174 0.00427 0.00003 0.00000 0.00000 0.00000 ( 1)  0.001
 275 T   0.00010 0.01334 0.11990 0.36885 0.39905 0.09663 0.00214 0.00000 0.00000 0.00000 ( 5)  0.007
 276 S   0.00009 0.01295 0.11676 0.36262 0.40235 0.10272 0.00249 0.00000 0.00000 0.00000 ( 5)  0.007
 277 A   0.00000 0.00000 0.00034 0.02310 0.27974 0.58194 0.11430 0.00057 0.00000 0.00000 ( 6)  0.020
 278 E   0.25147 0.24943 0.23179 0.17358 0.07927 0.01401 0.00046 0.00000 0.00000 0.00000 ( 1)  0.002
 279 C   0.00000 0.00000 0.00000 0.00037 0.03700 0.47671 0.47514 0.01078 0.00000 0.00000 ( 6)  0.033
 280 K   0.24234 0.24067 0.22621 0.17717 0.09135 0.02110 0.00117 0.00001 0.00000 0.00000 ( 1)  0.002
 281 L   0.24118 0.23956 0.22545 0.17749 0.09283 0.02216 0.00132 0.00001 0.00000 0.00000 ( 1)  0.002
 282 A   0.25959 0.25715 0.23625 0.16914 0.06842 0.00927 0.00018 0.00000 0.00000 0.00000 ( 1)  0.001
 283 K   0.25680 0.25451 0.23478 0.17082 0.07214 0.01072 0.00025 0.00000 0.00000 0.00000 ( 1)  0.001
 284 V   0.25392 0.25176 0.23318 0.17234 0.07599 0.01245 0.00035 0.00000 0.00000 0.00000 ( 1)  0.002
 285 A   0.25238 0.25030 0.23230 0.17312 0.07805 0.01343 0.00042 0.00000 0.00000 0.00000 ( 1)  0.002
 286 L   0.24021 0.23862 0.22481 0.17774 0.09407 0.02309 0.00146 0.00001 0.00000 0.00000 ( 1)  0.002
 287 M   0.00000 0.00023 0.01988 0.24381 0.57579 0.15868 0.00161 0.00000 0.00000 0.00000 ( 5)  0.009
 288 T   0.27259 0.26940 0.24236 0.15973 0.05163 0.00426 0.00003 0.00000 0.00000 0.00000 ( 1)  0.001
 289 I   0.27431 0.27101 0.24306 0.15826 0.04952 0.00381 0.00002 0.00000 0.00000 0.00000 ( 1)  0.001
 290 S   0.24900 0.24707 0.23033 0.17467 0.08256 0.01576 0.00060 0.00000 0.00000 0.00000 ( 1)  0.002
 291 L   0.23878 0.23725 0.22388 0.17813 0.09589 0.02440 0.00165 0.00001 0.00000 0.00000 ( 1)  0.002
 292 W   0.23639 0.23494 0.22229 0.17872 0.09892 0.02671 0.00201 0.00002 0.00000 0.00000 ( 1)  0.002
 293 F   0.28043 0.27670 0.24535 0.15274 0.04230 0.00248 0.00001 0.00000 0.00000 0.00000 ( 1)  0.001
 294 M   0.00014 0.01891 0.16443 0.44353 0.33593 0.03690 0.00017 0.00000 0.00000 0.00000 ( 4)  0.005
 295 A   0.25577 0.25353 0.23420 0.17135 0.07351 0.01134 0.00029 0.00000 0.00000 0.00000 ( 1)  0.001
 296 W   0.23639 0.23494 0.22229 0.17872 0.09892 0.02671 0.00201 0.00002 0.00000 0.00000 ( 1)  0.002
 297 T   0.25455 0.25236 0.23353 0.17202 0.07515 0.01206 0.00033 0.00000 0.00000 0.00000 ( 1)  0.002
 298 P   0.23697 0.23550 0.22268 0.17858 0.09818 0.02614 0.00192 0.00001 0.00000 0.00000 ( 1)  0.002
 299 Y   0.25635 0.25408 0.23453 0.17106 0.07273 0.01097 0.00026 0.00000 0.00000 0.00000 ( 1)  0.001
 300 L   0.24422 0.24248 0.22739 0.17652 0.08888 0.01951 0.00098 0.00000 0.00000 0.00000 ( 1)  0.002
 301 V   0.00000 0.00000 0.00001 0.00367 0.13284 0.63291 0.22887 0.00170 0.00000 0.00000 ( 6)  0.025
 302 I   0.28419 0.28018 0.24658 0.14904 0.03811 0.00188 0.00001 0.00000 0.00000 0.00000 ( 1)  0.001
 303 N   0.27372 0.27046 0.24283 0.15879 0.05023 0.00394 0.00003 0.00000 0.00000 0.00000 ( 1)  0.001
 304 F   0.00000 0.00000 0.00000 0.00000 0.00000 0.00005 0.06330 0.92150 0.01514 0.00000 ( 8)  0.091
 305 A   0.00000 0.00000 0.00000 0.00000 0.00000 0.00000 0.00024 0.40151 0.59825 0.00000 ( 9)  0.146
 306 G   0.24158 0.23994 0.22571 0.17738 0.09232 0.02179 0.00127 0.00001 0.00000 0.00000 ( 1)  0.002
 307 V   0.00000 0.00000 0.00000 0.00004 0.01455 0.39693 0.57580 0.01268 0.00000 0.00000 ( 7)  0.036
 308 F   0.00012 0.01613 0.14261 0.41032 0.37025 0.05997 0.00060 0.00000 0.00000 0.00000 ( 4)  0.006
 309 E   0.00000 0.00000 0.00028 0.01902 0.24523 0.58494 0.14934 0.00119 0.00000 0.00000 ( 6)  0.021
 310 T   0.00000 0.00000 0.00000 0.00000 0.00000 0.00707 0.54937 0.44334 0.00022 0.00000 ( 7)  0.066
 311 A   0.00000 0.00000 0.00000 0.00000 0.00000 0.00000 0.00000 0.00015 0.99466 0.00519 ( 9)  0.183
 312 P   0.00000 0.00000 0.00000 0.00000 0.00000 0.00000 0.00000 0.00797 0.99188 0.00015 ( 9)  0.182
 313 I   0.00013 0.01772 0.15514 0.43008 0.35102 0.04562 0.00030 0.00000 0.00000 0.00000 ( 4)  0.005
 314 S   0.00000 0.00000 0.00000 0.00000 0.00000 0.00000 0.02231 0.96084 0.01684 0.00000 ( 8)  0.093
 315 P   0.24592 0.24412 0.22846 0.17593 0.08665 0.01810 0.00083 0.00000 0.00000 0.00000 ( 1)  0.002
 316 L   0.25356 0.25142 0.23297 0.17252 0.07647 0.01269 0.00037 0.00000 0.00000 0.00000 ( 1)  0.002
 317 S   0.00000 0.00000 0.00000 0.00000 0.00000 0.01118 0.65885 0.32990 0.00008 0.00000 ( 7)  0.061
 318 T   0.27102 0.26793 0.24169 0.16102 0.05359 0.00472 0.00004 0.00000 0.00000 0.00000 ( 1)  0.001
 319 I   0.00013 0.01793 0.15681 0.43257 0.34834 0.04395 0.00027 0.00000 0.00000 0.00000 ( 4)  0.005
 320 W   0.23639 0.23494 0.22229 0.17872 0.09892 0.02671 0.00201 0.00002 0.00000 0.00000 ( 1)  0.002
 321 G   0.00007 0.00967 0.08899 0.29993 0.41566 0.17421 0.01144 0.00004 0.00000 0.00000 ( 5)  0.009
 322 S   0.24123 0.23960 0.22548 0.17746 0.09277 0.02213 0.00132 0.00001 0.00000 0.00000 ( 1)  0.002
 323 V   0.00000 0.00000 0.00000 0.00000 0.00002 0.02499 0.75097 0.22399 0.00003 0.00000 ( 7)  0.056
 324 F   0.27746 0.27395 0.24428 0.15550 0.04574 0.00306 0.00001 0.00000 0.00000 0.00000 ( 1)  0.001
 325 A   0.26703 0.26418 0.23991 0.16410 0.05866 0.00605 0.00007 0.00000 0.00000 0.00000 ( 1)  0.001
 326 K   0.25399 0.25183 0.23322 0.17234 0.07590 0.01238 0.00035 0.00000 0.00000 0.00000 ( 1)  0.002
 327 A   0.25793 0.25558 0.23538 0.17014 0.07062 0.01012 0.00022 0.00000 0.00000 0.00000 ( 1)  0.001
 328 N   0.26494 0.26221 0.23893 0.16563 0.06137 0.00683 0.00009 0.00000 0.00000 0.00000 ( 1)  0.001
 329 A   0.00010 0.01347 0.12104 0.37103 0.39775 0.09458 0.00204 0.00000 0.00000 0.00000 ( 5)  0.006
 330 V   0.00011 0.01460 0.13024 0.38859 0.38708 0.07817 0.00122 0.00000 0.00000 0.00000 ( 4)  0.006
 331 Y   0.25690 0.25461 0.23483 0.17075 0.07199 0.01066 0.00025 0.00000 0.00000 0.00000 ( 1)  0.001
 332 N   0.26326 0.26063 0.23812 0.16678 0.06355 0.00754 0.00011 0.00000 0.00000 0.00000 ( 1)  0.001
 333 P   0.24484 0.24308 0.22779 0.17632 0.08807 0.01897 0.00092 0.00000 0.00000 0.00000 ( 1)  0.002
 334 I   0.26533 0.26258 0.23912 0.16534 0.06086 0.00669 0.00009 0.00000 0.00000 0.00000 ( 1)  0.001
 335 V   0.24289 0.24120 0.22655 0.17696 0.09062 0.02065 0.00112 0.00000 0.00000 0.00000 ( 1)  0.002
 336 Y   0.24221 0.24055 0.22612 0.17720 0.09152 0.02122 0.00119 0.00001 0.00000 0.00000 ( 1)  0.002
 337 G   0.25019 0.24821 0.23104 0.17417 0.08098 0.01489 0.00053 0.00000 0.00000 0.00000 ( 1)  0.002
 338 I   0.28420 0.28019 0.24659 0.14903 0.03810 0.00187 0.00001 0.00000 0.00000 0.00000 ( 1)  0.001
 339 S   0.26828 0.26537 0.24050 0.16318 0.05704 0.00558 0.00006 0.00000 0.00000 0.00000 ( 1)  0.001
 340 H   0.25291 0.25080 0.23261 0.17289 0.07735 0.01305 0.00039 0.00000 0.00000 0.00000 ( 1)  0.002
 341 P   0.24689 0.24504 0.22906 0.17556 0.08537 0.01733 0.00075 0.00000 0.00000 0.00000 ( 1)  0.002
 342 K   0.00000 0.00005 0.00449 0.07179 0.34739 0.46730 0.10749 0.00150 0.00000 0.00000 ( 6)  0.018
 343 Y   0.25793 0.25558 0.23539 0.17016 0.07062 0.01010 0.00022 0.00000 0.00000 0.00000 ( 1)  0.001
 344 R   0.00000 0.00000 0.00000 0.00052 0.02749 0.30480 0.57629 0.09071 0.00019 0.00000 ( 7)  0.041
 345 A   0.00000 0.00000 0.00000 0.00000 0.00000 0.00659 0.43376 0.55828 0.00137 0.00000 ( 8)  0.072
 346 A   0.00000 0.00000 0.00000 0.00000 0.00023 0.05443 0.72790 0.21732 0.00012 0.00000 ( 7)  0.055
 347 L   0.23877 0.23723 0.22387 0.17814 0.09592 0.02441 0.00165 0.00001 0.00000 0.00000 ( 1)  0.002
 348 Y   0.00000 0.00000 0.00032 0.02166 0.26816 0.58440 0.12475 0.00071 0.00000 0.00000 ( 6)  0.020
 349 Q   0.00000 0.00000 0.00000 0.00000 0.00000 0.00000 0.00001 0.04148 0.95842 0.00009 ( 9)  0.179
 350 R   0.00000 0.00000 0.00000 0.00000 0.00000 0.00000 0.00040 0.31112 0.68848 0.00000 ( 9)  0.154
 351 F   0.28214 0.27829 0.24593 0.15109 0.04036 0.00218 0.00001 0.00000 0.00000 0.00000 ( 1)  0.001
 352 P   0.24712 0.24526 0.22919 0.17547 0.08507 0.01716 0.00073 0.00000 0.00000 0.00000 ( 1)  0.002
 353 S   0.00000 0.00000 0.00000 0.00000 0.00000 0.00000 0.00000 0.00014 0.92475 0.07511 ( 9)  0.198
 354 L   0.24100 0.23938 0.22533 0.17754 0.09306 0.02233 0.00134 0.00001 0.00000 0.00000 ( 1)  0.002
 355 A   0.00000 0.00000 0.00000 0.00000 0.00000 0.00022 0.09499 0.88134 0.02345 0.00000 ( 8)  0.090
 356 C   0.25913 0.25672 0.23603 0.16945 0.06902 0.00946 0.00019 0.00000 0.00000 0.00000 ( 1)  0.001
 357 Q   0.00000 0.00000 0.00000 0.00000 0.00000 0.00000 0.00000 0.00714 0.98854 0.00432 ( 9)  0.183
 358 P   0.00000 0.00000 0.00000 0.00000 0.00000 0.00000 0.00000 0.00001 0.55962 0.44038 ( 9)  0.275
 359 S   0.00000 0.00000 0.00000 0.00000 0.00000 0.00000 0.00000 0.00973 0.98900 0.00128 ( 9)  0.182
 360 P   0.00000 0.00000 0.00000 0.00000 0.00000 0.00000 0.00000 0.02113 0.97870 0.00017 ( 9)  0.180
 361 E   0.00000 0.00000 0.00000 0.00000 0.00000 0.00000 0.00181 0.88048 0.11771 0.00000 ( 8)  0.103
 362 E   0.00000 0.00000 0.00000 0.00000 0.00000 0.00000 0.00387 0.83535 0.16078 0.00000 ( 8)  0.107
 363 T   0.00000 0.00000 0.00000 0.00000 0.00000 0.00000 0.00000 0.00000 0.00004 0.99996 (10)  0.393
 364 G   0.00000 0.00000 0.00000 0.00000 0.00000 0.00000 0.00008 0.26314 0.73678 0.00000 ( 9)  0.159
 365 S   0.25844 0.25606 0.23565 0.16984 0.06995 0.00985 0.00021 0.00000 0.00000 0.00000 ( 1)  0.001
 366 V   0.00000 0.00000 0.00000 0.00000 0.00000 0.00002 0.04072 0.93810 0.02116 0.00000 ( 8)  0.093
 367 A   0.00000 0.00011 0.00959 0.13707 0.49090 0.34071 0.02160 0.00003 0.00000 0.00000 ( 5)  0.013
 368 S   0.25614 0.25388 0.23440 0.17114 0.07302 0.01115 0.00028 0.00000 0.00000 0.00000 ( 1)  0.001
 369 A   0.00000 0.00000 0.00000 0.00000 0.00000 0.00000 0.00033 0.40020 0.59947 0.00000 ( 9)  0.146
 370 A   0.00000 0.00000 0.00000 0.00000 0.00000 0.00000 0.00000 0.03237 0.96763 0.00000 ( 9)  0.179
 371 T   0.27230 0.26913 0.24224 0.15997 0.05199 0.00434 0.00003 0.00000 0.00000 0.00000 ( 1)  0.001
 372 A   0.00000 0.00000 0.00000 0.00000 0.00027 0.09146 0.84750 0.06076 0.00000 0.00000 ( 7)  0.046
 373 C   0.00000 0.00000 0.00000 0.00000 0.00000 0.00000 0.00001 0.17436 0.82562 0.00000 ( 9)  0.167
 374 T   0.00000 0.00000 0.00000 0.00000 0.00000 0.00021 0.11875 0.87319 0.00785 0.00000 ( 8)  0.088
 375 E   0.00000 0.00000 0.00000 0.00000 0.00000 0.00033 0.12272 0.86434 0.01262 0.00000 ( 8)  0.088
 376 E   0.25825 0.25588 0.23555 0.16997 0.07020 0.00993 0.00021 0.00000 0.00000 0.00000 ( 1)  0.001
 377 K   0.25371 0.25156 0.23307 0.17248 0.07627 0.01255 0.00036 0.00000 0.00000 0.00000 ( 1)  0.002
 378 P   0.00000 0.00000 0.00019 0.01377 0.19474 0.56982 0.21778 0.00370 0.00000 0.00000 ( 6)  0.024
 379 S   0.00000 0.00000 0.00000 0.00000 0.00002 0.01924 0.69049 0.29016 0.00009 0.00000 ( 7)  0.059
 380 A   0.26170 0.25915 0.23733 0.16782 0.06562 0.00824 0.00014 0.00000 0.00000 0.00000 ( 1)  0.001


lnL = -67200.175647

