Supplemental results for CODEML (seqf: align.fa  treef: tree.nwk)


MLEs of dN/dS (w) for site classes (K=4)

site class             0        1       2a       2b
proportion       0.93176  0.04096  0.02613  0.00115
background w     0.03890  1.00000  0.03890  1.00000
foreground w     0.03890  1.00000 341.87910 341.87910

Naive Empirical Bayes (NEB) probabilities for 4 classes
(amino acids refer to 1st sequence: ColCroc|Blue5)

   1 N   0.99906 0.00000 0.00094 0.00000 ( 1)
   2 V   0.99602 0.00000 0.00398 0.00000 ( 1)
   3 N   0.00000 0.99475 0.00000 0.00525 ( 2)
   4 N   0.99911 0.00000 0.00089 0.00000 ( 1)
   5 F   0.99890 0.00000 0.00110 0.00000 ( 1)
   6 S   0.99633 0.00000 0.00367 0.00000 ( 1)
   7 A   0.23001 0.76683 0.00035 0.00281 ( 2)
   8 E   0.00000 0.99005 0.00000 0.00995 ( 2)
   9 A   0.99880 0.00000 0.00120 0.00000 ( 1)
  10 R   0.70222 0.00000 0.29778 0.00000 ( 1)
  11 P   0.99737 0.00000 0.00263 0.00000 ( 1)
  12 V   0.99906 0.00000 0.00094 0.00000 ( 1)
  13 A   0.99852 0.00000 0.00148 0.00000 ( 1)
  14 Y   0.99493 0.00002 0.00504 0.00000 ( 1)
  15 P   0.99957 0.00000 0.00043 0.00000 ( 1)
  16 F   0.99926 0.00000 0.00074 0.00000 ( 1)
  17 K   0.99878 0.00000 0.00122 0.00000 ( 1)
  18 M   0.99906 0.00000 0.00094 0.00000 ( 1)
  19 V   0.99543 0.00000 0.00457 0.00000 ( 1)
  20 S   0.99657 0.00000 0.00343 0.00000 ( 1)
  21 D   0.00000 0.90668 0.00000 0.09332 ( 2)
  22 E   0.86931 0.00000 0.13069 0.00000 ( 1)
  23 V   0.99816 0.00000 0.00184 0.00000 ( 1)
  24 Q   0.97272 0.00000 0.02728 0.00000 ( 1)
  25 Q   0.99933 0.00000 0.00067 0.00000 ( 1)
  26 N   0.99911 0.00000 0.00089 0.00000 ( 1)
  27 M   0.99906 0.00000 0.00094 0.00000 ( 1)
  28 L   0.99702 0.00000 0.00298 0.00000 ( 1)
  29 G   0.99926 0.00000 0.00074 0.00000 ( 1)
  30 W   0.84757 0.00000 0.15243 0.00000 ( 1)
  31 N   0.99900 0.00000 0.00100 0.00000 ( 1)
  32 V   0.99687 0.00000 0.00313 0.00000 ( 1)
  33 P   0.99910 0.00000 0.00090 0.00000 ( 1)
  34 S   0.00223 0.00000 0.99777 0.00000 ( 3)
  35 E   0.99906 0.00000 0.00094 0.00000 ( 1)
  36 Y   0.99751 0.00000 0.00249 0.00000 ( 1)
  37 Q   0.99829 0.00000 0.00171 0.00000 ( 1)
  38 D   0.99901 0.00000 0.00099 0.00000 ( 1)
  39 L   0.99667 0.00000 0.00333 0.00000 ( 1)
  40 V   0.99753 0.00000 0.00247 0.00000 ( 1)
  41 H   0.99902 0.00000 0.00098 0.00000 ( 1)
  42 D   0.99884 0.00000 0.00116 0.00000 ( 1)
  43 H   0.99943 0.00000 0.00057 0.00000 ( 1)
  44 W   0.99969 0.00000 0.00031 0.00000 ( 1)
  45 R   0.99908 0.00000 0.00092 0.00000 ( 1)
  46 N   0.96749 0.00000 0.03251 0.00000 ( 1)
  47 F   0.99891 0.00000 0.00109 0.00000 ( 1)
  48 A   0.99869 0.00000 0.00131 0.00000 ( 1)
  49 A   0.99593 0.00000 0.00407 0.00000 ( 1)
  50 I   0.99786 0.00000 0.00214 0.00000 ( 1)
  51 D   0.99936 0.00000 0.00064 0.00000 ( 1)
  52 K   0.99924 0.00000 0.00076 0.00000 ( 1)
  53 F   0.99932 0.00000 0.00068 0.00000 ( 1)
  54 W   0.99969 0.00000 0.00031 0.00000 ( 1)
  55 H   0.99942 0.00000 0.00058 0.00000 ( 1)
  56 Y   0.99932 0.00000 0.00068 0.00000 ( 1)
  57 C   0.99925 0.00000 0.00075 0.00000 ( 1)
  58 L   0.99867 0.00000 0.00133 0.00000 ( 1)
  59 A   0.99866 0.00000 0.00134 0.00000 ( 1)
  60 L   0.99826 0.00000 0.00174 0.00000 ( 1)
  61 I   0.99818 0.00000 0.00182 0.00000 ( 1)
  62 Y   0.99931 0.00000 0.00069 0.00000 ( 1)
  63 M   0.99870 0.00000 0.00130 0.00000 ( 1)
  64 I   0.75691 0.00000 0.24309 0.00000 ( 1)
  65 L   0.99874 0.00000 0.00126 0.00000 ( 1)
  66 W   0.99906 0.00000 0.00094 0.00000 ( 1)
  67 I   0.90791 0.09031 0.00107 0.00072 ( 1)
  68 S   0.99871 0.00000 0.00129 0.00000 ( 1)
  69 S   0.99811 0.00000 0.00189 0.00000 ( 1)
  70 V   0.99832 0.00000 0.00168 0.00000 ( 1)
  71 C   0.99933 0.00000 0.00067 0.00000 ( 1)
  72 G   0.99904 0.00000 0.00096 0.00000 ( 1)
  73 N   0.99870 0.00000 0.00130 0.00000 ( 1)
  74 G   0.99891 0.00000 0.00109 0.00000 ( 1)
  75 I   0.99821 0.00000 0.00179 0.00000 ( 1)
  76 V   0.99725 0.00000 0.00275 0.00000 ( 1)
  77 V   0.99664 0.00000 0.00336 0.00000 ( 1)
  78 W   0.99969 0.00000 0.00031 0.00000 ( 1)
  79 I   0.99921 0.00000 0.00079 0.00000 ( 1)
  80 F   0.99904 0.00000 0.00096 0.00000 ( 1)
  81 S   0.99936 0.00000 0.00064 0.00000 ( 1)
  82 T   0.99723 0.00000 0.00277 0.00000 ( 1)
  83 S   0.99630 0.00000 0.00370 0.00000 ( 1)
  84 K   0.91220 0.00000 0.08780 0.00000 ( 1)
  85 S   0.19211 0.00000 0.80789 0.00000 ( 3)
  86 L   0.99806 0.00000 0.00194 0.00000 ( 1)
  87 R   0.99786 0.00000 0.00214 0.00000 ( 1)
  88 S   0.99803 0.00000 0.00197 0.00000 ( 1)
  89 A   0.99632 0.00000 0.00368 0.00000 ( 1)
  90 S   0.99935 0.00000 0.00065 0.00000 ( 1)
  91 N   0.99900 0.00000 0.00100 0.00000 ( 1)
  92 M   0.99906 0.00000 0.00094 0.00000 ( 1)
  93 F   0.99893 0.00000 0.00107 0.00000 ( 1)
  94 I   0.99700 0.00000 0.00300 0.00000 ( 1)
  95 V   0.99920 0.00000 0.00080 0.00000 ( 1)
  96 N   0.99902 0.00000 0.00098 0.00000 ( 1)
  97 L   0.99872 0.00000 0.00128 0.00000 ( 1)
  98 A   0.99864 0.00000 0.00136 0.00000 ( 1)
  99 L   0.99820 0.00000 0.00180 0.00000 ( 1)
 100 F   0.99894 0.00000 0.00106 0.00000 ( 1)
 101 D   0.99904 0.00000 0.00096 0.00000 ( 1)
 102 M   0.36325 0.00000 0.63675 0.00000 ( 3)
 103 V   0.99906 0.00000 0.00094 0.00000 ( 1)
 104 M   0.99906 0.00000 0.00094 0.00000 ( 1)
 105 M   0.99906 0.00000 0.00094 0.00000 ( 1)
 106 I   0.97364 0.02496 0.00133 0.00007 ( 1)
 107 E   0.99927 0.00000 0.00073 0.00000 ( 1)
 108 M   0.99906 0.00000 0.00094 0.00000 ( 1)
 109 P   0.99822 0.00000 0.00178 0.00000 ( 1)
 110 H   0.99847 0.00000 0.00153 0.00000 ( 1)
 111 L   0.99888 0.00000 0.00112 0.00000 ( 1)
 112 I   0.99821 0.00000 0.00179 0.00000 ( 1)
 113 I   0.00000 0.98235 0.00000 0.01765 ( 2)
 114 N   0.99901 0.00000 0.00099 0.00000 ( 1)
 115 S   0.99874 0.00000 0.00126 0.00000 ( 1)
 116 F   0.99891 0.00000 0.00109 0.00000 ( 1)
 117 Y   0.99886 0.00000 0.00114 0.00000 ( 1)
 118 Q   0.99957 0.00000 0.00043 0.00000 ( 1)
 119 K   0.99928 0.00000 0.00072 0.00000 ( 1)
 120 M   0.99717 0.00000 0.00283 0.00000 ( 1)
 121 I   0.99666 0.00000 0.00334 0.00000 ( 1)
 122 G   0.99508 0.00000 0.00492 0.00000 ( 1)
 123 Y   0.99932 0.00000 0.00068 0.00000 ( 1)
 124 Q   0.99957 0.00000 0.00043 0.00000 ( 1)
 125 V   0.99653 0.00000 0.00347 0.00000 ( 1)
 126 G   0.99574 0.00000 0.00426 0.00000 ( 1)
 127 C   0.99950 0.00000 0.00050 0.00000 ( 1)
 128 D   0.99819 0.00000 0.00181 0.00000 ( 1)
 129 I   0.99773 0.00000 0.00227 0.00000 ( 1)
 130 Y   0.99927 0.00000 0.00073 0.00000 ( 1)
 131 A   0.99907 0.00000 0.00093 0.00000 ( 1)
 132 T   0.99781 0.00000 0.00219 0.00000 ( 1)
 133 L   0.99738 0.00000 0.00262 0.00000 ( 1)
 134 G   0.99925 0.00000 0.00075 0.00000 ( 1)
 135 S   0.99937 0.00000 0.00063 0.00000 ( 1)
 136 I   0.99859 0.00000 0.00141 0.00000 ( 1)
 137 S   0.99903 0.00000 0.00097 0.00000 ( 1)
 138 G   0.99839 0.00000 0.00161 0.00000 ( 1)
 139 I   0.99698 0.00000 0.00302 0.00000 ( 1)
 140 G   0.99755 0.00000 0.00245 0.00000 ( 1)
 141 A   0.99398 0.00000 0.00602 0.00000 ( 1)
 142 A   0.99841 0.00000 0.00159 0.00000 ( 1)
 143 I   0.99728 0.00000 0.00272 0.00000 ( 1)
 144 S   0.99837 0.00000 0.00163 0.00000 ( 1)
 145 N   0.99869 0.00000 0.00131 0.00000 ( 1)
 146 A   0.99833 0.00000 0.00167 0.00000 ( 1)
 147 V   0.99753 0.00000 0.00247 0.00000 ( 1)
 148 I   0.99538 0.00000 0.00462 0.00000 ( 1)
 149 A   0.99720 0.00000 0.00280 0.00000 ( 1)
 150 Y   0.99895 0.00000 0.00105 0.00000 ( 1)
 151 D   0.99876 0.00000 0.00124 0.00000 ( 1)
 152 R   0.99345 0.00000 0.00655 0.00000 ( 1)
 153 Y   0.99929 0.00000 0.00071 0.00000 ( 1)
 154 K   0.99919 0.00000 0.00081 0.00000 ( 1)
 155 T   0.99896 0.00000 0.00104 0.00000 ( 1)
 156 I   0.99923 0.00000 0.00077 0.00000 ( 1)
 157 S   0.99780 0.00000 0.00220 0.00000 ( 1)
 158 C   0.99835 0.00000 0.00165 0.00000 ( 1)
 159 P   0.99914 0.00000 0.00086 0.00000 ( 1)
 160 I   0.99857 0.00000 0.00143 0.00000 ( 1)
 161 D   0.99882 0.00000 0.00118 0.00000 ( 1)
 162 G   0.99861 0.00000 0.00139 0.00000 ( 1)
 163 R   0.99947 0.00000 0.00053 0.00000 ( 1)
 164 I   0.99762 0.00000 0.00238 0.00000 ( 1)
 165 N   0.99782 0.00000 0.00218 0.00000 ( 1)
 166 K   0.99952 0.00000 0.00048 0.00000 ( 1)
 167 V   0.99698 0.00000 0.00302 0.00000 ( 1)
 168 Q   0.99927 0.00000 0.00073 0.00000 ( 1)
 169 A   0.99805 0.00000 0.00195 0.00000 ( 1)
 170 S   0.00000 0.97077 0.00000 0.02923 ( 2)
 171 I   0.98736 0.00000 0.01264 0.00000 ( 1)
 172 L   0.99555 0.00000 0.00445 0.00000 ( 1)
 173 I   0.99819 0.00000 0.00181 0.00000 ( 1)
 174 A   0.00002 0.96224 0.00004 0.03770 ( 2)
 175 F   0.99892 0.00000 0.00108 0.00000 ( 1)
 176 T   0.99783 0.00000 0.00217 0.00000 ( 1)
 177 W   0.99969 0.00000 0.00031 0.00000 ( 1)
 178 F   0.99768 0.00000 0.00232 0.00000 ( 1)
 179 W   0.99969 0.00000 0.00031 0.00000 ( 1)
 180 T   0.99612 0.00000 0.00388 0.00000 ( 1)
 181 L   0.00021 0.97463 0.00023 0.02494 ( 2)
 182 P   0.99921 0.00000 0.00079 0.00000 ( 1)
 183 F   0.99894 0.00000 0.00106 0.00000 ( 1)
 184 T   0.99706 0.00000 0.00294 0.00000 ( 1)
 185 I   0.99699 0.00000 0.00301 0.00000 ( 1)
 186 L   0.99871 0.00000 0.00129 0.00000 ( 1)
 187 P   0.99739 0.00000 0.00261 0.00000 ( 1)
 188 L   0.99847 0.00000 0.00153 0.00000 ( 1)
 189 L   0.99892 0.00000 0.00108 0.00000 ( 1)
 190 K   0.99865 0.00000 0.00135 0.00000 ( 1)
 191 V   0.99546 0.00000 0.00454 0.00000 ( 1)
 192 W   0.99969 0.00000 0.00031 0.00000 ( 1)
 193 G   0.99441 0.00000 0.00559 0.00000 ( 1)
 194 K   0.99954 0.00000 0.00046 0.00000 ( 1)
 195 F   0.99855 0.00000 0.00145 0.00000 ( 1)
 196 V   0.99491 0.00000 0.00509 0.00000 ( 1)
 197 P   0.99970 0.00000 0.00030 0.00000 ( 1)
 198 E   0.99927 0.00000 0.00073 0.00000 ( 1)
 199 G   0.99577 0.00000 0.00423 0.00000 ( 1)
 200 F   0.99891 0.00000 0.00109 0.00000 ( 1)
 201 L   0.99659 0.00000 0.00341 0.00000 ( 1)
 202 T   0.99867 0.00000 0.00133 0.00000 ( 1)
 203 T   0.99794 0.00000 0.00206 0.00000 ( 1)
 204 C   0.99939 0.00000 0.00061 0.00000 ( 1)
 205 S   0.99936 0.00000 0.00064 0.00000 ( 1)
 206 F   0.99891 0.00000 0.00109 0.00000 ( 1)
 207 D   0.99901 0.00000 0.00099 0.00000 ( 1)
 208 Y   0.99933 0.00000 0.00067 0.00000 ( 1)
 209 F   0.99894 0.00000 0.00106 0.00000 ( 1)
 210 T   0.99558 0.00000 0.00442 0.00000 ( 1)
 211 D   0.99886 0.00000 0.00114 0.00000 ( 1)
 212 D   0.99782 0.00000 0.00218 0.00000 ( 1)
 213 E   0.99957 0.00000 0.00043 0.00000 ( 1)
 214 D   0.99904 0.00000 0.00096 0.00000 ( 1)
 215 T   0.99901 0.00000 0.00099 0.00000 ( 1)
 216 K   0.99924 0.00000 0.00076 0.00000 ( 1)
 217 V   0.99817 0.00000 0.00183 0.00000 ( 1)
 218 F   0.99893 0.00000 0.00107 0.00000 ( 1)
 219 V   0.99498 0.00000 0.00502 0.00000 ( 1)
 220 A   0.46408 0.00000 0.53592 0.00000 ( 3)
 221 C   0.02023 0.00000 0.97977 0.00000 ( 3)
 222 I   0.99822 0.00000 0.00178 0.00000 ( 1)
 223 F   0.99781 0.00000 0.00219 0.00000 ( 1)
 224 V   0.99457 0.00000 0.00543 0.00000 ( 1)
 225 W   0.99969 0.00000 0.00031 0.00000 ( 1)
 226 S   0.99935 0.00000 0.00065 0.00000 ( 1)
 227 Y   0.99933 0.00000 0.00067 0.00000 ( 1)
 228 C   0.99374 0.00000 0.00626 0.00000 ( 1)
 229 F   0.99818 0.00000 0.00182 0.00000 ( 1)
 230 P   0.99929 0.00000 0.00071 0.00000 ( 1)
 231 M   0.99906 0.00000 0.00094 0.00000 ( 1)
 232 A   0.00000 0.99842 0.00000 0.00158 ( 2)
 233 L   0.99891 0.00000 0.00109 0.00000 ( 1)
 234 I   0.99748 0.00000 0.00252 0.00000 ( 1)
 235 C   0.99954 0.00000 0.00046 0.00000 ( 1)
 236 I   0.99887 0.00000 0.00113 0.00000 ( 1)
 237 F   0.99892 0.00000 0.00108 0.00000 ( 1)
 238 Y   0.99932 0.00000 0.00068 0.00000 ( 1)
 239 S   0.99795 0.00000 0.00205 0.00000 ( 1)
 240 K   0.99949 0.00000 0.00051 0.00000 ( 1)
 241 L   0.99745 0.00000 0.00255 0.00000 ( 1)
 242 F   0.99862 0.00000 0.00138 0.00000 ( 1)
 243 T   0.99891 0.00000 0.00109 0.00000 ( 1)
 244 A   0.99851 0.00000 0.00149 0.00000 ( 1)
 245 V   0.99664 0.00000 0.00336 0.00000 ( 1)
 246 R   0.99428 0.00000 0.00572 0.00000 ( 1)
 247 L   0.76578 0.00000 0.23422 0.00000 ( 1)
 248 H   0.99941 0.00000 0.00059 0.00000 ( 1)
 249 E   0.99924 0.00000 0.00076 0.00000 ( 1)
 250 K   0.99891 0.00000 0.00109 0.00000 ( 1)
 251 M   0.99906 0.00000 0.00094 0.00000 ( 1)
 252 L   0.99868 0.00000 0.00132 0.00000 ( 1)
 253 K   0.00000 0.99594 0.00000 0.00406 ( 2)
 254 E   0.83102 0.00000 0.16898 0.00000 ( 1)
 255 Q   0.99739 0.00000 0.00261 0.00000 ( 1)
 256 A   0.99857 0.00000 0.00143 0.00000 ( 1)
 257 K   0.99457 0.00000 0.00543 0.00000 ( 1)
 258 K   0.99924 0.00000 0.00076 0.00000 ( 1)
 259 M   0.99906 0.00000 0.00094 0.00000 ( 1)
 260 N   0.99901 0.00000 0.00099 0.00000 ( 1)
 261 V   0.99803 0.00000 0.00197 0.00000 ( 1)
 262 K   0.99921 0.00000 0.00079 0.00000 ( 1)
 263 S   0.99572 0.00000 0.00428 0.00000 ( 1)
 264 L   0.99833 0.00000 0.00167 0.00000 ( 1)
 265 A   0.99710 0.00000 0.00290 0.00000 ( 1)
 266 S   0.77088 0.00000 0.22912 0.00000 ( 1)
 267 N   0.99900 0.00000 0.00100 0.00000 ( 1)
 268 K   0.99912 0.00000 0.00088 0.00000 ( 1)
 269 E   0.99788 0.00000 0.00212 0.00000 ( 1)
 270 D   0.99884 0.00000 0.00116 0.00000 ( 1)
 271 A   0.99873 0.00000 0.00127 0.00000 ( 1)
 272 G   0.91911 0.00000 0.08089 0.00000 ( 1)
 273 K   0.99918 0.00000 0.00082 0.00000 ( 1)
 274 S   0.99936 0.00000 0.00064 0.00000 ( 1)
 275 V   0.99766 0.00000 0.00234 0.00000 ( 1)
 276 E   0.99927 0.00000 0.00073 0.00000 ( 1)
 277 I   0.99819 0.00000 0.00181 0.00000 ( 1)
 278 R   0.99453 0.00000 0.00547 0.00000 ( 1)
 279 I   0.99538 0.00000 0.00462 0.00000 ( 1)
 280 A   0.99722 0.00000 0.00278 0.00000 ( 1)
 281 K   0.99763 0.00000 0.00237 0.00000 ( 1)
 282 V   0.99725 0.00000 0.00275 0.00000 ( 1)
 283 A   0.99760 0.00000 0.00240 0.00000 ( 1)
 284 F   0.99893 0.00000 0.00107 0.00000 ( 1)
 285 T   0.99679 0.00000 0.00321 0.00000 ( 1)
 286 I   0.99762 0.00000 0.00238 0.00000 ( 1)
 287 F   0.99893 0.00000 0.00107 0.00000 ( 1)
 288 F   0.99892 0.00000 0.00108 0.00000 ( 1)
 289 L   0.99645 0.00000 0.00355 0.00000 ( 1)
 290 F   0.99893 0.00000 0.00107 0.00000 ( 1)
 291 V   0.99195 0.00000 0.00805 0.00000 ( 1)
 292 C   0.99923 0.00000 0.00077 0.00000 ( 1)
 293 A   0.99902 0.00000 0.00098 0.00000 ( 1)
 294 W   0.99969 0.00000 0.00031 0.00000 ( 1)
 295 T   0.99899 0.00000 0.00101 0.00000 ( 1)
 296 P   0.99948 0.00000 0.00052 0.00000 ( 1)
 297 Y   0.99932 0.00000 0.00068 0.00000 ( 1)
 298 A   0.99500 0.00000 0.00500 0.00000 ( 1)
 299 V   0.99851 0.00000 0.00149 0.00000 ( 1)
 300 V   0.99695 0.00000 0.00305 0.00000 ( 1)
 301 T   0.99397 0.00000 0.00603 0.00000 ( 1)
 302 M   0.99906 0.00000 0.00094 0.00000 ( 1)
 303 I   0.99718 0.00000 0.00282 0.00000 ( 1)
 304 G   0.99868 0.00000 0.00132 0.00000 ( 1)
 305 A   0.99841 0.00000 0.00159 0.00000 ( 1)
 306 F   0.99861 0.00000 0.00139 0.00000 ( 1)
 307 G   0.99925 0.00000 0.00075 0.00000 ( 1)
 308 D   0.99903 0.00000 0.00097 0.00000 ( 1)
 309 R   0.99772 0.00000 0.00228 0.00000 ( 1)
 310 S   0.00000 0.99884 0.00000 0.00116 ( 2)
 311 L   0.99791 0.00000 0.00209 0.00000 ( 1)
 312 L   0.99854 0.00000 0.00146 0.00000 ( 1)
 313 T   0.99859 0.00000 0.00141 0.00000 ( 1)
 314 P   0.99467 0.00000 0.00533 0.00000 ( 1)
 315 H   0.99790 0.00000 0.00210 0.00000 ( 1)
 316 V   0.99523 0.00000 0.00477 0.00000 ( 1)
 317 T   0.99567 0.00000 0.00433 0.00000 ( 1)
 318 M   0.99906 0.00000 0.00094 0.00000 ( 1)
 319 I   0.99739 0.00000 0.00261 0.00000 ( 1)
 320 P   0.99925 0.00000 0.00075 0.00000 ( 1)
 321 A   0.99856 0.00000 0.00144 0.00000 ( 1)
 322 V   0.99739 0.00000 0.00261 0.00000 ( 1)
 323 F   0.99955 0.00000 0.00045 0.00000 ( 1)
 324 A   0.00265 0.00000 0.99735 0.00000 ( 3)
 325 K   0.99906 0.00000 0.00094 0.00000 ( 1)
 326 S   0.99838 0.00000 0.00162 0.00000 ( 1)
 327 V   0.99682 0.00000 0.00318 0.00000 ( 1)
 328 S   0.99920 0.00000 0.00080 0.00000 ( 1)
 329 C   0.99955 0.00000 0.00045 0.00000 ( 1)
 330 I   0.99919 0.00000 0.00081 0.00000 ( 1)
 331 D   0.99898 0.00000 0.00102 0.00000 ( 1)
 332 P   0.99872 0.00000 0.00128 0.00000 ( 1)
 333 W   0.99969 0.00000 0.00031 0.00000 ( 1)
 334 V   0.67552 0.00000 0.32448 0.00000 ( 1)
 335 Y   0.99883 0.00000 0.00117 0.00000 ( 1)
 336 A   0.99736 0.00000 0.00264 0.00000 ( 1)
 337 I   0.99552 0.00000 0.00448 0.00000 ( 1)
 338 N   0.99795 0.00000 0.00205 0.00000 ( 1)
 339 H   0.99973 0.00000 0.00027 0.00000 ( 1)
 340 P   0.99886 0.00000 0.00114 0.00000 ( 1)
 341 R   0.99970 0.00000 0.00030 0.00000 ( 1)
 342 Y   0.99933 0.00000 0.00067 0.00000 ( 1)
 343 R   0.99916 0.00000 0.00084 0.00000 ( 1)
 344 A   0.98683 0.00000 0.01317 0.00000 ( 1)
 345 E   0.99916 0.00000 0.00084 0.00000 ( 1)
 346 L   0.99892 0.00000 0.00108 0.00000 ( 1)
 347 Q   0.99956 0.00000 0.00044 0.00000 ( 1)
 348 K   0.99883 0.00000 0.00117 0.00000 ( 1)
 349 R   0.99747 0.00000 0.00253 0.00000 ( 1)
 350 L   0.99767 0.00000 0.00233 0.00000 ( 1)
 351 P   0.99936 0.00000 0.00064 0.00000 ( 1)
 352 W   0.99969 0.00000 0.00031 0.00000 ( 1)
 353 M   0.99709 0.00000 0.00291 0.00000 ( 1)
 354 G   0.99436 0.00000 0.00564 0.00000 ( 1)
 355 V   0.99535 0.00000 0.00465 0.00000 ( 1)
 356 R   0.99794 0.00000 0.00206 0.00000 ( 1)
 357 E   0.99899 0.00000 0.00101 0.00000 ( 1)
 358 P   0.00000 0.80940 0.00000 0.19060 ( 2)
 359 D   0.99854 0.00000 0.00146 0.00000 ( 1)
 360 P   0.99907 0.00000 0.00093 0.00000 ( 1)
 361 E   0.99903 0.00000 0.00097 0.00000 ( 1)
 362 T   0.00000 0.95512 0.00000 0.04487 ( 2)
 363 Q   0.99696 0.00000 0.00304 0.00000 ( 1)
 364 S   0.99921 0.00000 0.00079 0.00000 ( 1)
 365 S   0.99546 0.00000 0.00454 0.00000 ( 1)
 366 N   0.99721 0.00000 0.00279 0.00000 ( 1)
 367 A   0.99768 0.00000 0.00232 0.00000 ( 1)
 368 S   0.98292 0.00000 0.01708 0.00000 ( 1)
 369 T   0.91175 0.00000 0.08825 0.00000 ( 1)
 370 T   0.99852 0.00000 0.00148 0.00000 ( 1)
 371 Q   0.02578 0.00000 0.97422 0.00000 ( 3)
 372 S   0.00520 0.96526 0.00318 0.02636 ( 2)
 373 Q   0.06354 0.00000 0.93646 0.00000 ( 3)
 374 S   0.00000 0.83910 0.00000 0.16090 ( 2)
 375 A   0.00000 0.98098 0.00000 0.01902 ( 2)
 376 D   0.99935 0.00000 0.00065 0.00000 ( 1)
 377 A   0.99688 0.00000 0.00312 0.00000 ( 1)


lnL = -74006.988006

Bayes Empirical Bayes (BEB) probabilities for 4 classes (class)
(amino acids refer to 1st sequence: ColCroc|Blue5)

   1 N   0.99827 0.00000 0.00173 0.00000 ( 1)
   2 V   0.99448 0.00000 0.00552 0.00000 ( 1)
   3 N   0.00000 0.99037 0.00000 0.00963 ( 2)
   4 N   0.99763 0.00000 0.00237 0.00000 ( 1)
   5 F   0.99787 0.00000 0.00213 0.00000 ( 1)
   6 S   0.99544 0.00000 0.00456 0.00000 ( 1)
   7 A   0.99693 0.00009 0.00297 0.00000 ( 1)
   8 E   0.00000 0.98762 0.00000 0.01238 ( 2)
   9 A   0.99778 0.00000 0.00222 0.00000 ( 1)
  10 R   0.76094 0.00000 0.23906 0.00000 ( 1)
  11 P   0.99677 0.00000 0.00323 0.00000 ( 1)
  12 V   0.99827 0.00000 0.00173 0.00000 ( 1)
  13 A   0.99724 0.00000 0.00276 0.00000 ( 1)
  14 Y   0.98705 0.00000 0.01295 0.00000 ( 1)
  15 P   0.99580 0.00000 0.00420 0.00000 ( 1)
  16 F   0.99686 0.00000 0.00314 0.00000 ( 1)
  17 K   0.98995 0.00000 0.01005 0.00000 ( 1)
  18 M   0.99827 0.00000 0.00173 0.00000 ( 1)
  19 V   0.99442 0.00000 0.00558 0.00000 ( 1)
  20 S   0.99638 0.00000 0.00362 0.00000 ( 1)
  21 D   0.00001 0.91120 0.00001 0.08878 ( 2)
  22 E   0.84386 0.00000 0.15614 0.00000 ( 1)
  23 V   0.99639 0.00000 0.00361 0.00000 ( 1)
  24 Q   0.96666 0.00000 0.03334 0.00000 ( 1)
  25 Q   0.99768 0.00000 0.00232 0.00000 ( 1)
  26 N   0.99800 0.00000 0.00200 0.00000 ( 1)
  27 M   0.99827 0.00000 0.00173 0.00000 ( 1)
  28 L   0.99550 0.00000 0.00450 0.00000 ( 1)
  29 G   0.99835 0.00000 0.00165 0.00000 ( 1)
  30 W   0.82097 0.00000 0.17903 0.00000 ( 1)
  31 N   0.99816 0.00000 0.00184 0.00000 ( 1)
  32 V   0.99617 0.00000 0.00383 0.00000 ( 1)
  33 P   0.99766 0.00000 0.00234 0.00000 ( 1)
  34 S   0.00501 0.00000 0.99499 0.00000 ( 3)
  35 E   0.99805 0.00000 0.00195 0.00000 ( 1)
  36 Y   0.99701 0.00000 0.00299 0.00000 ( 1)
  37 Q   0.99588 0.00000 0.00412 0.00000 ( 1)
  38 D   0.99815 0.00000 0.00185 0.00000 ( 1)
  39 L   0.99370 0.00000 0.00630 0.00000 ( 1)
  40 V   0.99607 0.00000 0.00393 0.00000 ( 1)
  41 H   0.99826 0.00000 0.00174 0.00000 ( 1)
  42 D   0.99733 0.00000 0.00267 0.00000 ( 1)
  43 H   0.99860 0.00000 0.00140 0.00000 ( 1)
  44 W   0.99802 0.00000 0.00198 0.00000 ( 1)
  45 R   0.99824 0.00000 0.00176 0.00000 ( 1)
  46 N   0.95670 0.00000 0.04330 0.00000 ( 1)
  47 F   0.99794 0.00000 0.00206 0.00000 ( 1)
  48 A   0.99805 0.00000 0.00195 0.00000 ( 1)
  49 A   0.99638 0.00000 0.00362 0.00000 ( 1)
  50 I   0.99633 0.00000 0.00367 0.00000 ( 1)
  51 D   0.99867 0.00000 0.00133 0.00000 ( 1)
  52 K   0.99830 0.00000 0.00170 0.00000 ( 1)
  53 F   0.99826 0.00000 0.00174 0.00000 ( 1)
  54 W   0.99802 0.00000 0.00198 0.00000 ( 1)
  55 H   0.99859 0.00000 0.00141 0.00000 ( 1)
  56 Y   0.99826 0.00000 0.00174 0.00000 ( 1)
  57 C   0.99834 0.00000 0.00166 0.00000 ( 1)
  58 L   0.99622 0.00000 0.00378 0.00000 ( 1)
  59 A   0.99730 0.00000 0.00270 0.00000 ( 1)
  60 L   0.99750 0.00000 0.00250 0.00000 ( 1)
  61 I   0.99701 0.00000 0.00299 0.00000 ( 1)
  62 Y   0.99826 0.00000 0.00174 0.00000 ( 1)
  63 M   0.99759 0.00000 0.00241 0.00000 ( 1)
  64 I   0.77459 0.00000 0.22541 0.00000 ( 1)
  65 L   0.99769 0.00000 0.00231 0.00000 ( 1)
  66 W   0.99827 0.00000 0.00173 0.00000 ( 1)
  67 I   0.99767 0.00000 0.00233 0.00000 ( 1)
  68 S   0.99759 0.00000 0.00241 0.00000 ( 1)
  69 S   0.99474 0.00000 0.00526 0.00000 ( 1)
  70 V   0.99753 0.00000 0.00247 0.00000 ( 1)
  71 C   0.99631 0.00000 0.00369 0.00000 ( 1)
  72 G   0.99819 0.00000 0.00181 0.00000 ( 1)
  73 N   0.99793 0.00000 0.00207 0.00000 ( 1)
  74 G   0.99811 0.00000 0.00189 0.00000 ( 1)
  75 I   0.99703 0.00000 0.00297 0.00000 ( 1)
  76 V   0.99622 0.00000 0.00378 0.00000 ( 1)
  77 V   0.99598 0.00000 0.00402 0.00000 ( 1)
  78 W   0.99802 0.00000 0.00198 0.00000 ( 1)
  79 I   0.99785 0.00000 0.00215 0.00000 ( 1)
  80 F   0.99745 0.00000 0.00255 0.00000 ( 1)
  81 S   0.99866 0.00000 0.00134 0.00000 ( 1)
  82 T   0.99621 0.00000 0.00379 0.00000 ( 1)
  83 S   0.99483 0.00000 0.00517 0.00000 ( 1)
  84 K   0.78598 0.00000 0.21402 0.00000 ( 1)
  85 S   0.19325 0.00000 0.80675 0.00000 ( 3)
  86 L   0.99600 0.00000 0.00400 0.00000 ( 1)
  87 R   0.99739 0.00000 0.00261 0.00000 ( 1)
  88 S   0.99766 0.00000 0.00234 0.00000 ( 1)
  89 A   0.98951 0.00000 0.01049 0.00000 ( 1)
  90 S   0.99866 0.00000 0.00134 0.00000 ( 1)
  91 N   0.99816 0.00000 0.00184 0.00000 ( 1)
  92 M   0.99827 0.00000 0.00173 0.00000 ( 1)
  93 F   0.99796 0.00000 0.00204 0.00000 ( 1)
  94 I   0.99575 0.00000 0.00425 0.00000 ( 1)
  95 V   0.99784 0.00000 0.00216 0.00000 ( 1)
  96 N   0.99817 0.00000 0.00183 0.00000 ( 1)
  97 L   0.99617 0.00000 0.00383 0.00000 ( 1)
  98 A   0.99729 0.00000 0.00271 0.00000 ( 1)
  99 L   0.99580 0.00000 0.00420 0.00000 ( 1)
 100 F   0.99796 0.00000 0.00204 0.00000 ( 1)
 101 D   0.99816 0.00000 0.00184 0.00000 ( 1)
 102 M   0.43489 0.00000 0.56511 0.00000 ( 3)
 103 V   0.99827 0.00000 0.00173 0.00000 ( 1)
 104 M   0.99827 0.00000 0.00173 0.00000 ( 1)
 105 M   0.99827 0.00000 0.00173 0.00000 ( 1)
 106 I   0.99610 0.00002 0.00387 0.00000 ( 1)
 107 E   0.99825 0.00000 0.00175 0.00000 ( 1)
 108 M   0.99827 0.00000 0.00173 0.00000 ( 1)
 109 P   0.99617 0.00000 0.00383 0.00000 ( 1)
 110 H   0.99753 0.00000 0.00247 0.00000 ( 1)
 111 L   0.99776 0.00000 0.00224 0.00000 ( 1)
 112 I   0.99702 0.00000 0.00298 0.00000 ( 1)
 113 I   0.00000 0.97924 0.00000 0.02076 ( 2)
 114 N   0.99817 0.00000 0.00183 0.00000 ( 1)
 115 S   0.99784 0.00000 0.00216 0.00000 ( 1)
 116 F   0.99794 0.00000 0.00206 0.00000 ( 1)
 117 Y   0.99704 0.00000 0.00296 0.00000 ( 1)
 118 Q   0.99806 0.00000 0.00194 0.00000 ( 1)
 119 K   0.99708 0.00000 0.00292 0.00000 ( 1)
 120 M   0.99566 0.00000 0.00434 0.00000 ( 1)
 121 I   0.99514 0.00000 0.00486 0.00000 ( 1)
 122 G   0.99468 0.00000 0.00532 0.00000 ( 1)
 123 Y   0.99826 0.00000 0.00174 0.00000 ( 1)
 124 Q   0.99806 0.00000 0.00194 0.00000 ( 1)
 125 V   0.99328 0.00000 0.00672 0.00000 ( 1)
 126 G   0.99557 0.00000 0.00443 0.00000 ( 1)
 127 C   0.99865 0.00000 0.00135 0.00000 ( 1)
 128 D   0.99756 0.00000 0.00244 0.00000 ( 1)
 129 I   0.99667 0.00000 0.00333 0.00000 ( 1)
 130 Y   0.99824 0.00000 0.00176 0.00000 ( 1)
 131 A   0.99818 0.00000 0.00182 0.00000 ( 1)
 132 T   0.99623 0.00000 0.00377 0.00000 ( 1)
 133 L   0.99571 0.00000 0.00429 0.00000 ( 1)
 134 G   0.99834 0.00000 0.00166 0.00000 ( 1)
 135 S   0.99755 0.00000 0.00245 0.00000 ( 1)
 136 I   0.99621 0.00000 0.00379 0.00000 ( 1)
 137 S   0.99589 0.00000 0.00411 0.00000 ( 1)
 138 G   0.99774 0.00000 0.00226 0.00000 ( 1)
 139 I   0.99620 0.00000 0.00380 0.00000 ( 1)
 140 G   0.99587 0.00000 0.00413 0.00000 ( 1)
 141 A   0.99428 0.00000 0.00572 0.00000 ( 1)
 142 A   0.99746 0.00000 0.00254 0.00000 ( 1)
 143 I   0.99663 0.00000 0.00337 0.00000 ( 1)
 144 S   0.99746 0.00000 0.00254 0.00000 ( 1)
 145 N   0.99792 0.00000 0.00208 0.00000 ( 1)
 146 A   0.99744 0.00000 0.00256 0.00000 ( 1)
 147 V   0.99629 0.00000 0.00371 0.00000 ( 1)
 148 I   0.99463 0.00000 0.00537 0.00000 ( 1)
 149 A   0.99707 0.00000 0.00293 0.00000 ( 1)
 150 Y   0.99741 0.00000 0.00259 0.00000 ( 1)
 151 D   0.99797 0.00000 0.00203 0.00000 ( 1)
 152 R   0.98334 0.00000 0.01666 0.00000 ( 1)
 153 Y   0.99824 0.00000 0.00176 0.00000 ( 1)
 154 K   0.99769 0.00000 0.00231 0.00000 ( 1)
 155 T   0.99761 0.00000 0.00239 0.00000 ( 1)
 156 I   0.99786 0.00000 0.00214 0.00000 ( 1)
 157 S   0.99662 0.00000 0.00338 0.00000 ( 1)
 158 C   0.99774 0.00000 0.00226 0.00000 ( 1)
 159 P   0.99581 0.00000 0.00419 0.00000 ( 1)
 160 I   0.99614 0.00000 0.00386 0.00000 ( 1)
 161 D   0.99744 0.00000 0.00256 0.00000 ( 1)
 162 G   0.99789 0.00000 0.00211 0.00000 ( 1)
 163 R   0.99754 0.00000 0.00246 0.00000 ( 1)
 164 I   0.99660 0.00000 0.00340 0.00000 ( 1)
 165 N   0.99697 0.00000 0.00303 0.00000 ( 1)
 166 K   0.99796 0.00000 0.00204 0.00000 ( 1)
 167 V   0.99572 0.00000 0.00428 0.00000 ( 1)
 168 Q   0.99774 0.00000 0.00226 0.00000 ( 1)
 169 A   0.99702 0.00000 0.00298 0.00000 ( 1)
 170 S   0.00000 0.96798 0.00000 0.03202 ( 2)
 171 I   0.98745 0.00000 0.01255 0.00000 ( 1)
 172 L   0.99551 0.00000 0.00449 0.00000 ( 1)
 173 I   0.99699 0.00000 0.00301 0.00000 ( 1)
 174 A   0.34247 0.22166 0.42666 0.00921 ( 3)
 175 F   0.99795 0.00000 0.00205 0.00000 ( 1)
 176 T   0.99685 0.00000 0.00315 0.00000 ( 1)
 177 W   0.99802 0.00000 0.00198 0.00000 ( 1)
 178 F   0.99696 0.00000 0.00304 0.00000 ( 1)
 179 W   0.99802 0.00000 0.00198 0.00000 ( 1)
 180 T   0.99460 0.00000 0.00540 0.00000 ( 1)
 181 L   0.26912 0.38746 0.32800 0.01542 ( 2)
 182 P   0.99827 0.00000 0.00173 0.00000 ( 1)
 183 F   0.99796 0.00000 0.00204 0.00000 ( 1)
 184 T   0.99664 0.00000 0.00336 0.00000 ( 1)
 185 I   0.99601 0.00000 0.00399 0.00000 ( 1)
 186 L   0.99590 0.00000 0.00410 0.00000 ( 1)
 187 P   0.99749 0.00000 0.00251 0.00000 ( 1)
 188 L   0.99747 0.00000 0.00253 0.00000 ( 1)
 189 L   0.99795 0.00000 0.00205 0.00000 ( 1)
 190 K   0.99699 0.00000 0.00301 0.00000 ( 1)
 191 V   0.99361 0.00000 0.00639 0.00000 ( 1)
 192 W   0.99802 0.00000 0.00198 0.00000 ( 1)
 193 G   0.99494 0.00000 0.00506 0.00000 ( 1)
 194 K   0.99734 0.00000 0.00266 0.00000 ( 1)
 195 F   0.99770 0.00000 0.00230 0.00000 ( 1)
 196 V   0.99431 0.00000 0.00569 0.00000 ( 1)
 197 P   0.99580 0.00000 0.00420 0.00000 ( 1)
 198 E   0.99825 0.00000 0.00175 0.00000 ( 1)
 199 G   0.99459 0.00000 0.00541 0.00000 ( 1)
 200 F   0.99794 0.00000 0.00206 0.00000 ( 1)
 201 L   0.99524 0.00000 0.00476 0.00000 ( 1)
 202 T   0.99737 0.00000 0.00263 0.00000 ( 1)
 203 T   0.99712 0.00000 0.00288 0.00000 ( 1)
 204 C   0.99653 0.00000 0.00347 0.00000 ( 1)
 205 S   0.99755 0.00000 0.00245 0.00000 ( 1)
 206 F   0.99794 0.00000 0.00206 0.00000 ( 1)
 207 D   0.99814 0.00000 0.00186 0.00000 ( 1)
 208 Y   0.99827 0.00000 0.00173 0.00000 ( 1)
 209 F   0.99795 0.00000 0.00205 0.00000 ( 1)
 210 T   0.99488 0.00000 0.00512 0.00000 ( 1)
 211 D   0.99803 0.00000 0.00197 0.00000 ( 1)
 212 D   0.99699 0.00000 0.00301 0.00000 ( 1)
 213 E   0.99806 0.00000 0.00194 0.00000 ( 1)
 214 D   0.99817 0.00000 0.00183 0.00000 ( 1)
 215 T   0.99764 0.00000 0.00236 0.00000 ( 1)
 216 K   0.99831 0.00000 0.00169 0.00000 ( 1)
 217 V   0.99645 0.00000 0.00355 0.00000 ( 1)
 218 F   0.99795 0.00000 0.00205 0.00000 ( 1)
 219 V   0.99472 0.00000 0.00528 0.00000 ( 1)
 220 A   0.52864 0.00000 0.47136 0.00000 ( 1)
 221 C   0.01841 0.00000 0.98159 0.00000 ( 3)
 222 I   0.99703 0.00000 0.00297 0.00000 ( 1)
 223 F   0.99691 0.00000 0.00309 0.00000 ( 1)
 224 V   0.99162 0.00000 0.00838 0.00000 ( 1)
 225 W   0.99802 0.00000 0.00198 0.00000 ( 1)
 226 S   0.99866 0.00000 0.00134 0.00000 ( 1)
 227 Y   0.99827 0.00000 0.00173 0.00000 ( 1)
 228 C   0.99321 0.00000 0.00679 0.00000 ( 1)
 229 F   0.99700 0.00000 0.00300 0.00000 ( 1)
 230 P   0.99831 0.00000 0.00169 0.00000 ( 1)
 231 M   0.99827 0.00000 0.00173 0.00000 ( 1)
 232 A   0.00000 0.99477 0.00000 0.00523 ( 2)
 233 L   0.99778 0.00000 0.00222 0.00000 ( 1)
 234 I   0.99649 0.00000 0.00351 0.00000 ( 1)
 235 C   0.99868 0.00000 0.00132 0.00000 ( 1)
 236 I   0.99743 0.00000 0.00257 0.00000 ( 1)
 237 F   0.99795 0.00000 0.00205 0.00000 ( 1)
 238 Y   0.99826 0.00000 0.00174 0.00000 ( 1)
 239 S   0.99602 0.00000 0.00398 0.00000 ( 1)
 240 K   0.99797 0.00000 0.00203 0.00000 ( 1)
 241 L   0.99572 0.00000 0.00428 0.00000 ( 1)
 242 F   0.99775 0.00000 0.00225 0.00000 ( 1)
 243 T   0.99816 0.00000 0.00184 0.00000 ( 1)
 244 A   0.99723 0.00000 0.00277 0.00000 ( 1)
 245 V   0.99548 0.00000 0.00452 0.00000 ( 1)
 246 R   0.99367 0.00000 0.00633 0.00000 ( 1)
 247 L   0.73871 0.00000 0.26129 0.00000 ( 1)
 248 H   0.99859 0.00000 0.00141 0.00000 ( 1)
 249 E   0.99822 0.00000 0.00178 0.00000 ( 1)
 250 K   0.99787 0.00000 0.00213 0.00000 ( 1)
 251 M   0.99827 0.00000 0.00173 0.00000 ( 1)
 252 L   0.99622 0.00000 0.00378 0.00000 ( 1)
 253 K   0.00001 0.99323 0.00000 0.00677 ( 2)
 254 E   0.75432 0.00000 0.24568 0.00000 ( 1)
 255 Q   0.99572 0.00000 0.00428 0.00000 ( 1)
 256 A   0.99726 0.00000 0.00274 0.00000 ( 1)
 257 K   0.99011 0.00000 0.00989 0.00000 ( 1)
 258 K   0.99831 0.00000 0.00169 0.00000 ( 1)
 259 M   0.99827 0.00000 0.00173 0.00000 ( 1)
 260 N   0.99817 0.00000 0.00183 0.00000 ( 1)
 261 V   0.99637 0.00000 0.00363 0.00000 ( 1)
 262 K   0.99827 0.00000 0.00173 0.00000 ( 1)
 263 S   0.99249 0.00000 0.00751 0.00000 ( 1)
 264 L   0.99742 0.00000 0.00258 0.00000 ( 1)
 265 A   0.99587 0.00000 0.00413 0.00000 ( 1)
 266 S   0.81319 0.00000 0.18681 0.00000 ( 1)
 267 N   0.99816 0.00000 0.00184 0.00000 ( 1)
 268 K   0.99763 0.00000 0.00237 0.00000 ( 1)
 269 E   0.99699 0.00000 0.00301 0.00000 ( 1)
 270 D   0.99802 0.00000 0.00198 0.00000 ( 1)
 271 A   0.99758 0.00000 0.00242 0.00000 ( 1)
 272 G   0.87954 0.00000 0.12046 0.00000 ( 1)
 273 K   0.99824 0.00000 0.00176 0.00000 ( 1)
 274 S   0.99867 0.00000 0.00133 0.00000 ( 1)
 275 V   0.99628 0.00000 0.00372 0.00000 ( 1)
 276 E   0.99824 0.00000 0.00176 0.00000 ( 1)
 277 I   0.99701 0.00000 0.00299 0.00000 ( 1)
 278 R   0.99513 0.00000 0.00487 0.00000 ( 1)
 279 I   0.99495 0.00000 0.00505 0.00000 ( 1)
 280 A   0.99660 0.00000 0.00340 0.00000 ( 1)
 281 K   0.99660 0.00000 0.00340 0.00000 ( 1)
 282 V   0.99605 0.00000 0.00395 0.00000 ( 1)
 283 A   0.99701 0.00000 0.00299 0.00000 ( 1)
 284 F   0.99795 0.00000 0.00205 0.00000 ( 1)
 285 T   0.99642 0.00000 0.00358 0.00000 ( 1)
 286 I   0.99660 0.00000 0.00340 0.00000 ( 1)
 287 F   0.99795 0.00000 0.00205 0.00000 ( 1)
 288 F   0.99795 0.00000 0.00205 0.00000 ( 1)
 289 L   0.99535 0.00000 0.00465 0.00000 ( 1)
 290 F   0.99795 0.00000 0.00205 0.00000 ( 1)
 291 V   0.98815 0.00000 0.01185 0.00000 ( 1)
 292 C   0.99845 0.00000 0.00155 0.00000 ( 1)
 293 A   0.99746 0.00000 0.00254 0.00000 ( 1)
 294 W   0.99802 0.00000 0.00198 0.00000 ( 1)
 295 T   0.99763 0.00000 0.00237 0.00000 ( 1)
 296 P   0.99786 0.00000 0.00214 0.00000 ( 1)
 297 Y   0.99826 0.00000 0.00174 0.00000 ( 1)
 298 A   0.99559 0.00000 0.00441 0.00000 ( 1)
 299 V   0.99767 0.00000 0.00233 0.00000 ( 1)
 300 V   0.99615 0.00000 0.00385 0.00000 ( 1)
 301 T   0.99281 0.00000 0.00719 0.00000 ( 1)
 302 M   0.99827 0.00000 0.00173 0.00000 ( 1)
 303 I   0.99675 0.00000 0.00325 0.00000 ( 1)
 304 G   0.99794 0.00000 0.00206 0.00000 ( 1)
 305 A   0.99746 0.00000 0.00254 0.00000 ( 1)
 306 F   0.99774 0.00000 0.00226 0.00000 ( 1)
 307 G   0.99584 0.00000 0.00416 0.00000 ( 1)
 308 D   0.99816 0.00000 0.00184 0.00000 ( 1)
 309 R   0.99633 0.00000 0.00367 0.00000 ( 1)
 310 S   0.00000 0.99566 0.00000 0.00434 ( 2)
 311 L   0.99666 0.00000 0.00334 0.00000 ( 1)
 312 L   0.99598 0.00000 0.00402 0.00000 ( 1)
 313 T   0.99622 0.00000 0.00378 0.00000 ( 1)
 314 P   0.99641 0.00000 0.00359 0.00000 ( 1)
 315 H   0.99626 0.00000 0.00374 0.00000 ( 1)
 316 V   0.99579 0.00000 0.00421 0.00000 ( 1)
 317 T   0.99583 0.00000 0.00417 0.00000 ( 1)
 318 M   0.99827 0.00000 0.00173 0.00000 ( 1)
 319 I   0.99642 0.00000 0.00358 0.00000 ( 1)
 320 P   0.99578 0.00000 0.00422 0.00000 ( 1)
 321 A   0.99600 0.00000 0.00400 0.00000 ( 1)
 322 V   0.99612 0.00000 0.00388 0.00000 ( 1)
 323 F   0.99869 0.00000 0.00131 0.00000 ( 1)
 324 A   0.00878 0.00000 0.99122 0.00000 ( 3)
 325 K   0.99811 0.00000 0.00189 0.00000 ( 1)
 326 S   0.99671 0.00000 0.00329 0.00000 ( 1)
 327 V   0.99524 0.00000 0.00476 0.00000 ( 1)
 328 S   0.99813 0.00000 0.00187 0.00000 ( 1)
 329 C   0.99869 0.00000 0.00131 0.00000 ( 1)
 330 I   0.99783 0.00000 0.00217 0.00000 ( 1)
 331 D   0.99812 0.00000 0.00188 0.00000 ( 1)
 332 P   0.99807 0.00000 0.00193 0.00000 ( 1)
 333 W   0.99802 0.00000 0.00198 0.00000 ( 1)
 334 V   0.67554 0.00000 0.32446 0.00000 ( 1)
 335 Y   0.99600 0.00000 0.00400 0.00000 ( 1)
 336 A   0.99596 0.00000 0.00404 0.00000 ( 1)
 337 I   0.99501 0.00000 0.00499 0.00000 ( 1)
 338 N   0.99735 0.00000 0.00265 0.00000 ( 1)
 339 H   0.99725 0.00000 0.00275 0.00000 ( 1)
 340 P   0.99812 0.00000 0.00188 0.00000 ( 1)
 341 R   0.99770 0.00000 0.00230 0.00000 ( 1)
 342 Y   0.99827 0.00000 0.00173 0.00000 ( 1)
 343 R   0.99826 0.00000 0.00174 0.00000 ( 1)
 344 A   0.98045 0.00000 0.01955 0.00000 ( 1)
 345 E   0.99814 0.00000 0.00186 0.00000 ( 1)
 346 L   0.99397 0.00000 0.00603 0.00000 ( 1)
 347 Q   0.99805 0.00000 0.00195 0.00000 ( 1)
 348 K   0.99787 0.00000 0.00213 0.00000 ( 1)
 349 R   0.99557 0.00000 0.00443 0.00000 ( 1)
 350 L   0.99674 0.00000 0.00326 0.00000 ( 1)
 351 P   0.99584 0.00000 0.00416 0.00000 ( 1)
 352 W   0.99802 0.00000 0.00198 0.00000 ( 1)
 353 M   0.99562 0.00000 0.00438 0.00000 ( 1)
 354 G   0.99491 0.00000 0.00509 0.00000 ( 1)
 355 V   0.99472 0.00000 0.00528 0.00000 ( 1)
 356 R   0.99615 0.00000 0.00385 0.00000 ( 1)
 357 E   0.99799 0.00000 0.00201 0.00000 ( 1)
 358 P   0.00000 0.79215 0.00000 0.20785 ( 2)
 359 D   0.99782 0.00000 0.00218 0.00000 ( 1)
 360 P   0.99820 0.00000 0.00180 0.00000 ( 1)
 361 E   0.99816 0.00000 0.00184 0.00000 ( 1)
 362 T   0.00311 0.78497 0.15754 0.05438 ( 2)
 363 Q   0.99572 0.00000 0.00428 0.00000 ( 1)
 364 S   0.99813 0.00000 0.00187 0.00000 ( 1)
 365 S   0.99472 0.00000 0.00528 0.00000 ( 1)
 366 N   0.99447 0.00000 0.00553 0.00000 ( 1)
 367 A   0.99703 0.00000 0.00297 0.00000 ( 1)
 368 S   0.98572 0.00000 0.01428 0.00000 ( 1)
 369 T   0.88867 0.00000 0.11133 0.00000 ( 1)
 370 T   0.99716 0.00000 0.00284 0.00000 ( 1)
 371 Q   0.04258 0.00000 0.95742 0.00000 ( 3)
 372 S   0.54744 0.02167 0.43005 0.00084 ( 1)
 373 Q   0.09497 0.00000 0.90503 0.00000 ( 3)
 374 S   0.00000 0.87967 0.00000 0.12033 ( 2)
 375 A   0.00000 0.97125 0.00000 0.02875 ( 2)
 376 D   0.99765 0.00000 0.00235 0.00000 ( 1)
 377 A   0.99554 0.00000 0.00446 0.00000 ( 1)

