Supplemental results for CODEML (seqf: align.fa  treef: tree.nwk)


MLEs of dN/dS (w) for site classes (K=4)

site class             0        1       2a       2b
proportion       0.92691  0.03635  0.03535  0.00139
background w     0.03986  1.00000  0.03986  1.00000
foreground w     0.03986  1.00000 96.20800 96.20800

Naive Empirical Bayes (NEB) probabilities for 4 classes
(amino acids refer to 1st sequence: ColCroc)

   1 M   0.99890 0.00000 0.00110 0.00000 ( 1)
   2 D   0.99865 0.00000 0.00135 0.00000 ( 1)
   3 R   0.00000 0.96056 0.00000 0.03944 ( 2)
   4 T   0.83897 0.00000 0.16103 0.00000 ( 1)
   5 E   0.01904 0.00000 0.98096 0.00000 ( 3)
   6 Y   0.00000 0.95453 0.00000 0.04547 ( 2)
   7 Y   0.00435 0.00119 0.99430 0.00017 ( 3)
   8 I   0.00000 0.92718 0.00000 0.07282 ( 2)
   9 Y   0.00018 0.99143 0.00004 0.00834 ( 2)
  10 G   0.25166 0.00000 0.74834 0.00000 ( 3)
  11 A   0.99607 0.00000 0.00393 0.00000 ( 1)
  12 Y   0.96359 0.00000 0.03641 0.00000 ( 1)
  13 F   0.99202 0.00000 0.00798 0.00000 ( 1)
  14 A   0.99395 0.00000 0.00605 0.00000 ( 1)
  15 P   0.23078 0.00000 0.76922 0.00000 ( 3)
  16 L   0.00050 0.00000 0.99950 0.00000 ( 3)
  17 R   0.99771 0.00000 0.00229 0.00000 ( 1)
  18 S   0.98962 0.00000 0.01038 0.00000 ( 1)
  19 G   0.00000 0.97639 0.00000 0.02361 ( 2)
  20 G   0.00000 0.94505 0.00000 0.05495 ( 2)
  21 E   0.00458 0.00000 0.99542 0.00000 ( 3)
  22 R   0.98363 0.00000 0.01637 0.00000 ( 1)
  23 M   0.87443 0.00000 0.12557 0.00000 ( 1)
  24 L   0.99086 0.00000 0.00914 0.00000 ( 1)
  25 G   0.99911 0.00000 0.00089 0.00000 ( 1)
  26 E   0.99827 0.00000 0.00173 0.00000 ( 1)
  27 G   0.99925 0.00000 0.00075 0.00000 ( 1)
  28 L   0.99207 0.00000 0.00793 0.00000 ( 1)
  29 T   0.99022 0.00000 0.00978 0.00000 ( 1)
  30 G   0.91844 0.00000 0.08156 0.00000 ( 1)
  31 E   0.99573 0.00000 0.00427 0.00000 ( 1)
  32 D   0.99900 0.00000 0.00100 0.00000 ( 1)
  33 L   0.98742 0.00000 0.01258 0.00000 ( 1)
  34 A   0.99800 0.00000 0.00200 0.00000 ( 1)
  35 M   0.99602 0.00000 0.00398 0.00000 ( 1)
  36 I   0.99473 0.00000 0.00527 0.00000 ( 1)
  37 P   0.99887 0.00000 0.00113 0.00000 ( 1)
  38 E   0.99867 0.00000 0.00133 0.00000 ( 1)
  39 H   0.99945 0.00000 0.00055 0.00000 ( 1)
  40 W   0.99964 0.00000 0.00036 0.00000 ( 1)
  41 F   0.99772 0.00000 0.00228 0.00000 ( 1)
  42 K   0.00003 0.95682 0.00002 0.04312 ( 2)
  43 Y   0.99894 0.00000 0.00106 0.00000 ( 1)
  44 P   0.00446 0.00000 0.99554 0.00000 ( 3)
  45 E   0.99634 0.00000 0.00366 0.00000 ( 1)
  46 P   0.99916 0.00000 0.00084 0.00000 ( 1)
  47 P   0.99891 0.00000 0.00109 0.00000 ( 1)
  48 A   0.94119 0.00000 0.05881 0.00000 ( 1)
  49 S   0.69840 0.00000 0.30160 0.00000 ( 1)
  50 A   0.99583 0.00000 0.00417 0.00000 ( 1)
  51 H   0.99945 0.00000 0.00055 0.00000 ( 1)
  52 T   0.99809 0.00000 0.00191 0.00000 ( 1)
  53 A   0.99326 0.00000 0.00674 0.00000 ( 1)
  54 L   0.99893 0.00000 0.00107 0.00000 ( 1)
  55 C   0.99752 0.00000 0.00248 0.00000 ( 1)
  56 L   0.99300 0.00000 0.00700 0.00000 ( 1)
  57 L   0.99896 0.00000 0.00104 0.00000 ( 1)
  58 Y   0.99935 0.00000 0.00065 0.00000 ( 1)
  59 C   0.99400 0.00166 0.00432 0.00003 ( 1)
  60 F   0.99817 0.00000 0.00183 0.00000 ( 1)
  61 F   0.99893 0.00000 0.00107 0.00000 ( 1)
  62 T   0.99679 0.00000 0.00321 0.00000 ( 1)
  63 A   0.99548 0.00000 0.00452 0.00000 ( 1)
  64 A   0.99681 0.00000 0.00319 0.00000 ( 1)
  65 A   0.99638 0.00000 0.00362 0.00000 ( 1)
  66 L   0.99880 0.00000 0.00120 0.00000 ( 1)
  67 I   0.99539 0.00000 0.00461 0.00000 ( 1)
  68 G   0.99925 0.00000 0.00075 0.00000 ( 1)
  69 N   0.99920 0.00000 0.00080 0.00000 ( 1)
  70 G   0.99805 0.00000 0.00195 0.00000 ( 1)
  71 M   0.19196 0.00000 0.80804 0.00000 ( 3)
  72 V   0.99759 0.00000 0.00241 0.00000 ( 1)
  73 I   0.99722 0.00000 0.00278 0.00000 ( 1)
  74 F   0.99867 0.00000 0.00133 0.00000 ( 1)
  75 I   0.88152 0.00000 0.11848 0.00000 ( 1)
  76 F   0.99720 0.00000 0.00280 0.00000 ( 1)
  77 A   0.99634 0.00000 0.00366 0.00000 ( 1)
  78 S   0.99829 0.00000 0.00171 0.00000 ( 1)
  79 T   0.99654 0.00000 0.00346 0.00000 ( 1)
  80 K   0.99894 0.00000 0.00106 0.00000 ( 1)
  81 S   0.99736 0.00000 0.00264 0.00000 ( 1)
  82 L   0.99816 0.00000 0.00184 0.00000 ( 1)
  83 R   0.99169 0.00000 0.00831 0.00000 ( 1)
  84 T   0.99335 0.00000 0.00665 0.00000 ( 1)
  85 A   0.99481 0.00000 0.00519 0.00000 ( 1)
  86 S   0.99932 0.00000 0.00068 0.00000 ( 1)
  87 N   0.99900 0.00000 0.00100 0.00000 ( 1)
  88 L   0.99848 0.00000 0.00152 0.00000 ( 1)
  89 L   0.99594 0.00000 0.00406 0.00000 ( 1)
  90 I   0.63466 0.00000 0.36534 0.00000 ( 1)
  91 L   0.99844 0.00000 0.00156 0.00000 ( 1)
  92 N   0.99750 0.00000 0.00250 0.00000 ( 1)
  93 L   0.99575 0.00000 0.00425 0.00000 ( 1)
  94 A   0.99422 0.00000 0.00578 0.00000 ( 1)
  95 I   0.99362 0.00000 0.00638 0.00000 ( 1)
  96 F   0.91531 0.00000 0.08469 0.00000 ( 1)
  97 D   0.99898 0.00000 0.00102 0.00000 ( 1)
  98 F   0.99748 0.00000 0.00252 0.00000 ( 1)
  99 I   0.99650 0.00000 0.00350 0.00000 ( 1)
 100 M   0.99905 0.00000 0.00095 0.00000 ( 1)
 101 M   0.99905 0.00000 0.00095 0.00000 ( 1)
 102 L   0.99825 0.00000 0.00175 0.00000 ( 1)
 103 K   0.99712 0.00000 0.00288 0.00000 ( 1)
 104 A   0.99822 0.00000 0.00178 0.00000 ( 1)
 105 P   0.99882 0.00000 0.00118 0.00000 ( 1)
 106 I   0.99759 0.00000 0.00241 0.00000 ( 1)
 107 F   0.99890 0.00000 0.00110 0.00000 ( 1)
 108 I   0.99815 0.00000 0.00185 0.00000 ( 1)
 109 Y   0.99934 0.00000 0.00066 0.00000 ( 1)
 110 N   0.99906 0.00000 0.00094 0.00000 ( 1)
 111 S   0.99801 0.00000 0.00199 0.00000 ( 1)
 112 A   0.99777 0.00000 0.00223 0.00000 ( 1)
 113 M   0.99905 0.00000 0.00095 0.00000 ( 1)
 114 R   0.99680 0.00000 0.00320 0.00000 ( 1)
 115 G   0.99585 0.00000 0.00415 0.00000 ( 1)
 116 F   0.99886 0.00000 0.00114 0.00000 ( 1)
 117 A   0.99467 0.00000 0.00533 0.00000 ( 1)
 118 A   0.00000 0.99091 0.00000 0.00909 ( 2)
 119 G   0.99816 0.00000 0.00184 0.00000 ( 1)
 120 A   0.99337 0.00000 0.00663 0.00000 ( 1)
 121 L   0.00000 0.95230 0.00000 0.04770 ( 2)
 122 W   0.99895 0.00000 0.00105 0.00000 ( 1)
 123 C   0.99893 0.00000 0.00107 0.00000 ( 1)
 124 K   0.99953 0.00000 0.00047 0.00000 ( 1)
 125 I   0.41029 0.00000 0.58971 0.00000 ( 3)
 126 F   0.99869 0.00000 0.00131 0.00000 ( 1)
 127 A   0.99446 0.00000 0.00554 0.00000 ( 1)
 128 V   0.99894 0.00000 0.00106 0.00000 ( 1)
 129 M   0.99905 0.00000 0.00095 0.00000 ( 1)
 130 G   0.99914 0.00000 0.00086 0.00000 ( 1)
 131 S   0.99796 0.00000 0.00204 0.00000 ( 1)
 132 Y   0.99933 0.00000 0.00067 0.00000 ( 1)
 133 S   0.99931 0.00000 0.00069 0.00000 ( 1)
 134 G   0.99241 0.00000 0.00759 0.00000 ( 1)
 135 I   0.99816 0.00000 0.00184 0.00000 ( 1)
 136 G   0.99311 0.00000 0.00689 0.00000 ( 1)
 137 A   0.99320 0.00000 0.00680 0.00000 ( 1)
 138 A   0.64286 0.00000 0.35714 0.00000 ( 1)
 139 M   0.99905 0.00000 0.00095 0.00000 ( 1)
 140 T   0.99819 0.00000 0.00181 0.00000 ( 1)
 141 N   0.99903 0.00000 0.00097 0.00000 ( 1)
 142 A   0.99641 0.00000 0.00359 0.00000 ( 1)
 143 C   0.99952 0.00000 0.00048 0.00000 ( 1)
 144 I   0.99471 0.00000 0.00529 0.00000 ( 1)
 145 A   0.99313 0.00000 0.00687 0.00000 ( 1)
 146 Y   0.99759 0.00000 0.00241 0.00000 ( 1)
 147 D   0.99895 0.00000 0.00105 0.00000 ( 1)
 148 R   0.94375 0.00000 0.05625 0.00000 ( 1)
 149 H   0.99924 0.00000 0.00076 0.00000 ( 1)
 150 S   0.99878 0.00000 0.00122 0.00000 ( 1)
 151 T   0.99642 0.00000 0.00358 0.00000 ( 1)
 152 I   0.99826 0.00000 0.00174 0.00000 ( 1)
 153 T   0.99814 0.00000 0.00186 0.00000 ( 1)
 154 R   0.99955 0.00000 0.00045 0.00000 ( 1)
 155 P   0.99905 0.00000 0.00095 0.00000 ( 1)
 156 L   0.99871 0.00000 0.00129 0.00000 ( 1)
 157 D   0.99886 0.00000 0.00114 0.00000 ( 1)
 158 G   0.99901 0.00000 0.00099 0.00000 ( 1)
 159 R   0.99946 0.00000 0.00054 0.00000 ( 1)
 160 L   0.99871 0.00000 0.00129 0.00000 ( 1)
 161 S   0.99385 0.00000 0.00615 0.00000 ( 1)
 162 R   0.99546 0.00000 0.00454 0.00000 ( 1)
 163 G   0.99394 0.00000 0.00606 0.00000 ( 1)
 164 K   0.99899 0.00000 0.00101 0.00000 ( 1)
 165 V   0.99791 0.00000 0.00209 0.00000 ( 1)
 166 L   0.87982 0.00000 0.12018 0.00000 ( 1)
 167 L   0.99874 0.00000 0.00126 0.00000 ( 1)
 168 M   0.98788 0.00000 0.01212 0.00000 ( 1)
 169 I   0.99683 0.00000 0.00317 0.00000 ( 1)
 170 I   0.99818 0.00000 0.00182 0.00000 ( 1)
 171 C   0.83551 0.00000 0.16449 0.00000 ( 1)
 172 I   0.99723 0.00000 0.00277 0.00000 ( 1)
 173 W   0.99964 0.00000 0.00036 0.00000 ( 1)
 174 I   0.56279 0.00000 0.43721 0.00000 ( 1)
 175 Y   0.99934 0.00000 0.00066 0.00000 ( 1)
 176 T   0.90986 0.00000 0.09014 0.00000 ( 1)
 177 T   0.99834 0.00000 0.00166 0.00000 ( 1)
 178 P   0.99618 0.00000 0.00382 0.00000 ( 1)
 179 W   0.99964 0.00000 0.00036 0.00000 ( 1)
 180 S   0.99365 0.00000 0.00635 0.00000 ( 1)
 181 L   0.99768 0.00000 0.00232 0.00000 ( 1)
 182 M   0.99876 0.00000 0.00124 0.00000 ( 1)
 183 P   0.99720 0.00000 0.00280 0.00000 ( 1)
 184 L   0.99866 0.00000 0.00134 0.00000 ( 1)
 185 F   0.98804 0.00000 0.01196 0.00000 ( 1)
 186 R   0.99658 0.00000 0.00342 0.00000 ( 1)
 187 V   0.99839 0.00000 0.00161 0.00000 ( 1)
 188 W   0.99964 0.00000 0.00036 0.00000 ( 1)
 189 G   0.99695 0.00000 0.00305 0.00000 ( 1)
 190 R   0.99529 0.00000 0.00471 0.00000 ( 1)
 191 F   0.99666 0.00000 0.00334 0.00000 ( 1)
 192 V   0.99561 0.00000 0.00439 0.00000 ( 1)
 193 P   0.99909 0.00000 0.00091 0.00000 ( 1)
 194 E   0.99914 0.00000 0.00086 0.00000 ( 1)
 195 G   0.99914 0.00000 0.00086 0.00000 ( 1)
 196 Y   0.99934 0.00000 0.00066 0.00000 ( 1)
 197 L   0.99835 0.00000 0.00165 0.00000 ( 1)
 198 T   0.99718 0.00000 0.00282 0.00000 ( 1)
 199 S   0.99892 0.00000 0.00108 0.00000 ( 1)
 200 C   0.99950 0.00000 0.00050 0.00000 ( 1)
 201 T   0.99815 0.00000 0.00185 0.00000 ( 1)
 202 F   0.99892 0.00000 0.00108 0.00000 ( 1)
 203 D   0.99895 0.00000 0.00105 0.00000 ( 1)
 204 Y   0.99933 0.00000 0.00067 0.00000 ( 1)
 205 L   0.99123 0.00000 0.00877 0.00000 ( 1)
 206 T   0.99323 0.00000 0.00677 0.00000 ( 1)
 207 N   0.99903 0.00000 0.00097 0.00000 ( 1)
 208 S   0.99824 0.00000 0.00176 0.00000 ( 1)
 209 F   0.99893 0.00000 0.00107 0.00000 ( 1)
 210 D   0.99898 0.00000 0.00102 0.00000 ( 1)
 211 N   0.99820 0.00000 0.00180 0.00000 ( 1)
 212 K   0.99919 0.00000 0.00081 0.00000 ( 1)
 213 L   0.99878 0.00000 0.00122 0.00000 ( 1)
 214 F   0.99892 0.00000 0.00108 0.00000 ( 1)
 215 V   0.99287 0.00000 0.00713 0.00000 ( 1)
 216 G   0.99787 0.00000 0.00213 0.00000 ( 1)
 217 C   0.99952 0.00000 0.00048 0.00000 ( 1)
 218 I   0.99815 0.00000 0.00185 0.00000 ( 1)
 219 F   0.99894 0.00000 0.00106 0.00000 ( 1)
 220 T   0.00000 0.99284 0.00000 0.00716 ( 2)
 221 C   0.99952 0.00000 0.00048 0.00000 ( 1)
 222 S   0.99932 0.00000 0.00068 0.00000 ( 1)
 223 Y   0.99934 0.00000 0.00066 0.00000 ( 1)
 224 V   0.99696 0.00000 0.00304 0.00000 ( 1)
 225 F   0.99377 0.00000 0.00623 0.00000 ( 1)
 226 P   0.99869 0.00000 0.00131 0.00000 ( 1)
 227 M   0.99905 0.00000 0.00095 0.00000 ( 1)
 228 L   0.99889 0.00000 0.00110 0.00000 ( 1)
 229 C   0.95082 0.00000 0.04918 0.00000 ( 1)
 230 I   0.99812 0.00000 0.00188 0.00000 ( 1)
 231 I   0.99687 0.00000 0.00313 0.00000 ( 1)
 232 Y   0.99930 0.00000 0.00070 0.00000 ( 1)
 233 F   0.99894 0.00000 0.00106 0.00000 ( 1)
 234 Y   0.99873 0.00000 0.00127 0.00000 ( 1)
 235 S   0.99929 0.00000 0.00071 0.00000 ( 1)
 236 G   0.99906 0.00000 0.00094 0.00000 ( 1)
 237 I   0.99803 0.00000 0.00197 0.00000 ( 1)
 238 V   0.99718 0.00000 0.00282 0.00000 ( 1)
 239 K   0.99908 0.00000 0.00092 0.00000 ( 1)
 240 Q   0.99933 0.00000 0.00067 0.00000 ( 1)
 241 V   0.99787 0.00000 0.00213 0.00000 ( 1)
 242 F   0.99871 0.00000 0.00129 0.00000 ( 1)
 243 A   0.99325 0.00000 0.00675 0.00000 ( 1)
 244 H   0.99944 0.00000 0.00056 0.00000 ( 1)
 245 E   0.99890 0.00000 0.00110 0.00000 ( 1)
 246 A   0.99733 0.00000 0.00267 0.00000 ( 1)
 247 A   0.99280 0.00000 0.00720 0.00000 ( 1)
 248 L   0.99794 0.00000 0.00206 0.00000 ( 1)
 249 R   0.99940 0.00000 0.00060 0.00000 ( 1)
 250 E   0.70218 0.00000 0.29782 0.00000 ( 1)
 251 Q   0.99955 0.00000 0.00045 0.00000 ( 1)
 252 A   0.99633 0.00000 0.00367 0.00000 ( 1)
 253 K   0.99920 0.00000 0.00080 0.00000 ( 1)
 254 K   0.99839 0.00000 0.00161 0.00000 ( 1)
 255 M   0.99905 0.00000 0.00095 0.00000 ( 1)
 256 N   0.80962 0.00000 0.19038 0.00000 ( 1)
 257 V   0.98523 0.00000 0.01477 0.00000 ( 1)
 258 E   0.99706 0.00000 0.00294 0.00000 ( 1)
 259 S   0.99856 0.00000 0.00144 0.00000 ( 1)
 260 L   0.99874 0.00000 0.00126 0.00000 ( 1)
 261 R   0.99916 0.00000 0.00084 0.00000 ( 1)
 262 S   0.99781 0.00000 0.00219 0.00000 ( 1)
 263 N   0.99903 0.00000 0.00097 0.00000 ( 1)
 264 Q   0.99953 0.00000 0.00047 0.00000 ( 1)
 265 N   0.88507 0.00000 0.11493 0.00000 ( 1)
 266 A   0.99584 0.00000 0.00416 0.00000 ( 1)
 267 G   0.00463 0.97717 0.00004 0.01816 ( 2)
 268 A   0.99750 0.00000 0.00250 0.00000 ( 1)
 269 E   0.99883 0.00000 0.00117 0.00000 ( 1)
 270 S   0.99631 0.00000 0.00369 0.00000 ( 1)
 271 A   0.99790 0.00000 0.00210 0.00000 ( 1)
 272 E   0.99907 0.00000 0.00093 0.00000 ( 1)
 273 I   0.99814 0.00000 0.00186 0.00000 ( 1)
 274 R   0.99953 0.00000 0.00047 0.00000 ( 1)
 275 I   0.99792 0.00000 0.00208 0.00000 ( 1)
 276 A   0.99784 0.00000 0.00216 0.00000 ( 1)
 277 K   0.99901 0.00000 0.00099 0.00000 ( 1)
 278 A   0.99813 0.00000 0.00187 0.00000 ( 1)
 279 A   0.99822 0.00000 0.00178 0.00000 ( 1)
 280 L   0.99880 0.00000 0.00120 0.00000 ( 1)
 281 T   0.99813 0.00000 0.00187 0.00000 ( 1)
 282 V   0.99706 0.00000 0.00294 0.00000 ( 1)
 283 C   0.99952 0.00000 0.00048 0.00000 ( 1)
 284 F   0.99893 0.00000 0.00107 0.00000 ( 1)
 285 L   0.99875 0.00000 0.00125 0.00000 ( 1)
 286 F   0.99894 0.00000 0.00106 0.00000 ( 1)
 287 V   0.99673 0.00000 0.00327 0.00000 ( 1)
 288 A   0.99258 0.00000 0.00742 0.00000 ( 1)
 289 S   0.99902 0.00000 0.00098 0.00000 ( 1)
 290 W   0.99964 0.00000 0.00036 0.00000 ( 1)
 291 T   0.99715 0.00000 0.00285 0.00000 ( 1)
 292 P   0.99443 0.00000 0.00557 0.00000 ( 1)
 293 Y   0.99934 0.00000 0.00066 0.00000 ( 1)
 294 G   0.99262 0.00000 0.00738 0.00000 ( 1)
 295 V   0.84038 0.00000 0.15962 0.00000 ( 1)
 296 M   0.99905 0.00000 0.00095 0.00000 ( 1)
 297 S   0.99904 0.00000 0.00096 0.00000 ( 1)
 298 L   0.99893 0.00000 0.00107 0.00000 ( 1)
 299 I   0.99813 0.00000 0.00187 0.00000 ( 1)
 300 G   0.99653 0.00000 0.00347 0.00000 ( 1)
 301 A   0.99787 0.00000 0.00213 0.00000 ( 1)
 302 F   0.99893 0.00000 0.00107 0.00000 ( 1)
 303 G   0.99230 0.00000 0.00770 0.00000 ( 1)
 304 D   0.99895 0.00000 0.00105 0.00000 ( 1)
 305 Q   0.99951 0.00000 0.00049 0.00000 ( 1)
 306 E   0.99899 0.00005 0.00096 0.00000 ( 1)
 307 L   0.99878 0.00000 0.00122 0.00000 ( 1)
 308 L   0.99858 0.00000 0.00142 0.00000 ( 1)
 309 T   0.99375 0.00000 0.00625 0.00000 ( 1)
 310 P   0.99884 0.00000 0.00116 0.00000 ( 1)
 311 G   0.99928 0.00000 0.00072 0.00000 ( 1)
 312 V   0.99773 0.00000 0.00227 0.00000 ( 1)
 313 T   0.99820 0.00000 0.00180 0.00000 ( 1)
 314 M   0.99905 0.00000 0.00095 0.00000 ( 1)
 315 I   0.99835 0.00000 0.00165 0.00000 ( 1)
 316 P   0.99904 0.00000 0.00096 0.00000 ( 1)
 317 A   0.99293 0.00000 0.00707 0.00000 ( 1)
 318 I   0.99543 0.00000 0.00457 0.00000 ( 1)
 319 T   0.99605 0.00000 0.00395 0.00000 ( 1)
 320 C   0.99728 0.00000 0.00272 0.00000 ( 1)
 321 K   0.99848 0.00000 0.00152 0.00000 ( 1)
 322 A   0.99334 0.00000 0.00666 0.00000 ( 1)
 323 V   0.99529 0.00000 0.00471 0.00000 ( 1)
 324 A   0.99352 0.00000 0.00648 0.00000 ( 1)
 325 C   0.99897 0.00000 0.00103 0.00000 ( 1)
 326 I   0.99876 0.00000 0.00124 0.00000 ( 1)
 327 D   0.99719 0.00000 0.00281 0.00000 ( 1)
 328 P   0.99891 0.00000 0.00109 0.00000 ( 1)
 329 W   0.99964 0.00000 0.00036 0.00000 ( 1)
 330 V   0.99351 0.00000 0.00649 0.00000 ( 1)
 331 Y   0.99767 0.00000 0.00233 0.00000 ( 1)
 332 A   0.99567 0.00000 0.00433 0.00000 ( 1)
 333 I   0.99810 0.00000 0.00190 0.00000 ( 1)
 334 S   0.99733 0.00000 0.00267 0.00000 ( 1)
 335 H   0.99956 0.00000 0.00044 0.00000 ( 1)
 336 P   0.99880 0.00000 0.00120 0.00000 ( 1)
 337 K   0.95249 0.00000 0.04751 0.00000 ( 1)
 338 Y   0.99709 0.00000 0.00291 0.00000 ( 1)
 339 R   0.99846 0.00000 0.00154 0.00000 ( 1)
 340 Q   0.96326 0.00000 0.03674 0.00000 ( 1)
 341 E   0.96326 0.00000 0.03674 0.00000 ( 1)
 342 L   0.96326 0.00000 0.03674 0.00000 ( 1)
 343 Q   0.96326 0.00000 0.03674 0.00000 ( 1)
 344 R   0.96326 0.00000 0.03674 0.00000 ( 1)
 345 R   0.96326 0.00000 0.03674 0.00000 ( 1)
 346 M   0.96326 0.00000 0.03674 0.00000 ( 1)
 347 P   0.96326 0.00000 0.03674 0.00000 ( 1)
 348 W   0.96326 0.00000 0.03674 0.00000 ( 1)
 349 L   0.96326 0.00000 0.03674 0.00000 ( 1)
 350 Q   0.96326 0.00000 0.03674 0.00000 ( 1)
 351 I   0.96326 0.00000 0.03674 0.00000 ( 1)
 352 S   0.96326 0.00000 0.03674 0.00000 ( 1)
 353 E   0.96326 0.00000 0.03674 0.00000 ( 1)
 354 P   0.96326 0.00000 0.03674 0.00000 ( 1)
 355 D   0.96326 0.00000 0.03674 0.00000 ( 1)
 356 D   0.96326 0.00000 0.03674 0.00000 ( 1)
 357 N   0.96326 0.00000 0.03674 0.00000 ( 1)
 358 T   0.00000 0.96326 0.00000 0.03674 ( 2)
 359 S   0.96326 0.00000 0.03674 0.00000 ( 1)
 360 N   0.96326 0.00000 0.03674 0.00000 ( 1)
 361 T   0.96326 0.00000 0.03674 0.00000 ( 1)
 362 S   0.96326 0.00000 0.03674 0.00000 ( 1)
 363 N   0.96326 0.00000 0.03674 0.00000 ( 1)
 364 T   0.96326 0.00000 0.03674 0.00000 ( 1)
 365 T   0.96326 0.00000 0.03674 0.00000 ( 1)
 366 T   0.96326 0.00000 0.03674 0.00000 ( 1)
 367 N   0.96326 0.00000 0.03674 0.00000 ( 1)
 368 S   0.00000 0.96326 0.00000 0.03674 ( 2)
 369 A   0.00000 0.96326 0.00000 0.03674 ( 2)
 370 A   0.96326 0.00000 0.03674 0.00000 ( 1)
 371 P   0.96326 0.00000 0.03674 0.00000 ( 1)


lnL = -75797.578900

Bayes Empirical Bayes (BEB) probabilities for 4 classes (class)
(amino acids refer to 1st sequence: ColCroc)

   1 M   0.99832 0.00000 0.00168 0.00000 ( 1)
   2 D   0.99784 0.00000 0.00216 0.00000 ( 1)
   3 R   0.00000 0.95643 0.00000 0.04357 ( 2)
   4 T   0.88162 0.00000 0.11838 0.00000 ( 1)
   5 E   0.03885 0.00000 0.96115 0.00000 ( 3)
   6 Y   0.00000 0.96387 0.00000 0.03613 ( 2)
   7 Y   0.01635 0.00000 0.98364 0.00000 ( 3)
   8 I   0.00029 0.93482 0.00344 0.06144 ( 2)
   9 Y   0.16597 0.78793 0.03353 0.01258 ( 2)
  10 G   0.44163 0.00000 0.55837 0.00000 ( 3)
  11 A   0.99592 0.00000 0.00408 0.00000 ( 1)
  12 Y   0.96747 0.00000 0.03253 0.00000 ( 1)
  13 F   0.99372 0.00000 0.00628 0.00000 ( 1)
  14 A   0.99583 0.00000 0.00417 0.00000 ( 1)
  15 P   0.40043 0.00000 0.59957 0.00000 ( 3)
  16 L   0.00174 0.00000 0.99826 0.00000 ( 3)
  17 R   0.99709 0.00000 0.00291 0.00000 ( 1)
  18 S   0.98101 0.00000 0.01899 0.00000 ( 1)
  19 G   0.00000 0.98137 0.00000 0.01863 ( 2)
  20 G   0.00000 0.95779 0.00000 0.04221 ( 2)
  21 E   0.01134 0.00000 0.98866 0.00000 ( 3)
  22 R   0.97078 0.00000 0.02922 0.00000 ( 1)
  23 M   0.86741 0.00000 0.13259 0.00000 ( 1)
  24 L   0.99422 0.00000 0.00578 0.00000 ( 1)
  25 G   0.99794 0.00000 0.00206 0.00000 ( 1)
  26 E   0.99651 0.00000 0.00349 0.00000 ( 1)
  27 G   0.99765 0.00000 0.00235 0.00000 ( 1)
  28 L   0.99488 0.00000 0.00512 0.00000 ( 1)
  29 T   0.99383 0.00000 0.00617 0.00000 ( 1)
  30 G   0.94089 0.00000 0.05911 0.00000 ( 1)
  31 E   0.99195 0.00000 0.00805 0.00000 ( 1)
  32 D   0.99791 0.00000 0.00209 0.00000 ( 1)
  33 L   0.99230 0.00000 0.00770 0.00000 ( 1)
  34 A   0.99663 0.00000 0.00337 0.00000 ( 1)
  35 M   0.99633 0.00000 0.00367 0.00000 ( 1)
  36 I   0.99297 0.00000 0.00703 0.00000 ( 1)
  37 P   0.99764 0.00000 0.00236 0.00000 ( 1)
  38 E   0.99724 0.00000 0.00276 0.00000 ( 1)
  39 H   0.99830 0.00000 0.00170 0.00000 ( 1)
  40 W   0.99730 0.00000 0.00270 0.00000 ( 1)
  41 F   0.99591 0.00000 0.00409 0.00000 ( 1)
  42 K   0.08378 0.82637 0.05423 0.03561 ( 2)
  43 Y   0.99800 0.00000 0.00200 0.00000 ( 1)
  44 P   0.01237 0.00000 0.98763 0.00000 ( 3)
  45 E   0.99600 0.00000 0.00400 0.00000 ( 1)
  46 P   0.99720 0.00000 0.00280 0.00000 ( 1)
  47 P   0.99698 0.00000 0.00302 0.00000 ( 1)
  48 A   0.91967 0.00000 0.08033 0.00000 ( 1)
  49 S   0.66305 0.00000 0.33695 0.00000 ( 1)
  50 A   0.99597 0.00000 0.00403 0.00000 ( 1)
  51 H   0.99830 0.00000 0.00170 0.00000 ( 1)
  52 T   0.99690 0.00000 0.00310 0.00000 ( 1)
  53 A   0.99539 0.00000 0.00461 0.00000 ( 1)
  54 L   0.99765 0.00000 0.00235 0.00000 ( 1)
  55 C   0.99653 0.00000 0.00347 0.00000 ( 1)
  56 L   0.99222 0.00000 0.00778 0.00000 ( 1)
  57 L   0.99766 0.00000 0.00234 0.00000 ( 1)
  58 Y   0.99778 0.00000 0.00222 0.00000 ( 1)
  59 C   0.99605 0.00000 0.00395 0.00000 ( 1)
  60 F   0.99769 0.00000 0.00231 0.00000 ( 1)
  61 F   0.99800 0.00000 0.00200 0.00000 ( 1)
  62 T   0.99626 0.00000 0.00374 0.00000 ( 1)
  63 A   0.99609 0.00000 0.00391 0.00000 ( 1)
  64 A   0.99629 0.00000 0.00371 0.00000 ( 1)
  65 A   0.99600 0.00000 0.00400 0.00000 ( 1)
  66 L   0.99710 0.00000 0.00290 0.00000 ( 1)
  67 I   0.99583 0.00000 0.00417 0.00000 ( 1)
  68 G   0.99728 0.00000 0.00272 0.00000 ( 1)
  69 N   0.99811 0.00000 0.00189 0.00000 ( 1)
  70 G   0.99682 0.00000 0.00318 0.00000 ( 1)
  71 M   0.31472 0.00000 0.68528 0.00000 ( 3)
  72 V   0.99633 0.00000 0.00367 0.00000 ( 1)
  73 I   0.99685 0.00000 0.00315 0.00000 ( 1)
  74 F   0.99703 0.00000 0.00297 0.00000 ( 1)
  75 I   0.83118 0.00000 0.16882 0.00000 ( 1)
  76 F   0.99729 0.00000 0.00271 0.00000 ( 1)
  77 A   0.99625 0.00000 0.00375 0.00000 ( 1)
  78 S   0.99665 0.00000 0.00335 0.00000 ( 1)
  79 T   0.99431 0.00000 0.00569 0.00000 ( 1)
  80 K   0.99801 0.00000 0.00199 0.00000 ( 1)
  81 S   0.99761 0.00000 0.00239 0.00000 ( 1)
  82 L   0.99659 0.00000 0.00341 0.00000 ( 1)
  83 R   0.99457 0.00000 0.00543 0.00000 ( 1)
  84 T   0.99540 0.00000 0.00460 0.00000 ( 1)
  85 A   0.99358 0.00000 0.00642 0.00000 ( 1)
  86 S   0.99851 0.00000 0.00149 0.00000 ( 1)
  87 N   0.99824 0.00000 0.00176 0.00000 ( 1)
  88 L   0.99762 0.00000 0.00238 0.00000 ( 1)
  89 L   0.99534 0.00000 0.00466 0.00000 ( 1)
  90 I   0.76461 0.00000 0.23539 0.00000 ( 1)
  91 L   0.99582 0.00000 0.00418 0.00000 ( 1)
  92 N   0.99719 0.00000 0.00281 0.00000 ( 1)
  93 L   0.99520 0.00000 0.00480 0.00000 ( 1)
  94 A   0.99560 0.00000 0.00440 0.00000 ( 1)
  95 I   0.99345 0.00000 0.00655 0.00000 ( 1)
  96 F   0.93944 0.00000 0.06056 0.00000 ( 1)
  97 D   0.99814 0.00000 0.00186 0.00000 ( 1)
  98 F   0.99740 0.00000 0.00260 0.00000 ( 1)
  99 I   0.99657 0.00000 0.00343 0.00000 ( 1)
 100 M   0.99855 0.00000 0.00145 0.00000 ( 1)
 101 M   0.99855 0.00000 0.00145 0.00000 ( 1)
 102 L   0.99652 0.00000 0.00348 0.00000 ( 1)
 103 K   0.99683 0.00000 0.00317 0.00000 ( 1)
 104 A   0.99651 0.00000 0.00349 0.00000 ( 1)
 105 P   0.99764 0.00000 0.00236 0.00000 ( 1)
 106 I   0.99695 0.00000 0.00305 0.00000 ( 1)
 107 F   0.99799 0.00000 0.00201 0.00000 ( 1)
 108 I   0.99718 0.00000 0.00282 0.00000 ( 1)
 109 Y   0.99778 0.00000 0.00222 0.00000 ( 1)
 110 N   0.99827 0.00000 0.00173 0.00000 ( 1)
 111 S   0.99791 0.00000 0.00209 0.00000 ( 1)
 112 A   0.99641 0.00000 0.00359 0.00000 ( 1)
 113 M   0.99854 0.00000 0.00146 0.00000 ( 1)
 114 R   0.99488 0.00000 0.00512 0.00000 ( 1)
 115 G   0.99614 0.00000 0.00386 0.00000 ( 1)
 116 F   0.99796 0.00000 0.00204 0.00000 ( 1)
 117 A   0.99591 0.00000 0.00409 0.00000 ( 1)
 118 A   0.00000 0.98995 0.00000 0.01005 ( 2)
 119 G   0.99768 0.00000 0.00232 0.00000 ( 1)
 120 A   0.99168 0.00000 0.00832 0.00000 ( 1)
 121 L   0.00000 0.96312 0.00000 0.03688 ( 2)
 122 W   0.99786 0.00000 0.00214 0.00000 ( 1)
 123 C   0.99788 0.00000 0.00212 0.00000 ( 1)
 124 K   0.99733 0.00000 0.00267 0.00000 ( 1)
 125 I   0.53516 0.00000 0.46484 0.00000 ( 1)
 126 F   0.99790 0.00000 0.00210 0.00000 ( 1)
 127 A   0.99595 0.00000 0.00405 0.00000 ( 1)
 128 V   0.99800 0.00000 0.00200 0.00000 ( 1)
 129 M   0.99854 0.00000 0.00146 0.00000 ( 1)
 130 G   0.99795 0.00000 0.00205 0.00000 ( 1)
 131 S   0.99663 0.00000 0.00337 0.00000 ( 1)
 132 Y   0.99777 0.00000 0.00223 0.00000 ( 1)
 133 S   0.99851 0.00000 0.00149 0.00000 ( 1)
 134 G   0.99468 0.00000 0.00532 0.00000 ( 1)
 135 I   0.99719 0.00000 0.00281 0.00000 ( 1)
 136 G   0.99482 0.00000 0.00518 0.00000 ( 1)
 137 A   0.99536 0.00000 0.00464 0.00000 ( 1)
 138 A   0.68368 0.00000 0.31632 0.00000 ( 1)
 139 M   0.99854 0.00000 0.00146 0.00000 ( 1)
 140 T   0.99693 0.00000 0.00307 0.00000 ( 1)
 141 N   0.99825 0.00000 0.00175 0.00000 ( 1)
 142 A   0.99651 0.00000 0.00349 0.00000 ( 1)
 143 C   0.99812 0.00000 0.00188 0.00000 ( 1)
 144 I   0.99555 0.00000 0.00445 0.00000 ( 1)
 145 A   0.99551 0.00000 0.00449 0.00000 ( 1)
 146 Y   0.99692 0.00000 0.00308 0.00000 ( 1)
 147 D   0.99812 0.00000 0.00188 0.00000 ( 1)
 148 R   0.97223 0.00000 0.02777 0.00000 ( 1)
 149 H   0.99819 0.00000 0.00181 0.00000 ( 1)
 150 S   0.99677 0.00000 0.00323 0.00000 ( 1)
 151 T   0.99611 0.00000 0.00389 0.00000 ( 1)
 152 I   0.99747 0.00000 0.00253 0.00000 ( 1)
 153 T   0.99686 0.00000 0.00314 0.00000 ( 1)
 154 R   0.99632 0.00000 0.00368 0.00000 ( 1)
 155 P   0.99718 0.00000 0.00282 0.00000 ( 1)
 156 L   0.99579 0.00000 0.00421 0.00000 ( 1)
 157 D   0.99808 0.00000 0.00192 0.00000 ( 1)
 158 G   0.99756 0.00000 0.00244 0.00000 ( 1)
 159 R   0.99629 0.00000 0.00371 0.00000 ( 1)
 160 L   0.99583 0.00000 0.00417 0.00000 ( 1)
 161 S   0.99567 0.00000 0.00433 0.00000 ( 1)
 162 R   0.99555 0.00000 0.00445 0.00000 ( 1)
 163 G   0.99553 0.00000 0.00447 0.00000 ( 1)
 164 K   0.99804 0.00000 0.00196 0.00000 ( 1)
 165 V   0.99642 0.00000 0.00358 0.00000 ( 1)
 166 L   0.84269 0.00000 0.15731 0.00000 ( 1)
 167 L   0.99584 0.00000 0.00416 0.00000 ( 1)
 168 M   0.98458 0.00000 0.01542 0.00000 ( 1)
 169 I   0.99577 0.00000 0.00423 0.00000 ( 1)
 170 I   0.99541 0.00000 0.00459 0.00000 ( 1)
 171 C   0.90265 0.00000 0.09735 0.00000 ( 1)
 172 I   0.99617 0.00000 0.00383 0.00000 ( 1)
 173 W   0.99730 0.00000 0.00270 0.00000 ( 1)
 174 I   0.67357 0.00000 0.32643 0.00000 ( 1)
 175 Y   0.99778 0.00000 0.00222 0.00000 ( 1)
 176 T   0.95050 0.00000 0.04950 0.00000 ( 1)
 177 T   0.99695 0.00000 0.00305 0.00000 ( 1)
 178 P   0.99666 0.00000 0.00334 0.00000 ( 1)
 179 W   0.99730 0.00000 0.00270 0.00000 ( 1)
 180 S   0.99547 0.00000 0.00453 0.00000 ( 1)
 181 L   0.99633 0.00000 0.00367 0.00000 ( 1)
 182 M   0.99582 0.00000 0.00418 0.00000 ( 1)
 183 P   0.99673 0.00000 0.00327 0.00000 ( 1)
 184 L   0.99756 0.00000 0.00244 0.00000 ( 1)
 185 F   0.99101 0.00000 0.00899 0.00000 ( 1)
 186 R   0.99639 0.00000 0.00361 0.00000 ( 1)
 187 V   0.99753 0.00000 0.00247 0.00000 ( 1)
 188 W   0.99730 0.00000 0.00270 0.00000 ( 1)
 189 G   0.99708 0.00000 0.00292 0.00000 ( 1)
 190 R   0.99181 0.00000 0.00819 0.00000 ( 1)
 191 F   0.99637 0.00000 0.00363 0.00000 ( 1)
 192 V   0.99597 0.00000 0.00403 0.00000 ( 1)
 193 P   0.99700 0.00000 0.00300 0.00000 ( 1)
 194 E   0.99802 0.00000 0.00198 0.00000 ( 1)
 195 G   0.99795 0.00000 0.00205 0.00000 ( 1)
 196 Y   0.99778 0.00000 0.00222 0.00000 ( 1)
 197 L   0.99572 0.00000 0.00428 0.00000 ( 1)
 198 T   0.99625 0.00000 0.00375 0.00000 ( 1)
 199 S   0.99681 0.00000 0.00319 0.00000 ( 1)
 200 C   0.99811 0.00000 0.00189 0.00000 ( 1)
 201 T   0.99688 0.00000 0.00312 0.00000 ( 1)
 202 F   0.99799 0.00000 0.00201 0.00000 ( 1)
 203 D   0.99812 0.00000 0.00188 0.00000 ( 1)
 204 Y   0.99777 0.00000 0.00223 0.00000 ( 1)
 205 L   0.99438 0.00000 0.00562 0.00000 ( 1)
 206 T   0.99532 0.00000 0.00468 0.00000 ( 1)
 207 N   0.99825 0.00000 0.00175 0.00000 ( 1)
 208 S   0.99691 0.00000 0.00309 0.00000 ( 1)
 209 F   0.99799 0.00000 0.00201 0.00000 ( 1)
 210 D   0.99813 0.00000 0.00187 0.00000 ( 1)
 211 N   0.99689 0.00000 0.00311 0.00000 ( 1)
 212 K   0.99818 0.00000 0.00182 0.00000 ( 1)
 213 L   0.99585 0.00000 0.00415 0.00000 ( 1)
 214 F   0.99799 0.00000 0.00201 0.00000 ( 1)
 215 V   0.99482 0.00000 0.00518 0.00000 ( 1)
 216 G   0.99660 0.00000 0.00340 0.00000 ( 1)
 217 C   0.99812 0.00000 0.00188 0.00000 ( 1)
 218 I   0.99718 0.00000 0.00282 0.00000 ( 1)
 219 F   0.99800 0.00000 0.00200 0.00000 ( 1)
 220 T   0.00000 0.98904 0.00000 0.01096 ( 2)
 221 C   0.99812 0.00000 0.00188 0.00000 ( 1)
 222 S   0.99851 0.00000 0.00149 0.00000 ( 1)
 223 Y   0.99778 0.00000 0.00222 0.00000 ( 1)
 224 V   0.99614 0.00000 0.00386 0.00000 ( 1)
 225 F   0.99269 0.00000 0.00731 0.00000 ( 1)
 226 P   0.99760 0.00000 0.00240 0.00000 ( 1)
 227 M   0.99854 0.00000 0.00146 0.00000 ( 1)
 228 L   0.99792 0.00000 0.00208 0.00000 ( 1)
 229 C   0.93315 0.00000 0.06685 0.00000 ( 1)
 230 I   0.99717 0.00000 0.00283 0.00000 ( 1)
 231 I   0.99540 0.00000 0.00460 0.00000 ( 1)
 232 Y   0.99777 0.00000 0.00223 0.00000 ( 1)
 233 F   0.99800 0.00000 0.00200 0.00000 ( 1)
 234 Y   0.99763 0.00000 0.00237 0.00000 ( 1)
 235 S   0.99850 0.00000 0.00150 0.00000 ( 1)
 236 G   0.99791 0.00000 0.00209 0.00000 ( 1)
 237 I   0.99716 0.00000 0.00284 0.00000 ( 1)
 238 V   0.99621 0.00000 0.00379 0.00000 ( 1)
 239 K   0.99810 0.00000 0.00190 0.00000 ( 1)
 240 Q   0.99722 0.00000 0.00278 0.00000 ( 1)
 241 V   0.99641 0.00000 0.00359 0.00000 ( 1)
 242 F   0.99791 0.00000 0.00209 0.00000 ( 1)
 243 A   0.99537 0.00000 0.00463 0.00000 ( 1)
 244 H   0.99830 0.00000 0.00170 0.00000 ( 1)
 245 E   0.99789 0.00000 0.00211 0.00000 ( 1)
 246 A   0.99650 0.00000 0.00350 0.00000 ( 1)
 247 A   0.99527 0.00000 0.00473 0.00000 ( 1)
 248 L   0.99723 0.00000 0.00277 0.00000 ( 1)
 249 R   0.99806 0.00000 0.00194 0.00000 ( 1)
 250 E   0.67032 0.00000 0.32968 0.00000 ( 1)
 251 Q   0.99713 0.00000 0.00287 0.00000 ( 1)
 252 A   0.99610 0.00000 0.00390 0.00000 ( 1)
 253 K   0.99818 0.00000 0.00182 0.00000 ( 1)
 254 K   0.99765 0.00000 0.00235 0.00000 ( 1)
 255 M   0.99855 0.00000 0.00145 0.00000 ( 1)
 256 N   0.83576 0.00000 0.16424 0.00000 ( 1)
 257 V   0.98940 0.00000 0.01060 0.00000 ( 1)
 258 E   0.99631 0.00000 0.00369 0.00000 ( 1)
 259 S   0.99670 0.00000 0.00330 0.00000 ( 1)
 260 L   0.99583 0.00000 0.00417 0.00000 ( 1)
 261 R   0.99771 0.00000 0.00229 0.00000 ( 1)
 262 S   0.99641 0.00000 0.00359 0.00000 ( 1)
 263 N   0.99825 0.00000 0.00175 0.00000 ( 1)
 264 Q   0.99734 0.00000 0.00266 0.00000 ( 1)
 265 N   0.83067 0.00000 0.16933 0.00000 ( 1)
 266 A   0.99372 0.00000 0.00628 0.00000 ( 1)
 267 G   0.95517 0.03658 0.00766 0.00058 ( 1)
 268 A   0.99473 0.00000 0.00527 0.00000 ( 1)
 269 E   0.99693 0.00000 0.00307 0.00000 ( 1)
 270 S   0.99605 0.00000 0.00395 0.00000 ( 1)
 271 A   0.99644 0.00000 0.00356 0.00000 ( 1)
 272 E   0.99798 0.00000 0.00202 0.00000 ( 1)
 273 I   0.99718 0.00000 0.00282 0.00000 ( 1)
 274 R   0.99787 0.00000 0.00213 0.00000 ( 1)
 275 I   0.99709 0.00000 0.00291 0.00000 ( 1)
 276 A   0.99661 0.00000 0.00339 0.00000 ( 1)
 277 K   0.99805 0.00000 0.00195 0.00000 ( 1)
 278 A   0.99649 0.00000 0.00351 0.00000 ( 1)
 279 A   0.99651 0.00000 0.00349 0.00000 ( 1)
 280 L   0.99760 0.00000 0.00240 0.00000 ( 1)
 281 T   0.99692 0.00000 0.00308 0.00000 ( 1)
 282 V   0.99618 0.00000 0.00382 0.00000 ( 1)
 283 C   0.99812 0.00000 0.00188 0.00000 ( 1)
 284 F   0.99800 0.00000 0.00200 0.00000 ( 1)
 285 L   0.99580 0.00000 0.00420 0.00000 ( 1)
 286 F   0.99800 0.00000 0.00200 0.00000 ( 1)
 287 V   0.99595 0.00000 0.00405 0.00000 ( 1)
 288 A   0.99521 0.00000 0.00479 0.00000 ( 1)
 289 S   0.99684 0.00000 0.00316 0.00000 ( 1)
 290 W   0.99730 0.00000 0.00270 0.00000 ( 1)
 291 T   0.99643 0.00000 0.00357 0.00000 ( 1)
 292 P   0.99634 0.00000 0.00366 0.00000 ( 1)
 293 Y   0.99778 0.00000 0.00222 0.00000 ( 1)
 294 G   0.99477 0.00000 0.00523 0.00000 ( 1)
 295 V   0.82603 0.00000 0.17397 0.00000 ( 1)
 296 M   0.99855 0.00000 0.00145 0.00000 ( 1)
 297 S   0.99685 0.00000 0.00315 0.00000 ( 1)
 298 L   0.99765 0.00000 0.00235 0.00000 ( 1)
 299 I   0.99717 0.00000 0.00283 0.00000 ( 1)
 300 G   0.99651 0.00000 0.00349 0.00000 ( 1)
 301 A   0.99661 0.00000 0.00339 0.00000 ( 1)
 302 F   0.99800 0.00000 0.00200 0.00000 ( 1)
 303 G   0.99486 0.00000 0.00514 0.00000 ( 1)
 304 D   0.99812 0.00000 0.00188 0.00000 ( 1)
 305 Q   0.99732 0.00000 0.00268 0.00000 ( 1)
 306 E   0.99529 0.00000 0.00471 0.00000 ( 1)
 307 L   0.99584 0.00000 0.00416 0.00000 ( 1)
 308 L   0.99754 0.00000 0.00246 0.00000 ( 1)
 309 T   0.99524 0.00000 0.00476 0.00000 ( 1)
 310 P   0.99714 0.00000 0.00286 0.00000 ( 1)
 311 G   0.99766 0.00000 0.00234 0.00000 ( 1)
 312 V   0.99636 0.00000 0.00364 0.00000 ( 1)
 313 T   0.99689 0.00000 0.00311 0.00000 ( 1)
 314 M   0.99855 0.00000 0.00145 0.00000 ( 1)
 315 I   0.99707 0.00000 0.00293 0.00000 ( 1)
 316 P   0.99699 0.00000 0.00301 0.00000 ( 1)
 317 A   0.99548 0.00000 0.00452 0.00000 ( 1)
 318 I   0.99553 0.00000 0.00447 0.00000 ( 1)
 319 T   0.99614 0.00000 0.00386 0.00000 ( 1)
 320 C   0.99693 0.00000 0.00307 0.00000 ( 1)
 321 K   0.99762 0.00000 0.00238 0.00000 ( 1)
 322 A   0.99552 0.00000 0.00448 0.00000 ( 1)
 323 V   0.99541 0.00000 0.00459 0.00000 ( 1)
 324 A   0.99561 0.00000 0.00439 0.00000 ( 1)
 325 C   0.99790 0.00000 0.00210 0.00000 ( 1)
 326 I   0.99771 0.00000 0.00229 0.00000 ( 1)
 327 D   0.99736 0.00000 0.00264 0.00000 ( 1)
 328 P   0.99716 0.00000 0.00284 0.00000 ( 1)
 329 W   0.99730 0.00000 0.00270 0.00000 ( 1)
 330 V   0.99483 0.00000 0.00517 0.00000 ( 1)
 331 Y   0.99692 0.00000 0.00308 0.00000 ( 1)
 332 A   0.99591 0.00000 0.00409 0.00000 ( 1)
 333 I   0.99717 0.00000 0.00283 0.00000 ( 1)
 334 S   0.99759 0.00000 0.00241 0.00000 ( 1)
 335 H   0.99783 0.00000 0.00217 0.00000 ( 1)
 336 P   0.99705 0.00000 0.00295 0.00000 ( 1)
 337 K   0.94508 0.00000 0.05492 0.00000 ( 1)
 338 Y   0.99691 0.00000 0.00309 0.00000 ( 1)
 339 R   0.99773 0.00000 0.00227 0.00000 ( 1)
 340 Q   0.96659 0.00000 0.03341 0.00000 ( 1)
 341 E   0.96659 0.00000 0.03341 0.00000 ( 1)
 342 L   0.96659 0.00000 0.03341 0.00000 ( 1)
 343 Q   0.96659 0.00000 0.03341 0.00000 ( 1)
 344 R   0.96659 0.00000 0.03341 0.00000 ( 1)
 345 R   0.96659 0.00000 0.03341 0.00000 ( 1)
 346 M   0.96659 0.00000 0.03341 0.00000 ( 1)
 347 P   0.96659 0.00000 0.03341 0.00000 ( 1)
 348 W   0.96659 0.00000 0.03341 0.00000 ( 1)
 349 L   0.96659 0.00000 0.03341 0.00000 ( 1)
 350 Q   0.96659 0.00000 0.03341 0.00000 ( 1)
 351 I   0.96659 0.00000 0.03341 0.00000 ( 1)
 352 S   0.96659 0.00000 0.03341 0.00000 ( 1)
 353 E   0.96659 0.00000 0.03341 0.00000 ( 1)
 354 P   0.96659 0.00000 0.03341 0.00000 ( 1)
 355 D   0.96659 0.00000 0.03341 0.00000 ( 1)
 356 D   0.96659 0.00000 0.03341 0.00000 ( 1)
 357 N   0.96659 0.00000 0.03341 0.00000 ( 1)
 358 T   0.00000 0.96659 0.00000 0.03341 ( 2)
 359 S   0.96659 0.00000 0.03341 0.00000 ( 1)
 360 N   0.96659 0.00000 0.03341 0.00000 ( 1)
 361 T   0.96659 0.00000 0.03341 0.00000 ( 1)
 362 S   0.96659 0.00000 0.03341 0.00000 ( 1)
 363 N   0.96659 0.00000 0.03341 0.00000 ( 1)
 364 T   0.96659 0.00000 0.03341 0.00000 ( 1)
 365 T   0.96659 0.00000 0.03341 0.00000 ( 1)
 366 T   0.96659 0.00000 0.03341 0.00000 ( 1)
 367 N   0.96659 0.00000 0.03341 0.00000 ( 1)
 368 S   0.00000 0.96659 0.00000 0.03341 ( 2)
 369 A   0.00000 0.96659 0.00000 0.03341 ( 2)
 370 A   0.96659 0.00000 0.03341 0.00000 ( 1)
 371 P   0.96659 0.00000 0.03341 0.00000 ( 1)

