Supplemental results for CODEML (seqf: align.fa  treef: tree.nwk)


MLEs of dN/dS (w) for site classes (K=4)

site class             0        1       2a       2b
proportion       0.95667  0.03791  0.00521  0.00021
background w     0.04005  1.00000  0.04005  1.00000
foreground w     0.04005  1.00000 12.07169 12.07169

Naive Empirical Bayes (NEB) probabilities for 4 classes
(amino acids refer to 1st sequence: ColCroc)

   1 M   0.98917 0.00000 0.01083 0.00000 ( 1)
   2 D   0.98560 0.00000 0.01440 0.00000 ( 1)
   3 R   0.00000 0.99939 0.00000 0.00061 ( 2)
   4 T   0.99958 0.00000 0.00042 0.00000 ( 1)
   5 E   0.99982 0.00000 0.00018 0.00000 ( 1)
   6 Y   0.00000 0.97479 0.00000 0.02521 ( 2)
   7 Y   0.85633 0.14349 0.00011 0.00007 ( 1)
   8 I   0.00000 0.99393 0.00000 0.00607 ( 2)
   9 Y   0.00018 0.99952 0.00000 0.00030 ( 2)
  10 G   0.99981 0.00000 0.00019 0.00000 ( 1)
  11 A   0.99960 0.00000 0.00040 0.00000 ( 1)
  12 Y   0.99987 0.00000 0.00013 0.00000 ( 1)
  13 F   0.99980 0.00000 0.00020 0.00000 ( 1)
  14 A   0.99961 0.00000 0.00039 0.00000 ( 1)
  15 P   0.99971 0.00000 0.00029 0.00000 ( 1)
  16 L   0.99977 0.00000 0.00023 0.00000 ( 1)
  17 R   0.99968 0.00000 0.00032 0.00000 ( 1)
  18 S   0.99973 0.00000 0.00027 0.00000 ( 1)
  19 G   0.00000 0.99899 0.00000 0.00101 ( 2)
  20 G   0.00000 0.99809 0.00000 0.00191 ( 2)
  21 E   0.99949 0.00000 0.00051 0.00000 ( 1)
  22 R   0.99985 0.00000 0.00015 0.00000 ( 1)
  23 M   0.99985 0.00000 0.00015 0.00000 ( 1)
  24 L   0.99961 0.00000 0.00039 0.00000 ( 1)
  25 G   0.99967 0.00000 0.00033 0.00000 ( 1)
  26 E   0.95044 0.00000 0.04956 0.00000 ( 1)
  27 G   0.99963 0.00000 0.00037 0.00000 ( 1)
  28 L   0.99972 0.00000 0.00028 0.00000 ( 1)
  29 T   0.99959 0.00000 0.00041 0.00000 ( 1)
  30 G   0.99973 0.00000 0.00027 0.00000 ( 1)
  31 E   0.99985 0.00000 0.00015 0.00000 ( 1)
  32 D   0.99981 0.00000 0.00019 0.00000 ( 1)
  33 L   0.99967 0.00000 0.00033 0.00000 ( 1)
  34 A   0.99955 0.00000 0.00045 0.00000 ( 1)
  35 M   0.99951 0.00000 0.00049 0.00000 ( 1)
  36 I   0.99957 0.00000 0.00043 0.00000 ( 1)
  37 P   0.99934 0.00000 0.00066 0.00000 ( 1)
  38 E   0.96985 0.00000 0.03015 0.00000 ( 1)
  39 H   0.99990 0.00000 0.00010 0.00000 ( 1)
  40 W   0.99994 0.00000 0.00006 0.00000 ( 1)
  41 F   0.99977 0.00000 0.00023 0.00000 ( 1)
  42 K   0.00004 0.99127 0.00000 0.00869 ( 2)
  43 Y   0.99977 0.00000 0.00023 0.00000 ( 1)
  44 P   0.99979 0.00000 0.00021 0.00000 ( 1)
  45 E   0.99963 0.00000 0.00037 0.00000 ( 1)
  46 P   0.99970 0.00000 0.00030 0.00000 ( 1)
  47 P   0.99977 0.00000 0.00023 0.00000 ( 1)
  48 A   0.99956 0.00000 0.00044 0.00000 ( 1)
  49 S   0.97134 0.00000 0.02866 0.00000 ( 1)
  50 A   0.99922 0.00000 0.00078 0.00000 ( 1)
  51 H   0.99990 0.00000 0.00010 0.00000 ( 1)
  52 T   0.99945 0.00000 0.00055 0.00000 ( 1)
  53 A   0.99960 0.00000 0.00040 0.00000 ( 1)
  54 L   0.99922 0.00000 0.00078 0.00000 ( 1)
  55 C   0.99951 0.00000 0.00049 0.00000 ( 1)
  56 L   0.99923 0.00000 0.00077 0.00000 ( 1)
  57 L   0.99977 0.00000 0.00023 0.00000 ( 1)
  58 Y   0.99987 0.00000 0.00013 0.00000 ( 1)
  59 C   0.99807 0.00149 0.00044 0.00000 ( 1)
  60 F   0.99980 0.00000 0.00020 0.00000 ( 1)
  61 F   0.99980 0.00000 0.00020 0.00000 ( 1)
  62 T   0.99956 0.00000 0.00044 0.00000 ( 1)
  63 A   0.97795 0.00000 0.02205 0.00000 ( 1)
  64 A   0.99954 0.00000 0.00046 0.00000 ( 1)
  65 A   0.99931 0.00000 0.00069 0.00000 ( 1)
  66 L   0.99819 0.00000 0.00181 0.00000 ( 1)
  67 I   0.97980 0.00000 0.02020 0.00000 ( 1)
  68 G   0.99950 0.00000 0.00050 0.00000 ( 1)
  69 N   0.99985 0.00000 0.00015 0.00000 ( 1)
  70 G   0.99984 0.00000 0.00016 0.00000 ( 1)
  71 M   0.99978 0.00000 0.00022 0.00000 ( 1)
  72 V   0.99954 0.00000 0.00046 0.00000 ( 1)
  73 I   0.99965 0.00000 0.00035 0.00000 ( 1)
  74 F   0.99981 0.00000 0.00019 0.00000 ( 1)
  75 I   0.99934 0.00000 0.00066 0.00000 ( 1)
  76 F   0.99982 0.00000 0.00018 0.00000 ( 1)
  77 A   0.99961 0.00000 0.00039 0.00000 ( 1)
  78 S   0.99962 0.00000 0.00038 0.00000 ( 1)
  79 T   0.99967 0.00000 0.00033 0.00000 ( 1)
  80 K   0.99986 0.00000 0.00014 0.00000 ( 1)
  81 S   0.99972 0.00000 0.00028 0.00000 ( 1)
  82 L   0.99876 0.00000 0.00124 0.00000 ( 1)
  83 R   0.99960 0.00000 0.00040 0.00000 ( 1)
  84 T   0.99964 0.00000 0.00036 0.00000 ( 1)
  85 A   0.99936 0.00000 0.00064 0.00000 ( 1)
  86 S   0.99974 0.00000 0.00026 0.00000 ( 1)
  87 N   0.99982 0.00000 0.00018 0.00000 ( 1)
  88 L   0.99969 0.00000 0.00031 0.00000 ( 1)
  89 L   0.99894 0.00000 0.00106 0.00000 ( 1)
  90 I   0.99963 0.00000 0.00037 0.00000 ( 1)
  91 L   0.99915 0.00000 0.00085 0.00000 ( 1)
  92 N   0.99989 0.00000 0.00011 0.00000 ( 1)
  93 L   0.99950 0.00000 0.00050 0.00000 ( 1)
  94 A   0.99944 0.00000 0.00056 0.00000 ( 1)
  95 I   0.99936 0.00000 0.00064 0.00000 ( 1)
  96 F   0.99956 0.00000 0.00044 0.00000 ( 1)
  97 D   0.99971 0.00000 0.00029 0.00000 ( 1)
  98 F   0.99978 0.00000 0.00022 0.00000 ( 1)
  99 I   0.99932 0.00000 0.00068 0.00000 ( 1)
 100 M   0.99985 0.00000 0.00015 0.00000 ( 1)
 101 M   0.99985 0.00000 0.00015 0.00000 ( 1)
 102 L   0.99925 0.00000 0.00075 0.00000 ( 1)
 103 K   0.99986 0.00000 0.00014 0.00000 ( 1)
 104 A   0.99920 0.00000 0.00080 0.00000 ( 1)
 105 P   0.99966 0.00000 0.00034 0.00000 ( 1)
 106 I   0.99975 0.00000 0.00025 0.00000 ( 1)
 107 F   0.99971 0.00000 0.00029 0.00000 ( 1)
 108 I   0.99924 0.00000 0.00076 0.00000 ( 1)
 109 Y   0.99987 0.00000 0.00013 0.00000 ( 1)
 110 N   0.99983 0.00000 0.00017 0.00000 ( 1)
 111 S   0.99978 0.00000 0.00022 0.00000 ( 1)
 112 A   0.99940 0.00000 0.00060 0.00000 ( 1)
 113 M   0.99985 0.00000 0.00015 0.00000 ( 1)
 114 R   0.99988 0.00000 0.00012 0.00000 ( 1)
 115 G   0.99934 0.00000 0.00066 0.00000 ( 1)
 116 F   0.99979 0.00000 0.00021 0.00000 ( 1)
 117 A   0.99940 0.00000 0.00060 0.00000 ( 1)
 118 A   0.00000 0.99709 0.00000 0.00291 ( 2)
 119 G   0.99981 0.00000 0.00019 0.00000 ( 1)
 120 A   0.96865 0.00000 0.03135 0.00000 ( 1)
 121 L   0.00000 0.99683 0.00000 0.00317 ( 2)
 122 W   0.99965 0.00000 0.00035 0.00000 ( 1)
 123 C   0.99975 0.00000 0.00025 0.00000 ( 1)
 124 K   0.99990 0.00000 0.00010 0.00000 ( 1)
 125 I   0.99975 0.00000 0.00025 0.00000 ( 1)
 126 F   0.99981 0.00000 0.00019 0.00000 ( 1)
 127 A   0.99941 0.00000 0.00059 0.00000 ( 1)
 128 V   0.99969 0.00000 0.00031 0.00000 ( 1)
 129 M   0.99985 0.00000 0.00015 0.00000 ( 1)
 130 G   0.99932 0.00000 0.00068 0.00000 ( 1)
 131 S   0.99922 0.00000 0.00078 0.00000 ( 1)
 132 Y   0.99987 0.00000 0.00013 0.00000 ( 1)
 133 S   0.99972 0.00000 0.00028 0.00000 ( 1)
 134 G   0.99969 0.00000 0.00031 0.00000 ( 1)
 135 I   0.99965 0.00000 0.00035 0.00000 ( 1)
 136 G   0.99975 0.00000 0.00025 0.00000 ( 1)
 137 A   0.99953 0.00000 0.00047 0.00000 ( 1)
 138 A   0.99967 0.00000 0.00033 0.00000 ( 1)
 139 M   0.99985 0.00000 0.00015 0.00000 ( 1)
 140 T   0.99962 0.00000 0.00038 0.00000 ( 1)
 141 N   0.99983 0.00000 0.00017 0.00000 ( 1)
 142 A   0.99928 0.00000 0.00072 0.00000 ( 1)
 143 C   0.99989 0.00000 0.00011 0.00000 ( 1)
 144 I   0.99953 0.00000 0.00047 0.00000 ( 1)
 145 A   0.99960 0.00000 0.00040 0.00000 ( 1)
 146 Y   0.99979 0.00000 0.00021 0.00000 ( 1)
 147 D   0.99981 0.00000 0.00019 0.00000 ( 1)
 148 R   0.99989 0.00000 0.00011 0.00000 ( 1)
 149 H   0.99991 0.00000 0.00009 0.00000 ( 1)
 150 S   0.99978 0.00000 0.00022 0.00000 ( 1)
 151 T   0.99938 0.00000 0.00062 0.00000 ( 1)
 152 I   0.99960 0.00000 0.00040 0.00000 ( 1)
 153 T   0.99952 0.00000 0.00048 0.00000 ( 1)
 154 R   0.99901 0.00000 0.00099 0.00000 ( 1)
 155 P   0.99942 0.00000 0.00058 0.00000 ( 1)
 156 L   0.99960 0.00000 0.00040 0.00000 ( 1)
 157 D   0.99973 0.00000 0.00027 0.00000 ( 1)
 158 G   0.99982 0.00000 0.00018 0.00000 ( 1)
 159 R   0.99989 0.00000 0.00011 0.00000 ( 1)
 160 L   0.99938 0.00000 0.00062 0.00000 ( 1)
 161 S   0.99979 0.00000 0.00021 0.00000 ( 1)
 162 R   0.81990 0.00000 0.18010 0.00000 ( 1)
 163 G   0.99953 0.00000 0.00047 0.00000 ( 1)
 164 K   0.99985 0.00000 0.00015 0.00000 ( 1)
 165 V   0.97078 0.00000 0.02922 0.00000 ( 1)
 166 L   0.91734 0.00000 0.08266 0.00000 ( 1)
 167 L   0.99938 0.00000 0.00062 0.00000 ( 1)
 168 M   0.99985 0.00000 0.00015 0.00000 ( 1)
 169 I   0.99970 0.00000 0.00030 0.00000 ( 1)
 170 I   0.97974 0.00000 0.02026 0.00000 ( 1)
 171 C   0.96100 0.00000 0.03900 0.00000 ( 1)
 172 I   0.99946 0.00000 0.00054 0.00000 ( 1)
 173 W   0.99994 0.00000 0.00006 0.00000 ( 1)
 174 I   0.96588 0.00000 0.03412 0.00000 ( 1)
 175 Y   0.99987 0.00000 0.00013 0.00000 ( 1)
 176 T   0.99953 0.00000 0.00047 0.00000 ( 1)
 177 T   0.99929 0.00000 0.00071 0.00000 ( 1)
 178 P   0.99952 0.00000 0.00048 0.00000 ( 1)
 179 W   0.99994 0.00000 0.00006 0.00000 ( 1)
 180 S   0.99954 0.00000 0.00046 0.00000 ( 1)
 181 L   0.99950 0.00000 0.00050 0.00000 ( 1)
 182 M   0.99932 0.00000 0.00068 0.00000 ( 1)
 183 P   0.99977 0.00000 0.00023 0.00000 ( 1)
 184 L   0.99944 0.00000 0.00056 0.00000 ( 1)
 185 F   0.99977 0.00000 0.00023 0.00000 ( 1)
 186 R   0.99986 0.00000 0.00014 0.00000 ( 1)
 187 V   0.98624 0.00000 0.01376 0.00000 ( 1)
 188 W   0.99994 0.00000 0.00006 0.00000 ( 1)
 189 G   0.99929 0.00000 0.00071 0.00000 ( 1)
 190 R   0.99985 0.00000 0.00015 0.00000 ( 1)
 191 F   0.99893 0.00000 0.00107 0.00000 ( 1)
 192 V   0.99955 0.00000 0.00045 0.00000 ( 1)
 193 P   0.99948 0.00000 0.00052 0.00000 ( 1)
 194 E   0.99985 0.00000 0.00015 0.00000 ( 1)
 195 G   0.99945 0.00000 0.00055 0.00000 ( 1)
 196 Y   0.97632 0.00000 0.02368 0.00000 ( 1)
 197 L   0.99931 0.00000 0.00069 0.00000 ( 1)
 198 T   0.99957 0.00000 0.00043 0.00000 ( 1)
 199 S   0.99967 0.00000 0.00033 0.00000 ( 1)
 200 C   0.99983 0.00000 0.00017 0.00000 ( 1)
 201 T   0.99955 0.00000 0.00045 0.00000 ( 1)
 202 F   0.99968 0.00000 0.00032 0.00000 ( 1)
 203 D   0.99971 0.00000 0.00029 0.00000 ( 1)
 204 Y   0.99979 0.00000 0.00021 0.00000 ( 1)
 205 L   0.99955 0.00000 0.00045 0.00000 ( 1)
 206 T   0.99959 0.00000 0.00041 0.00000 ( 1)
 207 N   0.98792 0.00000 0.01208 0.00000 ( 1)
 208 S   0.99961 0.00000 0.00039 0.00000 ( 1)
 209 F   0.99972 0.00000 0.00028 0.00000 ( 1)
 210 D   0.99976 0.00000 0.00024 0.00000 ( 1)
 211 N   0.99952 0.00000 0.00048 0.00000 ( 1)
 212 K   0.99984 0.00000 0.00016 0.00000 ( 1)
 213 L   0.99939 0.00000 0.00061 0.00000 ( 1)
 214 F   0.99980 0.00000 0.00020 0.00000 ( 1)
 215 V   0.99956 0.00000 0.00044 0.00000 ( 1)
 216 G   0.99956 0.00000 0.00044 0.00000 ( 1)
 217 C   0.99991 0.00000 0.00009 0.00000 ( 1)
 218 I   0.99947 0.00000 0.00053 0.00000 ( 1)
 219 F   0.99973 0.00000 0.00027 0.00000 ( 1)
 220 T   0.00000 0.99784 0.00000 0.00216 ( 2)
 221 C   0.99991 0.00000 0.00009 0.00000 ( 1)
 222 S   0.99988 0.00000 0.00012 0.00000 ( 1)
 223 Y   0.99987 0.00000 0.00013 0.00000 ( 1)
 224 V   0.99923 0.00000 0.00077 0.00000 ( 1)
 225 F   0.99980 0.00000 0.00020 0.00000 ( 1)
 226 P   0.99962 0.00000 0.00038 0.00000 ( 1)
 227 M   0.99985 0.00000 0.00015 0.00000 ( 1)
 228 L   0.99974 0.00000 0.00026 0.00000 ( 1)
 229 C   0.99985 0.00000 0.00015 0.00000 ( 1)
 230 I   0.99936 0.00000 0.00064 0.00000 ( 1)
 231 I   0.99957 0.00000 0.00043 0.00000 ( 1)
 232 Y   0.99978 0.00000 0.00022 0.00000 ( 1)
 233 F   0.99968 0.00000 0.00032 0.00000 ( 1)
 234 Y   0.99973 0.00000 0.00027 0.00000 ( 1)
 235 S   0.99979 0.00000 0.00021 0.00000 ( 1)
 236 G   0.99977 0.00000 0.00023 0.00000 ( 1)
 237 I   0.99966 0.00000 0.00034 0.00000 ( 1)
 238 V   0.99945 0.00000 0.00055 0.00000 ( 1)
 239 K   0.99978 0.00000 0.00022 0.00000 ( 1)
 240 Q   0.99991 0.00000 0.00009 0.00000 ( 1)
 241 V   0.99956 0.00000 0.00044 0.00000 ( 1)
 242 F   0.99982 0.00000 0.00018 0.00000 ( 1)
 243 A   0.99950 0.00000 0.00050 0.00000 ( 1)
 244 H   0.99977 0.00000 0.00023 0.00000 ( 1)
 245 E   0.99968 0.00000 0.00032 0.00000 ( 1)
 246 A   0.99953 0.00000 0.00047 0.00000 ( 1)
 247 A   0.99926 0.00000 0.00074 0.00000 ( 1)
 248 L   0.99975 0.00000 0.00025 0.00000 ( 1)
 249 R   0.99988 0.00000 0.00012 0.00000 ( 1)
 250 E   0.99983 0.00000 0.00017 0.00000 ( 1)
 251 Q   0.99991 0.00000 0.00009 0.00000 ( 1)
 252 A   0.99949 0.00000 0.00051 0.00000 ( 1)
 253 K   0.99970 0.00000 0.00030 0.00000 ( 1)
 254 K   0.99980 0.00000 0.00020 0.00000 ( 1)
 255 M   0.99985 0.00000 0.00015 0.00000 ( 1)
 256 N   0.99983 0.00000 0.00017 0.00000 ( 1)
 257 V   0.99954 0.00000 0.00046 0.00000 ( 1)
 258 E   0.99983 0.00000 0.00017 0.00000 ( 1)
 259 S   0.99944 0.00000 0.00056 0.00000 ( 1)
 260 L   0.99943 0.00000 0.00057 0.00000 ( 1)
 261 R   0.99901 0.00000 0.00099 0.00000 ( 1)
 262 S   0.99956 0.00000 0.00044 0.00000 ( 1)
 263 N   0.99983 0.00000 0.00017 0.00000 ( 1)
 264 Q   0.99991 0.00000 0.00009 0.00000 ( 1)
 265 N   0.99981 0.00000 0.00019 0.00000 ( 1)
 266 A   0.99953 0.00000 0.00047 0.00000 ( 1)
 267 G   0.00519 0.99334 0.00000 0.00147 ( 2)
 268 A   0.99937 0.00000 0.00063 0.00000 ( 1)
 269 E   0.98182 0.00000 0.01818 0.00000 ( 1)
 270 S   0.99968 0.00000 0.00032 0.00000 ( 1)
 271 A   0.99957 0.00000 0.00043 0.00000 ( 1)
 272 E   0.99977 0.00000 0.00023 0.00000 ( 1)
 273 I   0.99962 0.00000 0.00038 0.00000 ( 1)
 274 R   0.99972 0.00000 0.00028 0.00000 ( 1)
 275 I   0.99923 0.00000 0.00077 0.00000 ( 1)
 276 A   0.99935 0.00000 0.00065 0.00000 ( 1)
 277 K   0.99970 0.00000 0.00030 0.00000 ( 1)
 278 A   0.99957 0.00000 0.00043 0.00000 ( 1)
 279 A   0.99943 0.00000 0.00057 0.00000 ( 1)
 280 L   0.99915 0.00000 0.00085 0.00000 ( 1)
 281 T   0.99952 0.00000 0.00048 0.00000 ( 1)
 282 V   0.99960 0.00000 0.00040 0.00000 ( 1)
 283 C   0.99990 0.00000 0.00010 0.00000 ( 1)
 284 F   0.99980 0.00000 0.00020 0.00000 ( 1)
 285 L   0.99969 0.00000 0.00031 0.00000 ( 1)
 286 F   0.99971 0.00000 0.00029 0.00000 ( 1)
 287 V   0.99916 0.00000 0.00084 0.00000 ( 1)
 288 A   0.99950 0.00000 0.00050 0.00000 ( 1)
 289 S   0.99979 0.00000 0.00021 0.00000 ( 1)
 290 W   0.99994 0.00000 0.00006 0.00000 ( 1)
 291 T   0.99951 0.00000 0.00049 0.00000 ( 1)
 292 P   0.99964 0.00000 0.00036 0.00000 ( 1)
 293 Y   0.99973 0.00000 0.00027 0.00000 ( 1)
 294 G   0.99982 0.00000 0.00018 0.00000 ( 1)
 295 V   0.99928 0.00000 0.00072 0.00000 ( 1)
 296 M   0.99985 0.00000 0.00015 0.00000 ( 1)
 297 S   0.94148 0.00000 0.05852 0.00000 ( 1)
 298 L   0.99916 0.00000 0.00084 0.00000 ( 1)
 299 I   0.99957 0.00000 0.00043 0.00000 ( 1)
 300 G   0.99984 0.00000 0.00016 0.00000 ( 1)
 301 A   0.99947 0.00000 0.00053 0.00000 ( 1)
 302 F   0.99977 0.00000 0.00023 0.00000 ( 1)
 303 G   0.99984 0.00000 0.00016 0.00000 ( 1)
 304 D   0.99844 0.00000 0.00156 0.00000 ( 1)
 305 Q   0.95769 0.00000 0.04231 0.00000 ( 1)
 306 E   0.99976 0.00006 0.00019 0.00000 ( 1)
 307 L   0.99965 0.00000 0.00035 0.00000 ( 1)
 308 L   0.99930 0.00000 0.00070 0.00000 ( 1)
 309 T   0.99939 0.00000 0.00061 0.00000 ( 1)
 310 P   0.99981 0.00000 0.00019 0.00000 ( 1)
 311 G   0.99985 0.00000 0.00015 0.00000 ( 1)
 312 V   0.99952 0.00000 0.00048 0.00000 ( 1)
 313 T   0.99962 0.00000 0.00038 0.00000 ( 1)
 314 M   0.99985 0.00000 0.00015 0.00000 ( 1)
 315 I   0.99946 0.00000 0.00054 0.00000 ( 1)
 316 P   0.99973 0.00000 0.00027 0.00000 ( 1)
 317 A   0.99954 0.00000 0.00046 0.00000 ( 1)
 318 I   0.99953 0.00000 0.00047 0.00000 ( 1)
 319 T   0.99961 0.00000 0.00039 0.00000 ( 1)
 320 C   0.99990 0.00000 0.00010 0.00000 ( 1)
 321 K   0.99986 0.00000 0.00014 0.00000 ( 1)
 322 A   0.99960 0.00000 0.00040 0.00000 ( 1)
 323 V   0.99947 0.00000 0.00053 0.00000 ( 1)
 324 A   0.99945 0.00000 0.00055 0.00000 ( 1)
 325 C   0.99990 0.00000 0.00010 0.00000 ( 1)
 326 I   0.99975 0.00000 0.00025 0.00000 ( 1)
 327 D   0.99984 0.00000 0.00016 0.00000 ( 1)
 328 P   0.99980 0.00000 0.00020 0.00000 ( 1)
 329 W   0.99994 0.00000 0.00006 0.00000 ( 1)
 330 V   0.99946 0.00000 0.00054 0.00000 ( 1)
 331 Y   0.99982 0.00000 0.00018 0.00000 ( 1)
 332 A   0.99950 0.00000 0.00050 0.00000 ( 1)
 333 I   0.99965 0.00000 0.00035 0.00000 ( 1)
 334 S   0.99989 0.00000 0.00011 0.00000 ( 1)
 335 H   0.99991 0.00000 0.00009 0.00000 ( 1)
 336 P   0.99961 0.00000 0.00039 0.00000 ( 1)
 337 K   0.99967 0.00000 0.00033 0.00000 ( 1)
 338 Y   0.99987 0.00000 0.00013 0.00000 ( 1)
 339 R   0.99971 0.00000 0.00029 0.00000 ( 1)
 340 Q   0.99991 0.00000 0.00009 0.00000 ( 1)
 341 E   0.99975 0.00000 0.00025 0.00000 ( 1)
 342 L   0.99971 0.00000 0.00029 0.00000 ( 1)
 343 Q   0.99991 0.00000 0.00009 0.00000 ( 1)
 344 R   0.99973 0.00000 0.00027 0.00000 ( 1)
 345 R   0.99986 0.00000 0.00014 0.00000 ( 1)
 346 M   0.99985 0.00000 0.00015 0.00000 ( 1)
 347 P   0.99980 0.00000 0.00020 0.00000 ( 1)
 348 W   0.99994 0.00000 0.00006 0.00000 ( 1)
 349 L   0.99916 0.00000 0.00084 0.00000 ( 1)
 350 Q   0.99972 0.00000 0.00028 0.00000 ( 1)
 351 I   0.99930 0.00000 0.00070 0.00000 ( 1)
 352 S   0.06760 0.00000 0.93240 0.00000 ( 3)
 353 E   0.99979 0.00000 0.00021 0.00000 ( 1)
 354 P   0.99975 0.00000 0.00025 0.00000 ( 1)
 355 D   0.99969 0.00000 0.00031 0.00000 ( 1)
 356 D   0.99982 0.00000 0.00018 0.00000 ( 1)
 357 N   0.96096 0.00000 0.03904 0.00000 ( 1)
 358 T   0.00000 0.99777 0.00000 0.00223 ( 2)
 359 S   0.99948 0.00000 0.00052 0.00000 ( 1)
 360 N   0.99960 0.00000 0.00040 0.00000 ( 1)
 361 T   0.98339 0.00000 0.01661 0.00000 ( 1)
 362 S   0.99932 0.00000 0.00068 0.00000 ( 1)
 363 N   0.96746 0.00000 0.03254 0.00000 ( 1)
 364 T   0.99983 0.00000 0.00017 0.00000 ( 1)
 365 T   0.99959 0.00000 0.00041 0.00000 ( 1)
 366 T   0.99948 0.00000 0.00052 0.00000 ( 1)
 367 N   0.99866 0.00000 0.00134 0.00000 ( 1)
 368 S   0.00000 0.99844 0.00000 0.00156 ( 2)
 369 A   0.00000 0.99776 0.00000 0.00224 ( 2)
 370 A   0.95436 0.00000 0.04564 0.00000 ( 1)
 371 P   0.99817 0.00000 0.00183 0.00000 ( 1)


lnL = -75816.282148

Bayes Empirical Bayes (BEB) probabilities for 4 classes (class)
(amino acids refer to 1st sequence: ColCroc)

   1 M   0.91934 0.00000 0.08066 0.00000 ( 1)
   2 D   0.90689 0.00000 0.09311 0.00000 ( 1)
   3 R   0.00000 0.98808 0.00000 0.01192 ( 2)
   4 T   0.99550 0.00000 0.00450 0.00000 ( 1)
   5 E   0.99682 0.00000 0.00318 0.00000 ( 1)
   6 Y   0.00000 0.90712 0.00000 0.09288 ( 2)
   7 Y   0.99628 0.00016 0.00356 0.00000 ( 1)
   8 I   0.00030 0.96117 0.00021 0.03832 ( 2)
   9 Y   0.15185 0.83825 0.00070 0.00919 ( 2)
  10 G   0.99676 0.00000 0.00324 0.00000 ( 1)
  11 A   0.99524 0.00000 0.00476 0.00000 ( 1)
  12 Y   0.99648 0.00000 0.00352 0.00000 ( 1)
  13 F   0.99690 0.00000 0.00310 0.00000 ( 1)
  14 A   0.99530 0.00000 0.00470 0.00000 ( 1)
  15 P   0.99564 0.00000 0.00436 0.00000 ( 1)
  16 L   0.99657 0.00000 0.00343 0.00000 ( 1)
  17 R   0.99595 0.00000 0.00405 0.00000 ( 1)
  18 S   0.99625 0.00000 0.00375 0.00000 ( 1)
  19 G   0.00000 0.98664 0.00000 0.01336 ( 2)
  20 G   0.00000 0.98031 0.00000 0.01969 ( 2)
  21 E   0.99494 0.00000 0.00506 0.00000 ( 1)
  22 R   0.99699 0.00000 0.00301 0.00000 ( 1)
  23 M   0.99821 0.00000 0.00179 0.00000 ( 1)
  24 L   0.99379 0.00000 0.00621 0.00000 ( 1)
  25 G   0.99587 0.00000 0.00413 0.00000 ( 1)
  26 E   0.80179 0.00000 0.19821 0.00000 ( 1)
  27 G   0.99598 0.00000 0.00402 0.00000 ( 1)
  28 L   0.99411 0.00000 0.00589 0.00000 ( 1)
  29 T   0.99543 0.00000 0.00457 0.00000 ( 1)
  30 G   0.99645 0.00000 0.00355 0.00000 ( 1)
  31 E   0.99700 0.00000 0.00300 0.00000 ( 1)
  32 D   0.99736 0.00000 0.00264 0.00000 ( 1)
  33 L   0.99393 0.00000 0.00607 0.00000 ( 1)
  34 A   0.99560 0.00000 0.00440 0.00000 ( 1)
  35 M   0.99518 0.00000 0.00482 0.00000 ( 1)
  36 I   0.99516 0.00000 0.00484 0.00000 ( 1)
  37 P   0.99490 0.00000 0.00510 0.00000 ( 1)
  38 E   0.81772 0.00000 0.18228 0.00000 ( 1)
  39 H   0.99718 0.00000 0.00282 0.00000 ( 1)
  40 W   0.99562 0.00000 0.00438 0.00000 ( 1)
  41 F   0.99651 0.00000 0.00349 0.00000 ( 1)
  42 K   0.09204 0.83678 0.03488 0.03631 ( 2)
  43 Y   0.99713 0.00000 0.00287 0.00000 ( 1)
  44 P   0.99661 0.00000 0.00339 0.00000 ( 1)
  45 E   0.99546 0.00000 0.00454 0.00000 ( 1)
  46 P   0.99568 0.00000 0.00432 0.00000 ( 1)
  47 P   0.99653 0.00000 0.00347 0.00000 ( 1)
  48 A   0.99563 0.00000 0.00437 0.00000 ( 1)
  49 S   0.84383 0.00000 0.15617 0.00000 ( 1)
  50 A   0.99484 0.00000 0.00516 0.00000 ( 1)
  51 H   0.99718 0.00000 0.00282 0.00000 ( 1)
  52 T   0.99523 0.00000 0.00477 0.00000 ( 1)
  53 A   0.99541 0.00000 0.00459 0.00000 ( 1)
  54 L   0.99376 0.00000 0.00624 0.00000 ( 1)
  55 C   0.99524 0.00000 0.00476 0.00000 ( 1)
  56 L   0.99418 0.00000 0.00582 0.00000 ( 1)
  57 L   0.99656 0.00000 0.00344 0.00000 ( 1)
  58 Y   0.99647 0.00000 0.00353 0.00000 ( 1)
  59 C   0.99598 0.00000 0.00402 0.00000 ( 1)
  60 F   0.99732 0.00000 0.00268 0.00000 ( 1)
  61 F   0.99734 0.00000 0.00266 0.00000 ( 1)
  62 T   0.99546 0.00000 0.00454 0.00000 ( 1)
  63 A   0.86548 0.00000 0.13452 0.00000 ( 1)
  64 A   0.99555 0.00000 0.00445 0.00000 ( 1)
  65 A   0.99477 0.00000 0.00523 0.00000 ( 1)
  66 L   0.98645 0.00000 0.01355 0.00000 ( 1)
  67 I   0.88050 0.00000 0.11950 0.00000 ( 1)
  68 G   0.99548 0.00000 0.00452 0.00000 ( 1)
  69 N   0.99704 0.00000 0.00296 0.00000 ( 1)
  70 G   0.99586 0.00000 0.00414 0.00000 ( 1)
  71 M   0.99659 0.00000 0.00341 0.00000 ( 1)
  72 V   0.99532 0.00000 0.00468 0.00000 ( 1)
  73 I   0.99651 0.00000 0.00349 0.00000 ( 1)
  74 F   0.99694 0.00000 0.00306 0.00000 ( 1)
  75 I   0.99500 0.00000 0.00500 0.00000 ( 1)
  76 F   0.99696 0.00000 0.00304 0.00000 ( 1)
  77 A   0.99539 0.00000 0.00461 0.00000 ( 1)
  78 S   0.99563 0.00000 0.00437 0.00000 ( 1)
  79 T   0.99563 0.00000 0.00437 0.00000 ( 1)
  80 K   0.99698 0.00000 0.00302 0.00000 ( 1)
  81 S   0.99666 0.00000 0.00334 0.00000 ( 1)
  82 L   0.99068 0.00000 0.00932 0.00000 ( 1)
  83 R   0.99463 0.00000 0.00537 0.00000 ( 1)
  84 T   0.99557 0.00000 0.00443 0.00000 ( 1)
  85 A   0.99479 0.00000 0.00521 0.00000 ( 1)
  86 S   0.99669 0.00000 0.00331 0.00000 ( 1)
  87 N   0.99694 0.00000 0.00306 0.00000 ( 1)
  88 L   0.99578 0.00000 0.00422 0.00000 ( 1)
  89 L   0.99219 0.00000 0.00781 0.00000 ( 1)
  90 I   0.99633 0.00000 0.00367 0.00000 ( 1)
  91 L   0.99382 0.00000 0.00618 0.00000 ( 1)
  92 N   0.99545 0.00000 0.00455 0.00000 ( 1)
  93 L   0.99357 0.00000 0.00643 0.00000 ( 1)
  94 A   0.99503 0.00000 0.00497 0.00000 ( 1)
  95 I   0.99504 0.00000 0.00496 0.00000 ( 1)
  96 F   0.99455 0.00000 0.00545 0.00000 ( 1)
  97 D   0.99662 0.00000 0.00338 0.00000 ( 1)
  98 F   0.99686 0.00000 0.00314 0.00000 ( 1)
  99 I   0.99492 0.00000 0.00508 0.00000 ( 1)
 100 M   0.99821 0.00000 0.00179 0.00000 ( 1)
 101 M   0.99821 0.00000 0.00179 0.00000 ( 1)
 102 L   0.99491 0.00000 0.00509 0.00000 ( 1)
 103 K   0.99698 0.00000 0.00302 0.00000 ( 1)
 104 A   0.99458 0.00000 0.00542 0.00000 ( 1)
 105 P   0.99557 0.00000 0.00443 0.00000 ( 1)
 106 I   0.99696 0.00000 0.00304 0.00000 ( 1)
 107 F   0.99663 0.00000 0.00337 0.00000 ( 1)
 108 I   0.99480 0.00000 0.00520 0.00000 ( 1)
 109 Y   0.99647 0.00000 0.00353 0.00000 ( 1)
 110 N   0.99746 0.00000 0.00254 0.00000 ( 1)
 111 S   0.99678 0.00000 0.00322 0.00000 ( 1)
 112 A   0.99501 0.00000 0.00499 0.00000 ( 1)
 113 M   0.99821 0.00000 0.00179 0.00000 ( 1)
 114 R   0.99261 0.00000 0.00739 0.00000 ( 1)
 115 G   0.99452 0.00000 0.00548 0.00000 ( 1)
 116 F   0.99724 0.00000 0.00276 0.00000 ( 1)
 117 A   0.99493 0.00000 0.00507 0.00000 ( 1)
 118 A   0.00000 0.98116 0.00000 0.01884 ( 2)
 119 G   0.99679 0.00000 0.00321 0.00000 ( 1)
 120 A   0.83018 0.00000 0.16982 0.00000 ( 1)
 121 L   0.00000 0.97619 0.00000 0.02381 ( 2)
 122 W   0.99544 0.00000 0.00456 0.00000 ( 1)
 123 C   0.99573 0.00000 0.00427 0.00000 ( 1)
 124 K   0.99567 0.00000 0.00433 0.00000 ( 1)
 125 I   0.99700 0.00000 0.00300 0.00000 ( 1)
 126 F   0.99694 0.00000 0.00306 0.00000 ( 1)
 127 A   0.99527 0.00000 0.00473 0.00000 ( 1)
 128 V   0.99609 0.00000 0.00391 0.00000 ( 1)
 129 M   0.99821 0.00000 0.00179 0.00000 ( 1)
 130 G   0.99468 0.00000 0.00532 0.00000 ( 1)
 131 S   0.99474 0.00000 0.00526 0.00000 ( 1)
 132 Y   0.99648 0.00000 0.00352 0.00000 ( 1)
 133 S   0.99660 0.00000 0.00340 0.00000 ( 1)
 134 G   0.99594 0.00000 0.00406 0.00000 ( 1)
 135 I   0.99641 0.00000 0.00359 0.00000 ( 1)
 136 G   0.99589 0.00000 0.00411 0.00000 ( 1)
 137 A   0.99554 0.00000 0.00446 0.00000 ( 1)
 138 A   0.99593 0.00000 0.00407 0.00000 ( 1)
 139 M   0.99821 0.00000 0.00179 0.00000 ( 1)
 140 T   0.99596 0.00000 0.00404 0.00000 ( 1)
 141 N   0.99743 0.00000 0.00257 0.00000 ( 1)
 142 A   0.99476 0.00000 0.00524 0.00000 ( 1)
 143 C   0.99584 0.00000 0.00416 0.00000 ( 1)
 144 I   0.99571 0.00000 0.00429 0.00000 ( 1)
 145 A   0.99521 0.00000 0.00479 0.00000 ( 1)
 146 Y   0.99553 0.00000 0.00447 0.00000 ( 1)
 147 D   0.99735 0.00000 0.00265 0.00000 ( 1)
 148 R   0.99679 0.00000 0.00321 0.00000 ( 1)
 149 H   0.99642 0.00000 0.00358 0.00000 ( 1)
 150 S   0.99496 0.00000 0.00504 0.00000 ( 1)
 151 T   0.99494 0.00000 0.00506 0.00000 ( 1)
 152 I   0.99608 0.00000 0.00392 0.00000 ( 1)
 153 T   0.99533 0.00000 0.00467 0.00000 ( 1)
 154 R   0.99050 0.00000 0.00950 0.00000 ( 1)
 155 P   0.99504 0.00000 0.00496 0.00000 ( 1)
 156 L   0.99363 0.00000 0.00637 0.00000 ( 1)
 157 D   0.99688 0.00000 0.00312 0.00000 ( 1)
 158 G   0.99583 0.00000 0.00417 0.00000 ( 1)
 159 R   0.99504 0.00000 0.00496 0.00000 ( 1)
 160 L   0.99293 0.00000 0.00707 0.00000 ( 1)
 161 S   0.99549 0.00000 0.00451 0.00000 ( 1)
 162 R   0.48370 0.00000 0.51630 0.00000 ( 3)
 163 G   0.99511 0.00000 0.00489 0.00000 ( 1)
 164 K   0.99693 0.00000 0.00307 0.00000 ( 1)
 165 V   0.85584 0.00000 0.14416 0.00000 ( 1)
 166 L   0.70084 0.00000 0.29916 0.00000 ( 1)
 167 L   0.99306 0.00000 0.00694 0.00000 ( 1)
 168 M   0.99821 0.00000 0.00179 0.00000 ( 1)
 169 I   0.99674 0.00000 0.00326 0.00000 ( 1)
 170 I   0.86700 0.00000 0.13300 0.00000 ( 1)
 171 C   0.79977 0.00000 0.20023 0.00000 ( 1)
 172 I   0.99514 0.00000 0.00486 0.00000 ( 1)
 173 W   0.99562 0.00000 0.00438 0.00000 ( 1)
 174 I   0.81523 0.00000 0.18477 0.00000 ( 1)
 175 Y   0.99646 0.00000 0.00354 0.00000 ( 1)
 176 T   0.99556 0.00000 0.00444 0.00000 ( 1)
 177 T   0.99472 0.00000 0.00528 0.00000 ( 1)
 178 P   0.99532 0.00000 0.00468 0.00000 ( 1)
 179 W   0.99562 0.00000 0.00438 0.00000 ( 1)
 180 S   0.99513 0.00000 0.00487 0.00000 ( 1)
 181 L   0.99428 0.00000 0.00572 0.00000 ( 1)
 182 M   0.99279 0.00000 0.00721 0.00000 ( 1)
 183 P   0.99582 0.00000 0.00418 0.00000 ( 1)
 184 L   0.99373 0.00000 0.00627 0.00000 ( 1)
 185 F   0.99682 0.00000 0.00318 0.00000 ( 1)
 186 R   0.99695 0.00000 0.00305 0.00000 ( 1)
 187 V   0.90448 0.00000 0.09552 0.00000 ( 1)
 188 W   0.99562 0.00000 0.00438 0.00000 ( 1)
 189 G   0.99476 0.00000 0.00524 0.00000 ( 1)
 190 R   0.99647 0.00000 0.00353 0.00000 ( 1)
 191 F   0.98948 0.00000 0.01052 0.00000 ( 1)
 192 V   0.99495 0.00000 0.00505 0.00000 ( 1)
 193 P   0.99522 0.00000 0.00478 0.00000 ( 1)
 194 E   0.99702 0.00000 0.00298 0.00000 ( 1)
 195 G   0.99496 0.00000 0.00504 0.00000 ( 1)
 196 Y   0.84405 0.00000 0.15595 0.00000 ( 1)
 197 L   0.99218 0.00000 0.00782 0.00000 ( 1)
 198 T   0.99547 0.00000 0.00453 0.00000 ( 1)
 199 S   0.99520 0.00000 0.00480 0.00000 ( 1)
 200 C   0.99579 0.00000 0.00421 0.00000 ( 1)
 201 T   0.99537 0.00000 0.00463 0.00000 ( 1)
 202 F   0.99655 0.00000 0.00345 0.00000 ( 1)
 203 D   0.99664 0.00000 0.00336 0.00000 ( 1)
 204 Y   0.99553 0.00000 0.00447 0.00000 ( 1)
 205 L   0.99352 0.00000 0.00648 0.00000 ( 1)
 206 T   0.99545 0.00000 0.00455 0.00000 ( 1)
 207 N   0.91249 0.00000 0.08751 0.00000 ( 1)
 208 S   0.99550 0.00000 0.00450 0.00000 ( 1)
 209 F   0.99668 0.00000 0.00332 0.00000 ( 1)
 210 D   0.99679 0.00000 0.00321 0.00000 ( 1)
 211 N   0.99531 0.00000 0.00469 0.00000 ( 1)
 212 K   0.99694 0.00000 0.00306 0.00000 ( 1)
 213 L   0.99318 0.00000 0.00682 0.00000 ( 1)
 214 F   0.99732 0.00000 0.00268 0.00000 ( 1)
 215 V   0.99514 0.00000 0.00486 0.00000 ( 1)
 216 G   0.99560 0.00000 0.00440 0.00000 ( 1)
 217 C   0.99685 0.00000 0.00315 0.00000 ( 1)
 218 I   0.99556 0.00000 0.00444 0.00000 ( 1)
 219 F   0.99671 0.00000 0.00329 0.00000 ( 1)
 220 T   0.00000 0.98153 0.00000 0.01847 ( 2)
 221 C   0.99685 0.00000 0.00315 0.00000 ( 1)
 222 S   0.99766 0.00000 0.00234 0.00000 ( 1)
 223 Y   0.99648 0.00000 0.00352 0.00000 ( 1)
 224 V   0.99457 0.00000 0.00543 0.00000 ( 1)
 225 F   0.99731 0.00000 0.00269 0.00000 ( 1)
 226 P   0.99551 0.00000 0.00449 0.00000 ( 1)
 227 M   0.99821 0.00000 0.00179 0.00000 ( 1)
 228 L   0.99561 0.00000 0.00439 0.00000 ( 1)
 229 C   0.99821 0.00000 0.00179 0.00000 ( 1)
 230 I   0.99530 0.00000 0.00470 0.00000 ( 1)
 231 I   0.99616 0.00000 0.00384 0.00000 ( 1)
 232 Y   0.99555 0.00000 0.00445 0.00000 ( 1)
 233 F   0.99655 0.00000 0.00345 0.00000 ( 1)
 234 Y   0.99562 0.00000 0.00438 0.00000 ( 1)
 235 S   0.99682 0.00000 0.00318 0.00000 ( 1)
 236 G   0.99597 0.00000 0.00403 0.00000 ( 1)
 237 I   0.99616 0.00000 0.00384 0.00000 ( 1)
 238 V   0.99481 0.00000 0.00519 0.00000 ( 1)
 239 K   0.99668 0.00000 0.00332 0.00000 ( 1)
 240 Q   0.99554 0.00000 0.00446 0.00000 ( 1)
 241 V   0.99514 0.00000 0.00486 0.00000 ( 1)
 242 F   0.99697 0.00000 0.00303 0.00000 ( 1)
 243 A   0.99509 0.00000 0.00491 0.00000 ( 1)
 244 H   0.99608 0.00000 0.00392 0.00000 ( 1)
 245 E   0.99623 0.00000 0.00377 0.00000 ( 1)
 246 A   0.99516 0.00000 0.00484 0.00000 ( 1)
 247 A   0.99475 0.00000 0.00525 0.00000 ( 1)
 248 L   0.99523 0.00000 0.00477 0.00000 ( 1)
 249 R   0.99674 0.00000 0.00326 0.00000 ( 1)
 250 E   0.99686 0.00000 0.00314 0.00000 ( 1)
 251 Q   0.99554 0.00000 0.00446 0.00000 ( 1)
 252 A   0.99546 0.00000 0.00454 0.00000 ( 1)
 253 K   0.99622 0.00000 0.00378 0.00000 ( 1)
 254 K   0.99672 0.00000 0.00328 0.00000 ( 1)
 255 M   0.99821 0.00000 0.00179 0.00000 ( 1)
 256 N   0.99744 0.00000 0.00256 0.00000 ( 1)
 257 V   0.99508 0.00000 0.00492 0.00000 ( 1)
 258 E   0.99688 0.00000 0.00312 0.00000 ( 1)
 259 S   0.99443 0.00000 0.00557 0.00000 ( 1)
 260 L   0.99330 0.00000 0.00670 0.00000 ( 1)
 261 R   0.99049 0.00000 0.00951 0.00000 ( 1)
 262 S   0.99507 0.00000 0.00493 0.00000 ( 1)
 263 N   0.99743 0.00000 0.00257 0.00000 ( 1)
 264 Q   0.99571 0.00000 0.00429 0.00000 ( 1)
 265 N   0.99691 0.00000 0.00309 0.00000 ( 1)
 266 A   0.99523 0.00000 0.00477 0.00000 ( 1)
 267 G   0.95754 0.03927 0.00254 0.00065 ( 1)
 268 A   0.99488 0.00000 0.00512 0.00000 ( 1)
 269 E   0.88418 0.00000 0.11582 0.00000 ( 1)
 270 S   0.99513 0.00000 0.00487 0.00000 ( 1)
 271 A   0.99518 0.00000 0.00482 0.00000 ( 1)
 272 E   0.99662 0.00000 0.00338 0.00000 ( 1)
 273 I   0.99632 0.00000 0.00368 0.00000 ( 1)
 274 R   0.99545 0.00000 0.00455 0.00000 ( 1)
 275 I   0.99477 0.00000 0.00523 0.00000 ( 1)
 276 A   0.99492 0.00000 0.00508 0.00000 ( 1)
 277 K   0.99623 0.00000 0.00377 0.00000 ( 1)
 278 A   0.99524 0.00000 0.00476 0.00000 ( 1)
 279 A   0.99507 0.00000 0.00493 0.00000 ( 1)
 280 L   0.99385 0.00000 0.00615 0.00000 ( 1)
 281 T   0.99535 0.00000 0.00465 0.00000 ( 1)
 282 V   0.99523 0.00000 0.00477 0.00000 ( 1)
 283 C   0.99684 0.00000 0.00316 0.00000 ( 1)
 284 F   0.99732 0.00000 0.00268 0.00000 ( 1)
 285 L   0.99405 0.00000 0.00595 0.00000 ( 1)
 286 F   0.99664 0.00000 0.00336 0.00000 ( 1)
 287 V   0.99418 0.00000 0.00582 0.00000 ( 1)
 288 A   0.99549 0.00000 0.00451 0.00000 ( 1)
 289 S   0.99549 0.00000 0.00451 0.00000 ( 1)
 290 W   0.99562 0.00000 0.00438 0.00000 ( 1)
 291 T   0.99526 0.00000 0.00474 0.00000 ( 1)
 292 P   0.99565 0.00000 0.00435 0.00000 ( 1)
 293 Y   0.99562 0.00000 0.00438 0.00000 ( 1)
 294 G   0.99680 0.00000 0.00320 0.00000 ( 1)
 295 V   0.99457 0.00000 0.00543 0.00000 ( 1)
 296 M   0.99821 0.00000 0.00179 0.00000 ( 1)
 297 S   0.78521 0.00000 0.21479 0.00000 ( 1)
 298 L   0.99383 0.00000 0.00617 0.00000 ( 1)
 299 I   0.99606 0.00000 0.00394 0.00000 ( 1)
 300 G   0.99587 0.00000 0.00413 0.00000 ( 1)
 301 A   0.99541 0.00000 0.00459 0.00000 ( 1)
 302 F   0.99711 0.00000 0.00289 0.00000 ( 1)
 303 G   0.99586 0.00000 0.00414 0.00000 ( 1)
 304 D   0.98710 0.00000 0.01290 0.00000 ( 1)
 305 Q   0.79763 0.00000 0.20237 0.00000 ( 1)
 306 E   0.99510 0.00000 0.00490 0.00000 ( 1)
 307 L   0.99395 0.00000 0.00605 0.00000 ( 1)
 308 L   0.99361 0.00000 0.00639 0.00000 ( 1)
 309 T   0.99506 0.00000 0.00494 0.00000 ( 1)
 310 P   0.99581 0.00000 0.00419 0.00000 ( 1)
 311 G   0.99633 0.00000 0.00367 0.00000 ( 1)
 312 V   0.99504 0.00000 0.00496 0.00000 ( 1)
 313 T   0.99562 0.00000 0.00438 0.00000 ( 1)
 314 M   0.99821 0.00000 0.00179 0.00000 ( 1)
 315 I   0.99566 0.00000 0.00434 0.00000 ( 1)
 316 P   0.99574 0.00000 0.00426 0.00000 ( 1)
 317 A   0.99555 0.00000 0.00445 0.00000 ( 1)
 318 I   0.99507 0.00000 0.00493 0.00000 ( 1)
 319 T   0.99502 0.00000 0.00498 0.00000 ( 1)
 320 C   0.99684 0.00000 0.00316 0.00000 ( 1)
 321 K   0.99698 0.00000 0.00302 0.00000 ( 1)
 322 A   0.99521 0.00000 0.00479 0.00000 ( 1)
 323 V   0.99519 0.00000 0.00481 0.00000 ( 1)
 324 A   0.99509 0.00000 0.00491 0.00000 ( 1)
 325 C   0.99681 0.00000 0.00319 0.00000 ( 1)
 326 I   0.99700 0.00000 0.00300 0.00000 ( 1)
 327 D   0.99700 0.00000 0.00300 0.00000 ( 1)
 328 P   0.99581 0.00000 0.00419 0.00000 ( 1)
 329 W   0.99562 0.00000 0.00438 0.00000 ( 1)
 330 V   0.99475 0.00000 0.00525 0.00000 ( 1)
 331 Y   0.99620 0.00000 0.00380 0.00000 ( 1)
 332 A   0.99521 0.00000 0.00479 0.00000 ( 1)
 333 I   0.99653 0.00000 0.00347 0.00000 ( 1)
 334 S   0.99710 0.00000 0.00290 0.00000 ( 1)
 335 H   0.99642 0.00000 0.00358 0.00000 ( 1)
 336 P   0.99603 0.00000 0.00397 0.00000 ( 1)
 337 K   0.99608 0.00000 0.00392 0.00000 ( 1)
 338 Y   0.99648 0.00000 0.00352 0.00000 ( 1)
 339 R   0.99605 0.00000 0.00395 0.00000 ( 1)
 340 Q   0.99554 0.00000 0.00446 0.00000 ( 1)
 341 E   0.99654 0.00000 0.00346 0.00000 ( 1)
 342 L   0.99558 0.00000 0.00442 0.00000 ( 1)
 343 Q   0.99568 0.00000 0.00432 0.00000 ( 1)
 344 R   0.99429 0.00000 0.00571 0.00000 ( 1)
 345 R   0.99609 0.00000 0.00391 0.00000 ( 1)
 346 M   0.99821 0.00000 0.00179 0.00000 ( 1)
 347 P   0.99589 0.00000 0.00411 0.00000 ( 1)
 348 W   0.99562 0.00000 0.00438 0.00000 ( 1)
 349 L   0.99340 0.00000 0.00660 0.00000 ( 1)
 350 Q   0.99468 0.00000 0.00532 0.00000 ( 1)
 351 I   0.99507 0.00000 0.00493 0.00000 ( 1)
 352 S   0.02736 0.00000 0.97264 0.00000 ( 3)
 353 E   0.99669 0.00000 0.00331 0.00000 ( 1)
 354 P   0.99647 0.00000 0.00353 0.00000 ( 1)
 355 D   0.99662 0.00000 0.00338 0.00000 ( 1)
 356 D   0.99738 0.00000 0.00262 0.00000 ( 1)
 357 N   0.80048 0.00000 0.19952 0.00000 ( 1)
 358 T   0.00000 0.98217 0.00000 0.01783 ( 2)
 359 S   0.99468 0.00000 0.00532 0.00000 ( 1)
 360 N   0.99560 0.00000 0.00440 0.00000 ( 1)
 361 T   0.91876 0.00000 0.08124 0.00000 ( 1)
 362 S   0.99498 0.00000 0.00502 0.00000 ( 1)
 363 N   0.84776 0.00000 0.15224 0.00000 ( 1)
 364 T   0.99745 0.00000 0.00255 0.00000 ( 1)
 365 T   0.99587 0.00000 0.00413 0.00000 ( 1)
 366 T   0.99514 0.00000 0.00486 0.00000 ( 1)
 367 N   0.98814 0.00000 0.01186 0.00000 ( 1)
 368 S   0.00000 0.98347 0.00000 0.01653 ( 2)
 369 A   0.00000 0.97748 0.00000 0.02252 ( 2)
 370 A   0.80028 0.00000 0.19972 0.00000 ( 1)
 371 P   0.98507 0.00000 0.01493 0.00000 ( 1)

