Supplemental results for CODEML (seqf: align.fa  treef: tree.nwk)


MLEs of dN/dS (w) for site classes (K=4)

site class             0        1       2a       2b
proportion       0.94079  0.04077  0.01768  0.00077
background w     0.03901  1.00000  0.03901  1.00000
foreground w     0.03901  1.00000  1.00000  1.00000

Naive Empirical Bayes (NEB) probabilities for 4 classes
(amino acids refer to 1st sequence: ColCroc|Blue5)

   1 N   0.99761 0.00000 0.00239 0.00000 ( 1)
   2 V   0.99545 0.00000 0.00455 0.00000 ( 1)
   3 N   0.00000 0.98156 0.00000 0.01844 ( 2)
   4 N   0.99576 0.00000 0.00424 0.00000 ( 1)
   5 F   0.88629 0.00000 0.11371 0.00000 ( 1)
   6 S   0.99037 0.00000 0.00963 0.00000 ( 1)
   7 A   0.39541 0.59205 0.00142 0.01112 ( 2)
   8 E   0.00000 0.98156 0.00000 0.01844 ( 2)
   9 A   0.99506 0.00000 0.00494 0.00000 ( 1)
  10 R   0.99227 0.00000 0.00773 0.00000 ( 1)
  11 P   0.99432 0.00000 0.00568 0.00000 ( 1)
  12 V   0.99761 0.00000 0.00239 0.00000 ( 1)
  13 A   0.99270 0.00000 0.00730 0.00000 ( 1)
  14 Y   0.99110 0.00001 0.00889 0.00000 ( 1)
  15 P   0.99432 0.00000 0.00568 0.00000 ( 1)
  16 F   0.99082 0.00000 0.00918 0.00000 ( 1)
  17 K   0.99411 0.00000 0.00589 0.00000 ( 1)
  18 M   0.98779 0.00000 0.01221 0.00000 ( 1)
  19 V   0.99506 0.00000 0.00494 0.00000 ( 1)
  20 S   0.99265 0.00000 0.00735 0.00000 ( 1)
  21 D   0.00000 0.98156 0.00000 0.01844 ( 2)
  22 E   0.99551 0.00000 0.00449 0.00000 ( 1)
  23 V   0.99305 0.00000 0.00695 0.00000 ( 1)
  24 Q   0.97962 0.00000 0.02038 0.00000 ( 1)
  25 Q   0.99573 0.00000 0.00427 0.00000 ( 1)
  26 N   0.99642 0.00000 0.00358 0.00000 ( 1)
  27 M   0.99761 0.00000 0.00239 0.00000 ( 1)
  28 L   0.99454 0.00000 0.00546 0.00000 ( 1)
  29 G   0.99228 0.00000 0.00772 0.00000 ( 1)
  30 W   0.99357 0.00000 0.00643 0.00000 ( 1)
  31 N   0.99697 0.00000 0.00303 0.00000 ( 1)
  32 V   0.99459 0.00000 0.00541 0.00000 ( 1)
  33 P   0.99339 0.00000 0.00661 0.00000 ( 1)
  34 S   0.99405 0.00000 0.00595 0.00000 ( 1)
  35 E   0.99530 0.00000 0.00470 0.00000 ( 1)
  36 Y   0.99474 0.00000 0.00526 0.00000 ( 1)
  37 Q   0.99399 0.00000 0.00601 0.00000 ( 1)
  38 D   0.91677 0.00000 0.08323 0.00000 ( 1)
  39 L   0.99506 0.00000 0.00494 0.00000 ( 1)
  40 V   0.99404 0.00000 0.00596 0.00000 ( 1)
  41 H   0.99642 0.00000 0.00358 0.00000 ( 1)
  42 D   0.99583 0.00000 0.00417 0.00000 ( 1)
  43 H   0.99642 0.00000 0.00358 0.00000 ( 1)
  44 W   0.99357 0.00000 0.00643 0.00000 ( 1)
  45 R   0.99375 0.00000 0.00625 0.00000 ( 1)
  46 N   0.99697 0.00000 0.00303 0.00000 ( 1)
  47 F   0.99703 0.00000 0.00297 0.00000 ( 1)
  48 A   0.99153 0.00000 0.00847 0.00000 ( 1)
  49 A   0.80677 0.00000 0.19323 0.00000 ( 1)
  50 I   0.99574 0.00000 0.00426 0.00000 ( 1)
  51 D   0.99671 0.00000 0.00329 0.00000 ( 1)
  52 K   0.99444 0.00000 0.00556 0.00000 ( 1)
  53 F   0.99577 0.00000 0.00423 0.00000 ( 1)
  54 W   0.99357 0.00000 0.00643 0.00000 ( 1)
  55 H   0.99439 0.00000 0.00561 0.00000 ( 1)
  56 Y   0.99562 0.00000 0.00438 0.00000 ( 1)
  57 C   0.13866 0.00000 0.86134 0.00000 ( 3)
  58 L   0.99299 0.00000 0.00701 0.00000 ( 1)
  59 A   0.99390 0.00000 0.00610 0.00000 ( 1)
  60 L   0.99434 0.00000 0.00566 0.00000 ( 1)
  61 I   0.99647 0.00000 0.00353 0.00000 ( 1)
  62 Y   0.99562 0.00000 0.00438 0.00000 ( 1)
  63 M   0.99643 0.00000 0.00357 0.00000 ( 1)
  64 I   0.92719 0.00000 0.07281 0.00000 ( 1)
  65 L   0.99499 0.00000 0.00501 0.00000 ( 1)
  66 W   0.99761 0.00000 0.00239 0.00000 ( 1)
  67 I   0.93167 0.05813 0.00910 0.00109 ( 1)
  68 S   0.99465 0.00000 0.00535 0.00000 ( 1)
  69 S   0.99173 0.00000 0.00827 0.00000 ( 1)
  70 V   0.91827 0.00000 0.08173 0.00000 ( 1)
  71 C   0.99292 0.00000 0.00708 0.00000 ( 1)
  72 G   0.99604 0.00000 0.00396 0.00000 ( 1)
  73 N   0.99422 0.00000 0.00578 0.00000 ( 1)
  74 G   0.99355 0.00000 0.00645 0.00000 ( 1)
  75 I   0.99662 0.00000 0.00338 0.00000 ( 1)
  76 V   0.99574 0.00000 0.00426 0.00000 ( 1)
  77 V   0.99473 0.00000 0.00527 0.00000 ( 1)
  78 W   0.99357 0.00000 0.00643 0.00000 ( 1)
  79 I   0.99558 0.00000 0.00442 0.00000 ( 1)
  80 F   0.99591 0.00000 0.00409 0.00000 ( 1)
  81 S   0.99636 0.00000 0.00364 0.00000 ( 1)
  82 T   0.99292 0.00000 0.00708 0.00000 ( 1)
  83 S   0.99044 0.00000 0.00956 0.00000 ( 1)
  84 K   0.99489 0.00000 0.00511 0.00000 ( 1)
  85 S   0.99228 0.00000 0.00772 0.00000 ( 1)
  86 L   0.99366 0.00000 0.00634 0.00000 ( 1)
  87 R   0.99333 0.00000 0.00667 0.00000 ( 1)
  88 S   0.99354 0.00000 0.00646 0.00000 ( 1)
  89 A   0.99487 0.00000 0.00513 0.00000 ( 1)
  90 S   0.99432 0.00000 0.00568 0.00000 ( 1)
  91 N   0.99697 0.00000 0.00303 0.00000 ( 1)
  92 M   0.99761 0.00000 0.00239 0.00000 ( 1)
  93 F   0.99561 0.00000 0.00439 0.00000 ( 1)
  94 I   0.99505 0.00000 0.00495 0.00000 ( 1)
  95 V   0.99587 0.00000 0.00413 0.00000 ( 1)
  96 N   0.99697 0.00000 0.00303 0.00000 ( 1)
  97 L   0.99111 0.00000 0.00889 0.00000 ( 1)
  98 A   0.99278 0.00000 0.00722 0.00000 ( 1)
  99 L   0.99410 0.00000 0.00590 0.00000 ( 1)
 100 F   0.99519 0.00000 0.00481 0.00000 ( 1)
 101 D   0.99697 0.00000 0.00303 0.00000 ( 1)
 102 M   0.99309 0.00000 0.00691 0.00000 ( 1)
 103 V   0.99761 0.00000 0.00239 0.00000 ( 1)
 104 M   0.99761 0.00000 0.00239 0.00000 ( 1)
 105 M   0.99761 0.00000 0.00239 0.00000 ( 1)
 106 I   0.97598 0.01558 0.00815 0.00029 ( 1)
 107 E   0.99467 0.00000 0.00533 0.00000 ( 1)
 108 M   0.99761 0.00000 0.00239 0.00000 ( 1)
 109 P   0.99466 0.00000 0.00534 0.00000 ( 1)
 110 H   0.99273 0.00000 0.00727 0.00000 ( 1)
 111 L   0.99607 0.00000 0.00393 0.00000 ( 1)
 112 I   0.99533 0.00000 0.00467 0.00000 ( 1)
 113 I   0.00000 0.98156 0.00000 0.01844 ( 2)
 114 N   0.99697 0.00000 0.00303 0.00000 ( 1)
 115 S   0.99417 0.00000 0.00583 0.00000 ( 1)
 116 F   0.99703 0.00000 0.00297 0.00000 ( 1)
 117 Y   0.86877 0.00000 0.13123 0.00000 ( 1)
 118 Q   0.99413 0.00000 0.00587 0.00000 ( 1)
 119 K   0.99291 0.00000 0.00709 0.00000 ( 1)
 120 M   0.99316 0.00000 0.00684 0.00000 ( 1)
 121 I   0.85397 0.00000 0.14603 0.00000 ( 1)
 122 G   0.99536 0.00000 0.00464 0.00000 ( 1)
 123 Y   0.99577 0.00000 0.00423 0.00000 ( 1)
 124 Q   0.99414 0.00000 0.00586 0.00000 ( 1)
 125 V   0.99448 0.00000 0.00552 0.00000 ( 1)
 126 G   0.99629 0.00000 0.00371 0.00000 ( 1)
 127 C   0.99223 0.00000 0.00777 0.00000 ( 1)
 128 D   0.99468 0.00000 0.00532 0.00000 ( 1)
 129 I   0.99447 0.00000 0.00553 0.00000 ( 1)
 130 Y   0.99231 0.00000 0.00769 0.00000 ( 1)
 131 A   0.99597 0.00000 0.00403 0.00000 ( 1)
 132 T   0.99546 0.00000 0.00454 0.00000 ( 1)
 133 L   0.99303 0.00000 0.00697 0.00000 ( 1)
 134 G   0.99503 0.00000 0.00497 0.00000 ( 1)
 135 S   0.99236 0.00000 0.00764 0.00000 ( 1)
 136 I   0.99344 0.00000 0.00656 0.00000 ( 1)
 137 S   0.99363 0.00000 0.00637 0.00000 ( 1)
 138 G   0.99536 0.00000 0.00464 0.00000 ( 1)
 139 I   0.99615 0.00000 0.00385 0.00000 ( 1)
 140 G   0.99148 0.00000 0.00852 0.00000 ( 1)
 141 A   0.99435 0.00000 0.00565 0.00000 ( 1)
 142 A   0.99290 0.00000 0.00710 0.00000 ( 1)
 143 I   0.99618 0.00000 0.00382 0.00000 ( 1)
 144 S   0.99564 0.00000 0.00436 0.00000 ( 1)
 145 N   0.99421 0.00000 0.00579 0.00000 ( 1)
 146 A   0.99269 0.00000 0.00731 0.00000 ( 1)
 147 V   0.99339 0.00000 0.00661 0.00000 ( 1)
 148 I   0.99599 0.00000 0.00401 0.00000 ( 1)
 149 A   0.99518 0.00000 0.00482 0.00000 ( 1)
 150 Y   0.99445 0.00000 0.00555 0.00000 ( 1)
 151 D   0.99415 0.00000 0.00585 0.00000 ( 1)
 152 R   0.99304 0.00000 0.00696 0.00000 ( 1)
 153 Y   0.99573 0.00000 0.00427 0.00000 ( 1)
 154 K   0.99411 0.00000 0.00589 0.00000 ( 1)
 155 T   0.99425 0.00000 0.00575 0.00000 ( 1)
 156 I   0.99559 0.00000 0.00441 0.00000 ( 1)
 157 S   0.99335 0.00000 0.00665 0.00000 ( 1)
 158 C   0.82906 0.00000 0.17094 0.00000 ( 1)
 159 P   0.99152 0.00000 0.00848 0.00000 ( 1)
 160 I   0.99271 0.00000 0.00729 0.00000 ( 1)
 161 D   0.99432 0.00000 0.00568 0.00000 ( 1)
 162 G   0.99434 0.00000 0.00566 0.00000 ( 1)
 163 R   0.99317 0.00000 0.00683 0.00000 ( 1)
 164 I   0.99559 0.00000 0.00441 0.00000 ( 1)
 165 N   0.99696 0.00000 0.00304 0.00000 ( 1)
 166 K   0.99393 0.00000 0.00607 0.00000 ( 1)
 167 V   0.99556 0.00000 0.00444 0.00000 ( 1)
 168 Q   0.99271 0.00000 0.00729 0.00000 ( 1)
 169 A   0.99395 0.00000 0.00605 0.00000 ( 1)
 170 S   0.00000 0.98156 0.00000 0.01844 ( 2)
 171 I   0.99101 0.00000 0.00899 0.00000 ( 1)
 172 L   0.99472 0.00000 0.00528 0.00000 ( 1)
 173 I   0.99645 0.00000 0.00355 0.00000 ( 1)
 174 A   0.00005 0.98151 0.00000 0.01844 ( 2)
 175 F   0.99518 0.00000 0.00482 0.00000 ( 1)
 176 T   0.99413 0.00000 0.00587 0.00000 ( 1)
 177 W   0.99357 0.00000 0.00643 0.00000 ( 1)
 178 F   0.87918 0.00000 0.12082 0.00000 ( 1)
 179 W   0.99357 0.00000 0.00643 0.00000 ( 1)
 180 T   0.99401 0.00000 0.00599 0.00000 ( 1)
 181 L   0.00040 0.98098 0.00019 0.01843 ( 2)
 182 P   0.99452 0.00000 0.00548 0.00000 ( 1)
 183 F   0.99703 0.00000 0.00297 0.00000 ( 1)
 184 T   0.99490 0.00000 0.00510 0.00000 ( 1)
 185 I   0.99396 0.00000 0.00604 0.00000 ( 1)
 186 L   0.99319 0.00000 0.00681 0.00000 ( 1)
 187 P   0.99158 0.00000 0.00842 0.00000 ( 1)
 188 L   0.99361 0.00000 0.00639 0.00000 ( 1)
 189 L   0.99703 0.00000 0.00297 0.00000 ( 1)
 190 K   0.99321 0.00000 0.00679 0.00000 ( 1)
 191 V   0.99595 0.00000 0.00405 0.00000 ( 1)
 192 W   0.99357 0.00000 0.00643 0.00000 ( 1)
 193 G   0.99351 0.00000 0.00649 0.00000 ( 1)
 194 K   0.99258 0.00000 0.00742 0.00000 ( 1)
 195 F   0.87838 0.00000 0.12162 0.00000 ( 1)
 196 V   0.99295 0.00000 0.00705 0.00000 ( 1)
 197 P   0.99212 0.00000 0.00788 0.00000 ( 1)
 198 E   0.99595 0.00000 0.00405 0.00000 ( 1)
 199 G   0.99501 0.00000 0.00499 0.00000 ( 1)
 200 F   0.99703 0.00000 0.00297 0.00000 ( 1)
 201 L   0.99043 0.00000 0.00957 0.00000 ( 1)
 202 T   0.99338 0.00000 0.00662 0.00000 ( 1)
 203 T   0.99369 0.00000 0.00631 0.00000 ( 1)
 204 C   0.99527 0.00000 0.00473 0.00000 ( 1)
 205 S   0.99305 0.00000 0.00695 0.00000 ( 1)
 206 F   0.99691 0.00000 0.00309 0.00000 ( 1)
 207 D   0.99696 0.00000 0.00304 0.00000 ( 1)
 208 Y   0.99577 0.00000 0.00423 0.00000 ( 1)
 209 F   0.99703 0.00000 0.00297 0.00000 ( 1)
 210 T   0.99429 0.00000 0.00571 0.00000 ( 1)
 211 D   0.99455 0.00000 0.00545 0.00000 ( 1)
 212 D   0.99684 0.00000 0.00316 0.00000 ( 1)
 213 E   0.99414 0.00000 0.00586 0.00000 ( 1)
 214 D   0.99696 0.00000 0.00304 0.00000 ( 1)
 215 T   0.99545 0.00000 0.00455 0.00000 ( 1)
 216 K   0.99587 0.00000 0.00413 0.00000 ( 1)
 217 V   0.99414 0.00000 0.00586 0.00000 ( 1)
 218 F   0.99703 0.00000 0.00297 0.00000 ( 1)
 219 V   0.99550 0.00000 0.00450 0.00000 ( 1)
 220 A   0.83592 0.00000 0.16408 0.00000 ( 1)
 221 C   0.99598 0.00000 0.00402 0.00000 ( 1)
 222 I   0.99651 0.00000 0.00349 0.00000 ( 1)
 223 F   0.99691 0.00000 0.00309 0.00000 ( 1)
 224 V   0.86004 0.00000 0.13996 0.00000 ( 1)
 225 W   0.99357 0.00000 0.00643 0.00000 ( 1)
 226 S   0.99704 0.00000 0.00296 0.00000 ( 1)
 227 Y   0.99577 0.00000 0.00423 0.00000 ( 1)
 228 C   0.99598 0.00000 0.00402 0.00000 ( 1)
 229 F   0.99661 0.00000 0.00339 0.00000 ( 1)
 230 P   0.99610 0.00000 0.00390 0.00000 ( 1)
 231 M   0.99761 0.00000 0.00239 0.00000 ( 1)
 232 A   0.00000 0.98156 0.00000 0.01844 ( 2)
 233 L   0.99609 0.00000 0.00391 0.00000 ( 1)
 234 I   0.99662 0.00000 0.00338 0.00000 ( 1)
 235 C   0.99598 0.00000 0.00402 0.00000 ( 1)
 236 I   0.99577 0.00000 0.00423 0.00000 ( 1)
 237 F   0.99703 0.00000 0.00297 0.00000 ( 1)
 238 Y   0.99561 0.00000 0.00439 0.00000 ( 1)
 239 S   0.99144 0.00000 0.00856 0.00000 ( 1)
 240 K   0.99244 0.00000 0.00756 0.00000 ( 1)
 241 L   0.99547 0.00000 0.00453 0.00000 ( 1)
 242 F   0.99592 0.00000 0.00408 0.00000 ( 1)
 243 T   0.99325 0.00000 0.00675 0.00000 ( 1)
 244 A   0.99518 0.00000 0.00482 0.00000 ( 1)
 245 V   0.99543 0.00000 0.00457 0.00000 ( 1)
 246 R   0.99319 0.00000 0.00681 0.00000 ( 1)
 247 L   0.99258 0.00000 0.00742 0.00000 ( 1)
 248 H   0.99642 0.00000 0.00358 0.00000 ( 1)
 249 E   0.99595 0.00000 0.00405 0.00000 ( 1)
 250 K   0.85393 0.00000 0.14607 0.00000 ( 1)
 251 M   0.99761 0.00000 0.00239 0.00000 ( 1)
 252 L   0.99261 0.00000 0.00739 0.00000 ( 1)
 253 K   0.00000 0.98156 0.00000 0.01844 ( 2)
 254 E   0.99592 0.00000 0.00408 0.00000 ( 1)
 255 Q   0.99169 0.00000 0.00831 0.00000 ( 1)
 256 A   0.99340 0.00000 0.00660 0.00000 ( 1)
 257 K   0.99597 0.00000 0.00403 0.00000 ( 1)
 258 K   0.99471 0.00000 0.00529 0.00000 ( 1)
 259 M   0.99761 0.00000 0.00239 0.00000 ( 1)
 260 N   0.99696 0.00000 0.00304 0.00000 ( 1)
 261 V   0.99557 0.00000 0.00443 0.00000 ( 1)
 262 K   0.99467 0.00000 0.00533 0.00000 ( 1)
 263 S   0.99384 0.00000 0.00616 0.00000 ( 1)
 264 L   0.99234 0.00000 0.00766 0.00000 ( 1)
 265 A   0.99291 0.00000 0.00709 0.00000 ( 1)
 266 S   0.99218 0.00000 0.00782 0.00000 ( 1)
 267 N   0.99545 0.00000 0.00455 0.00000 ( 1)
 268 K   0.99417 0.00000 0.00583 0.00000 ( 1)
 269 E   0.99542 0.00000 0.00458 0.00000 ( 1)
 270 D   0.99629 0.00000 0.00371 0.00000 ( 1)
 271 A   0.99629 0.00000 0.00371 0.00000 ( 1)
 272 G   0.99618 0.00000 0.00382 0.00000 ( 1)
 273 K   0.99432 0.00000 0.00568 0.00000 ( 1)
 274 S   0.17143 0.00000 0.82857 0.00000 ( 3)
 275 V   0.99401 0.00000 0.00599 0.00000 ( 1)
 276 E   0.99595 0.00000 0.00405 0.00000 ( 1)
 277 I   0.99652 0.00000 0.00348 0.00000 ( 1)
 278 R   0.99178 0.00000 0.00822 0.00000 ( 1)
 279 I   0.99554 0.00000 0.00446 0.00000 ( 1)
 280 A   0.99318 0.00000 0.00682 0.00000 ( 1)
 281 K   0.99533 0.00000 0.00467 0.00000 ( 1)
 282 V   0.99560 0.00000 0.00440 0.00000 ( 1)
 283 A   0.99463 0.00000 0.00537 0.00000 ( 1)
 284 F   0.99703 0.00000 0.00297 0.00000 ( 1)
 285 T   0.99383 0.00000 0.00617 0.00000 ( 1)
 286 I   0.99484 0.00000 0.00516 0.00000 ( 1)
 287 F   0.99703 0.00000 0.00297 0.00000 ( 1)
 288 F   0.99558 0.00000 0.00442 0.00000 ( 1)
 289 L   0.99076 0.00000 0.00924 0.00000 ( 1)
 290 F   0.99703 0.00000 0.00297 0.00000 ( 1)
 291 V   0.99470 0.00000 0.00530 0.00000 ( 1)
 292 C   0.99155 0.00000 0.00845 0.00000 ( 1)
 293 A   0.99545 0.00000 0.00455 0.00000 ( 1)
 294 W   0.99357 0.00000 0.00643 0.00000 ( 1)
 295 T   0.99417 0.00000 0.00583 0.00000 ( 1)
 296 P   0.99464 0.00000 0.00536 0.00000 ( 1)
 297 Y   0.99361 0.00000 0.00639 0.00000 ( 1)
 298 A   0.99299 0.00000 0.00701 0.00000 ( 1)
 299 V   0.99703 0.00000 0.00297 0.00000 ( 1)
 300 V   0.99545 0.00000 0.00455 0.00000 ( 1)
 301 T   0.99628 0.00000 0.00372 0.00000 ( 1)
 302 M   0.99761 0.00000 0.00239 0.00000 ( 1)
 303 I   0.99538 0.00000 0.00462 0.00000 ( 1)
 304 G   0.99212 0.00000 0.00788 0.00000 ( 1)
 305 A   0.99358 0.00000 0.00642 0.00000 ( 1)
 306 F   0.99591 0.00000 0.00409 0.00000 ( 1)
 307 G   0.99203 0.00000 0.00797 0.00000 ( 1)
 308 D   0.99696 0.00000 0.00304 0.00000 ( 1)
 309 R   0.99583 0.00000 0.00417 0.00000 ( 1)
 310 S   0.00000 0.98156 0.00000 0.01844 ( 2)
 311 L   0.99460 0.00000 0.00540 0.00000 ( 1)
 312 L   0.99254 0.00000 0.00746 0.00000 ( 1)
 313 T   0.99279 0.00000 0.00721 0.00000 ( 1)
 314 P   0.99457 0.00000 0.00543 0.00000 ( 1)
 315 H   0.99303 0.00000 0.00697 0.00000 ( 1)
 316 V   0.99545 0.00000 0.00455 0.00000 ( 1)
 317 T   0.99534 0.00000 0.00466 0.00000 ( 1)
 318 M   0.99761 0.00000 0.00239 0.00000 ( 1)
 319 I   0.89850 0.00000 0.10150 0.00000 ( 1)
 320 P   0.99165 0.00000 0.00835 0.00000 ( 1)
 321 A   0.99496 0.00000 0.00504 0.00000 ( 1)
 322 V   0.99502 0.00000 0.00498 0.00000 ( 1)
 323 F   0.99598 0.00000 0.00402 0.00000 ( 1)
 324 A   0.99503 0.00000 0.00497 0.00000 ( 1)
 325 K   0.99436 0.00000 0.00564 0.00000 ( 1)
 326 S   0.93993 0.00000 0.06007 0.00000 ( 1)
 327 V   0.99511 0.00000 0.00489 0.00000 ( 1)
 328 S   0.99488 0.00000 0.00512 0.00000 ( 1)
 329 C   0.99598 0.00000 0.00402 0.00000 ( 1)
 330 I   0.99559 0.00000 0.00441 0.00000 ( 1)
 331 D   0.99480 0.00000 0.00520 0.00000 ( 1)
 332 P   0.99164 0.00000 0.00836 0.00000 ( 1)
 333 W   0.99357 0.00000 0.00643 0.00000 ( 1)
 334 V   0.99426 0.00000 0.00574 0.00000 ( 1)
 335 Y   0.99509 0.00000 0.00491 0.00000 ( 1)
 336 A   0.99642 0.00000 0.00358 0.00000 ( 1)
 337 I   0.99651 0.00000 0.00349 0.00000 ( 1)
 338 N   0.99652 0.00000 0.00348 0.00000 ( 1)
 339 H   0.99544 0.00000 0.00456 0.00000 ( 1)
 340 P   0.99244 0.00000 0.00756 0.00000 ( 1)
 341 R   0.99311 0.00000 0.00689 0.00000 ( 1)
 342 Y   0.99577 0.00000 0.00423 0.00000 ( 1)
 343 R   0.99571 0.00000 0.00429 0.00000 ( 1)
 344 A   0.99545 0.00000 0.00455 0.00000 ( 1)
 345 E   0.99540 0.00000 0.00460 0.00000 ( 1)
 346 L   0.99298 0.00000 0.00702 0.00000 ( 1)
 347 Q   0.12025 0.00000 0.87975 0.00000 ( 3)
 348 K   0.99597 0.00000 0.00403 0.00000 ( 1)
 349 R   0.99001 0.00000 0.00999 0.00000 ( 1)
 350 L   0.87881 0.00000 0.12119 0.00000 ( 1)
 351 P   0.99162 0.00000 0.00838 0.00000 ( 1)
 352 W   0.99357 0.00000 0.00643 0.00000 ( 1)
 353 M   0.99185 0.00000 0.00815 0.00000 ( 1)
 354 G   0.99351 0.00000 0.00649 0.00000 ( 1)
 355 V   0.99577 0.00000 0.00423 0.00000 ( 1)
 356 R   0.99290 0.00000 0.00710 0.00000 ( 1)
 357 E   0.99541 0.00000 0.00459 0.00000 ( 1)
 358 P   0.00000 0.98156 0.00000 0.01844 ( 2)
 359 D   0.99696 0.00000 0.00304 0.00000 ( 1)
 360 P   0.99158 0.00000 0.00842 0.00000 ( 1)
 361 E   0.99696 0.00000 0.00304 0.00000 ( 1)
 362 T   0.00000 0.98156 0.00000 0.01844 ( 2)
 363 Q   0.99559 0.00000 0.00441 0.00000 ( 1)
 364 S   0.99609 0.00000 0.00391 0.00000 ( 1)
 365 S   0.99404 0.00000 0.00596 0.00000 ( 1)
 366 N   0.86161 0.00000 0.13839 0.00000 ( 1)
 367 A   0.99643 0.00000 0.00357 0.00000 ( 1)
 368 S   0.99516 0.00000 0.00484 0.00000 ( 1)
 369 T   0.85150 0.00000 0.14850 0.00000 ( 1)
 370 T   0.99643 0.00000 0.00357 0.00000 ( 1)
 371 Q   0.99539 0.00000 0.00461 0.00000 ( 1)
 372 S   0.01871 0.96142 0.00181 0.01806 ( 2)
 373 Q   0.98804 0.00000 0.01196 0.00000 ( 1)
 374 S   0.00000 0.98156 0.00000 0.01844 ( 2)
 375 A   0.00000 0.98156 0.00000 0.01844 ( 2)
 376 D   0.99384 0.00000 0.00616 0.00000 ( 1)
 377 A   0.99291 0.00000 0.00709 0.00000 ( 1)


lnL = -74019.584936

