Supplemental results for CODEML (seqf: align.fa  treef: tree.nwk)


MLEs of dN/dS (w) for site classes (K=4)

site class             0        1       2a       2b
proportion       0.87633  0.03817  0.08193  0.00357
background w     0.03887  1.00000  0.03887  1.00000
foreground w     0.03887  1.00000  1.00000  1.00000

Naive Empirical Bayes (NEB) probabilities for 4 classes
(amino acids refer to 1st sequence: ColCroc|Blue5)

   1 N   0.91450 0.00000 0.08550 0.00000 ( 1)
   2 V   0.91450 0.00000 0.08550 0.00000 ( 1)
   3 N   0.00000 0.91450 0.00000 0.08550 ( 2)
   4 N   0.95033 0.00000 0.04967 0.00000 ( 1)
   5 F   0.95432 0.00000 0.04568 0.00000 ( 1)
   6 S   0.95337 0.00000 0.04663 0.00000 ( 1)
   7 A   0.32809 0.60147 0.01421 0.05623 ( 2)
   8 E   0.00000 0.91450 0.00000 0.08550 ( 2)
   9 A   0.49020 0.00000 0.50980 0.00000 ( 3)
  10 R   0.95639 0.00000 0.04361 0.00000 ( 1)
  11 P   0.94034 0.00000 0.05966 0.00000 ( 1)
  12 V   0.97245 0.00000 0.02755 0.00000 ( 1)
  13 A   0.94684 0.00000 0.05316 0.00000 ( 1)
  14 Y   0.02452 0.00000 0.97548 0.00000 ( 3)
  15 P   0.94256 0.00000 0.05744 0.00000 ( 1)
  16 F   0.94995 0.00000 0.05005 0.00000 ( 1)
  17 K   0.94981 0.00000 0.05019 0.00000 ( 1)
  18 M   0.97245 0.00000 0.02755 0.00000 ( 1)
  19 V   0.94918 0.00000 0.05082 0.00000 ( 1)
  20 S   0.40939 0.00000 0.59061 0.00000 ( 3)
  21 D   0.00000 0.91450 0.00000 0.08550 ( 2)
  22 E   0.95771 0.00000 0.04229 0.00000 ( 1)
  23 V   0.95389 0.00000 0.04611 0.00000 ( 1)
  24 Q   0.95194 0.00000 0.04806 0.00000 ( 1)
  25 Q   0.95791 0.00000 0.04209 0.00000 ( 1)
  26 N   0.96069 0.00000 0.03931 0.00000 ( 1)
  27 M   0.97245 0.00000 0.02755 0.00000 ( 1)
  28 L   0.94672 0.00000 0.05328 0.00000 ( 1)
  29 G   0.95897 0.00000 0.04103 0.00000 ( 1)
  30 W   0.94711 0.00000 0.05289 0.00000 ( 1)
  31 N   0.96746 0.00000 0.03254 0.00000 ( 1)
  32 V   0.95412 0.00000 0.04588 0.00000 ( 1)
  33 P   0.93992 0.00000 0.06008 0.00000 ( 1)
  34 S   0.94960 0.00000 0.05040 0.00000 ( 1)
  35 E   0.95373 0.00000 0.04627 0.00000 ( 1)
  36 Y   0.95139 0.00000 0.04861 0.00000 ( 1)
  37 Q   0.94810 0.00000 0.05190 0.00000 ( 1)
  38 D   0.96467 0.00000 0.03533 0.00000 ( 1)
  39 L   0.94695 0.00000 0.05305 0.00000 ( 1)
  40 V   0.96319 0.00000 0.03681 0.00000 ( 1)
  41 H   0.96177 0.00000 0.03823 0.00000 ( 1)
  42 D   0.95393 0.00000 0.04607 0.00000 ( 1)
  43 H   0.95912 0.00000 0.04088 0.00000 ( 1)
  44 W   0.94711 0.00000 0.05289 0.00000 ( 1)
  45 R   0.95365 0.00000 0.04635 0.00000 ( 1)
  46 N   0.96746 0.00000 0.03254 0.00000 ( 1)
  47 F   0.96659 0.00000 0.03341 0.00000 ( 1)
  48 A   0.94070 0.00000 0.05930 0.00000 ( 1)
  49 A   0.95181 0.00000 0.04819 0.00000 ( 1)
  50 I   0.96276 0.00000 0.03724 0.00000 ( 1)
  51 D   0.96559 0.00000 0.03441 0.00000 ( 1)
  52 K   0.95798 0.00000 0.04202 0.00000 ( 1)
  53 F   0.95868 0.00000 0.04132 0.00000 ( 1)
  54 W   0.94711 0.00000 0.05289 0.00000 ( 1)
  55 H   0.95974 0.00000 0.04026 0.00000 ( 1)
  56 Y   0.95797 0.00000 0.04203 0.00000 ( 1)
  57 C   0.95681 0.00000 0.04319 0.00000 ( 1)
  58 L   0.67032 0.00000 0.32968 0.00000 ( 1)
  59 A   0.95367 0.00000 0.04633 0.00000 ( 1)
  60 L   0.96322 0.00000 0.03678 0.00000 ( 1)
  61 I   0.96070 0.00000 0.03930 0.00000 ( 1)
  62 Y   0.95843 0.00000 0.04157 0.00000 ( 1)
  63 M   0.95931 0.00000 0.04069 0.00000 ( 1)
  64 I   0.61484 0.00000 0.38516 0.00000 ( 1)
  65 L   0.95338 0.00000 0.04662 0.00000 ( 1)
  66 W   0.97245 0.00000 0.02755 0.00000 ( 1)
  67 I   0.87410 0.07316 0.04590 0.00684 ( 1)
  68 S   0.96262 0.00000 0.03738 0.00000 ( 1)
  69 S   0.94845 0.00000 0.05155 0.00000 ( 1)
  70 V   0.95924 0.00000 0.04076 0.00000 ( 1)
  71 C   0.02735 0.00000 0.97265 0.00000 ( 3)
  72 G   0.96082 0.00000 0.03918 0.00000 ( 1)
  73 N   0.95211 0.00000 0.04789 0.00000 ( 1)
  74 G   0.95002 0.00000 0.04998 0.00000 ( 1)
  75 I   0.96851 0.00000 0.03149 0.00000 ( 1)
  76 V   0.96227 0.00000 0.03773 0.00000 ( 1)
  77 V   0.83293 0.00000 0.16707 0.00000 ( 1)
  78 W   0.94711 0.00000 0.05289 0.00000 ( 1)
  79 I   0.95445 0.00000 0.04555 0.00000 ( 1)
  80 F   0.95131 0.00000 0.04869 0.00000 ( 1)
  81 S   0.96584 0.00000 0.03416 0.00000 ( 1)
  82 T   0.94566 0.00000 0.05434 0.00000 ( 1)
  83 S   0.93647 0.00000 0.06353 0.00000 ( 1)
  84 K   0.95125 0.00000 0.04875 0.00000 ( 1)
  85 S   0.96013 0.00000 0.03987 0.00000 ( 1)
  86 L   0.95702 0.00000 0.04298 0.00000 ( 1)
  87 R   0.93044 0.00000 0.06956 0.00000 ( 1)
  88 S   0.95129 0.00000 0.04871 0.00000 ( 1)
  89 A   0.42728 0.00000 0.57272 0.00000 ( 3)
  90 S   0.96584 0.00000 0.03416 0.00000 ( 1)
  91 N   0.96381 0.00000 0.03619 0.00000 ( 1)
  92 M   0.97245 0.00000 0.02755 0.00000 ( 1)
  93 F   0.96806 0.00000 0.03194 0.00000 ( 1)
  94 I   0.95784 0.00000 0.04216 0.00000 ( 1)
  95 V   0.95923 0.00000 0.04077 0.00000 ( 1)
  96 N   0.96691 0.00000 0.03309 0.00000 ( 1)
  97 L   0.94606 0.00000 0.05394 0.00000 ( 1)
  98 A   0.94674 0.00000 0.05326 0.00000 ( 1)
  99 L   0.94644 0.00000 0.05356 0.00000 ( 1)
 100 F   0.96680 0.00000 0.03320 0.00000 ( 1)
 101 D   0.96732 0.00000 0.03268 0.00000 ( 1)
 102 M   0.95298 0.00000 0.04702 0.00000 ( 1)
 103 V   0.96885 0.00000 0.03115 0.00000 ( 1)
 104 M   0.97245 0.00000 0.02755 0.00000 ( 1)
 105 M   0.97245 0.00000 0.02755 0.00000 ( 1)
 106 I   0.40924 0.00958 0.58028 0.00090 ( 3)
 107 E   0.95968 0.00000 0.04032 0.00000 ( 1)
 108 M   0.97245 0.00000 0.02755 0.00000 ( 1)
 109 P   0.95086 0.00000 0.04914 0.00000 ( 1)
 110 H   0.94722 0.00000 0.05278 0.00000 ( 1)
 111 L   0.95857 0.00000 0.04143 0.00000 ( 1)
 112 I   0.96871 0.00000 0.03129 0.00000 ( 1)
 113 I   0.00000 0.91450 0.00000 0.08550 ( 2)
 114 N   0.96746 0.00000 0.03254 0.00000 ( 1)
 115 S   0.95424 0.00000 0.04576 0.00000 ( 1)
 116 F   0.96582 0.00000 0.03418 0.00000 ( 1)
 117 Y   0.75389 0.00000 0.24611 0.00000 ( 1)
 118 Q   0.94245 0.00000 0.05755 0.00000 ( 1)
 119 K   0.94423 0.00000 0.05577 0.00000 ( 1)
 120 M   0.95445 0.00000 0.04555 0.00000 ( 1)
 121 I   0.94671 0.00000 0.05329 0.00000 ( 1)
 122 G   0.95906 0.00000 0.04094 0.00000 ( 1)
 123 Y   0.95844 0.00000 0.04156 0.00000 ( 1)
 124 Q   0.94966 0.00000 0.05034 0.00000 ( 1)
 125 V   0.96059 0.00000 0.03941 0.00000 ( 1)
 126 G   0.96171 0.00000 0.03829 0.00000 ( 1)
 127 C   0.95742 0.00000 0.04258 0.00000 ( 1)
 128 D   0.96427 0.00000 0.03573 0.00000 ( 1)
 129 I   0.95474 0.00000 0.04526 0.00000 ( 1)
 130 Y   0.95818 0.00000 0.04182 0.00000 ( 1)
 131 A   0.40360 0.00000 0.59640 0.00000 ( 3)
 132 T   0.95946 0.00000 0.04054 0.00000 ( 1)
 133 L   0.94506 0.00000 0.05494 0.00000 ( 1)
 134 G   0.95846 0.00000 0.04154 0.00000 ( 1)
 135 S   0.94993 0.00000 0.05007 0.00000 ( 1)
 136 I   0.94586 0.00000 0.05414 0.00000 ( 1)
 137 S   0.95226 0.00000 0.04774 0.00000 ( 1)
 138 G   0.96082 0.00000 0.03918 0.00000 ( 1)
 139 I   0.96294 0.00000 0.03706 0.00000 ( 1)
 140 G   0.93968 0.00000 0.06032 0.00000 ( 1)
 141 A   0.94058 0.00000 0.05942 0.00000 ( 1)
 142 A   0.94641 0.00000 0.05359 0.00000 ( 1)
 143 I   0.95711 0.00000 0.04289 0.00000 ( 1)
 144 S   0.94679 0.00000 0.05321 0.00000 ( 1)
 145 N   0.95110 0.00000 0.04890 0.00000 ( 1)
 146 A   0.94508 0.00000 0.05492 0.00000 ( 1)
 147 V   0.95118 0.00000 0.04882 0.00000 ( 1)
 148 I   0.95340 0.00000 0.04660 0.00000 ( 1)
 149 A   0.94598 0.00000 0.05402 0.00000 ( 1)
 150 Y   0.95231 0.00000 0.04769 0.00000 ( 1)
 151 D   0.95083 0.00000 0.04917 0.00000 ( 1)
 152 R   0.94540 0.00000 0.05460 0.00000 ( 1)
 153 Y   0.95840 0.00000 0.04160 0.00000 ( 1)
 154 K   0.95057 0.00000 0.04943 0.00000 ( 1)
 155 T   0.95672 0.00000 0.04328 0.00000 ( 1)
 156 I   0.95397 0.00000 0.04603 0.00000 ( 1)
 157 S   0.94589 0.00000 0.05411 0.00000 ( 1)
 158 C   0.94964 0.00000 0.05036 0.00000 ( 1)
 159 P   0.94168 0.00000 0.05832 0.00000 ( 1)
 160 I   0.93987 0.00000 0.06013 0.00000 ( 1)
 161 D   0.95653 0.00000 0.04347 0.00000 ( 1)
 162 G   0.93936 0.00000 0.06064 0.00000 ( 1)
 163 R   0.94540 0.00000 0.05460 0.00000 ( 1)
 164 I   0.95849 0.00000 0.04151 0.00000 ( 1)
 165 N   0.96484 0.00000 0.03516 0.00000 ( 1)
 166 K   0.95020 0.00000 0.04980 0.00000 ( 1)
 167 V   0.95862 0.00000 0.04138 0.00000 ( 1)
 168 Q   0.94026 0.00000 0.05974 0.00000 ( 1)
 169 A   0.95630 0.00000 0.04370 0.00000 ( 1)
 170 S   0.00000 0.91450 0.00000 0.08550 ( 2)
 171 I   0.94279 0.00000 0.05721 0.00000 ( 1)
 172 L   0.94786 0.00000 0.05214 0.00000 ( 1)
 173 I   0.96529 0.00000 0.03471 0.00000 ( 1)
 174 A   0.00004 0.91446 0.00000 0.08549 ( 2)
 175 F   0.96790 0.00000 0.03210 0.00000 ( 1)
 176 T   0.95781 0.00000 0.04219 0.00000 ( 1)
 177 W   0.94711 0.00000 0.05289 0.00000 ( 1)
 178 F   0.46917 0.00000 0.53083 0.00000 ( 3)
 179 W   0.94711 0.00000 0.05289 0.00000 ( 1)
 180 T   0.95615 0.00000 0.04385 0.00000 ( 1)
 181 L   0.00026 0.91425 0.00002 0.08547 ( 2)
 182 P   0.94194 0.00000 0.05806 0.00000 ( 1)
 183 F   0.96588 0.00000 0.03412 0.00000 ( 1)
 184 T   0.95160 0.00000 0.04840 0.00000 ( 1)
 185 I   0.67855 0.00000 0.32145 0.00000 ( 1)
 186 L   0.94639 0.00000 0.05361 0.00000 ( 1)
 187 P   0.94037 0.00000 0.05963 0.00000 ( 1)
 188 L   0.95340 0.00000 0.04660 0.00000 ( 1)
 189 L   0.96687 0.00000 0.03313 0.00000 ( 1)
 190 K   0.41817 0.00000 0.58183 0.00000 ( 3)
 191 V   0.95741 0.00000 0.04259 0.00000 ( 1)
 192 W   0.94711 0.00000 0.05289 0.00000 ( 1)
 193 G   0.94033 0.00000 0.05967 0.00000 ( 1)
 194 K   0.92759 0.00000 0.07241 0.00000 ( 1)
 195 F   0.95317 0.00000 0.04683 0.00000 ( 1)
 196 V   0.94858 0.00000 0.05142 0.00000 ( 1)
 197 P   0.93976 0.00000 0.06024 0.00000 ( 1)
 198 E   0.95985 0.00000 0.04015 0.00000 ( 1)
 199 G   0.95417 0.00000 0.04583 0.00000 ( 1)
 200 F   0.96808 0.00000 0.03192 0.00000 ( 1)
 201 L   0.93800 0.00000 0.06200 0.00000 ( 1)
 202 T   0.94836 0.00000 0.05164 0.00000 ( 1)
 203 T   0.95544 0.00000 0.04456 0.00000 ( 1)
 204 C   0.94188 0.00000 0.05812 0.00000 ( 1)
 205 S   0.94446 0.00000 0.05554 0.00000 ( 1)
 206 F   0.96816 0.00000 0.03184 0.00000 ( 1)
 207 D   0.96581 0.00000 0.03419 0.00000 ( 1)
 208 Y   0.95868 0.00000 0.04132 0.00000 ( 1)
 209 F   0.96837 0.00000 0.03163 0.00000 ( 1)
 210 T   0.95755 0.00000 0.04245 0.00000 ( 1)
 211 D   0.94295 0.00000 0.05705 0.00000 ( 1)
 212 D   0.96706 0.00000 0.03294 0.00000 ( 1)
 213 E   0.94966 0.00000 0.05034 0.00000 ( 1)
 214 D   0.96704 0.00000 0.03296 0.00000 ( 1)
 215 T   0.95871 0.00000 0.04129 0.00000 ( 1)
 216 K   0.95989 0.00000 0.04011 0.00000 ( 1)
 217 V   0.95799 0.00000 0.04201 0.00000 ( 1)
 218 F   0.96810 0.00000 0.03190 0.00000 ( 1)
 219 V   0.95819 0.00000 0.04181 0.00000 ( 1)
 220 A   0.44340 0.00000 0.55660 0.00000 ( 3)
 221 C   0.95836 0.00000 0.04164 0.00000 ( 1)
 222 I   0.96732 0.00000 0.03268 0.00000 ( 1)
 223 F   0.96837 0.00000 0.03163 0.00000 ( 1)
 224 V   0.93010 0.00000 0.06990 0.00000 ( 1)
 225 W   0.94711 0.00000 0.05289 0.00000 ( 1)
 226 S   0.96456 0.00000 0.03544 0.00000 ( 1)
 227 Y   0.95855 0.00000 0.04145 0.00000 ( 1)
 228 C   0.95795 0.00000 0.04205 0.00000 ( 1)
 229 F   0.96639 0.00000 0.03361 0.00000 ( 1)
 230 P   0.95456 0.00000 0.04544 0.00000 ( 1)
 231 M   0.97245 0.00000 0.02755 0.00000 ( 1)
 232 A   0.00000 0.91450 0.00000 0.08550 ( 2)
 233 L   0.96318 0.00000 0.03682 0.00000 ( 1)
 234 I   0.96726 0.00000 0.03274 0.00000 ( 1)
 235 C   0.95871 0.00000 0.04129 0.00000 ( 1)
 236 I   0.95743 0.00000 0.04257 0.00000 ( 1)
 237 F   0.96697 0.00000 0.03303 0.00000 ( 1)
 238 Y   0.95838 0.00000 0.04162 0.00000 ( 1)
 239 S   0.94946 0.00000 0.05054 0.00000 ( 1)
 240 K   0.94778 0.00000 0.05222 0.00000 ( 1)
 241 L   0.94828 0.00000 0.05172 0.00000 ( 1)
 242 F   0.95248 0.00000 0.04752 0.00000 ( 1)
 243 T   0.94241 0.00000 0.05759 0.00000 ( 1)
 244 A   0.94569 0.00000 0.05431 0.00000 ( 1)
 245 V   0.95732 0.00000 0.04268 0.00000 ( 1)
 246 R   0.93605 0.00000 0.06395 0.00000 ( 1)
 247 L   0.94873 0.00000 0.05127 0.00000 ( 1)
 248 H   0.96161 0.00000 0.03839 0.00000 ( 1)
 249 E   0.95985 0.00000 0.04015 0.00000 ( 1)
 250 K   0.40160 0.00000 0.59840 0.00000 ( 3)
 251 M   0.97245 0.00000 0.02755 0.00000 ( 1)
 252 L   0.94701 0.00000 0.05299 0.00000 ( 1)
 253 K   0.00000 0.91450 0.00000 0.08550 ( 2)
 254 E   0.95791 0.00000 0.04209 0.00000 ( 1)
 255 Q   0.94049 0.00000 0.05951 0.00000 ( 1)
 256 A   0.95628 0.00000 0.04372 0.00000 ( 1)
 257 K   0.95753 0.00000 0.04247 0.00000 ( 1)
 258 K   0.95990 0.00000 0.04010 0.00000 ( 1)
 259 M   0.97245 0.00000 0.02755 0.00000 ( 1)
 260 N   0.96492 0.00000 0.03508 0.00000 ( 1)
 261 V   0.95865 0.00000 0.04135 0.00000 ( 1)
 262 K   0.95791 0.00000 0.04209 0.00000 ( 1)
 263 S   0.94890 0.00000 0.05110 0.00000 ( 1)
 264 L   0.94789 0.00000 0.05211 0.00000 ( 1)
 265 A   0.94655 0.00000 0.05345 0.00000 ( 1)
 266 S   0.60805 0.00000 0.39195 0.00000 ( 1)
 267 N   0.96471 0.00000 0.03529 0.00000 ( 1)
 268 K   0.94984 0.00000 0.05016 0.00000 ( 1)
 269 E   0.95036 0.00000 0.04964 0.00000 ( 1)
 270 D   0.95349 0.00000 0.04651 0.00000 ( 1)
 271 A   0.92240 0.00000 0.07760 0.00000 ( 1)
 272 G   0.96584 0.00000 0.03416 0.00000 ( 1)
 273 K   0.95956 0.00000 0.04044 0.00000 ( 1)
 274 S   0.96454 0.00000 0.03546 0.00000 ( 1)
 275 V   0.94396 0.00000 0.05604 0.00000 ( 1)
 276 E   0.95830 0.00000 0.04170 0.00000 ( 1)
 277 I   0.96492 0.00000 0.03508 0.00000 ( 1)
 278 R   0.94540 0.00000 0.05460 0.00000 ( 1)
 279 I   0.96032 0.00000 0.03968 0.00000 ( 1)
 280 A   0.94548 0.00000 0.05452 0.00000 ( 1)
 281 K   0.95052 0.00000 0.04948 0.00000 ( 1)
 282 V   0.95738 0.00000 0.04262 0.00000 ( 1)
 283 A   0.96198 0.00000 0.03802 0.00000 ( 1)
 284 F   0.96838 0.00000 0.03162 0.00000 ( 1)
 285 T   0.94975 0.00000 0.05025 0.00000 ( 1)
 286 I   0.96112 0.00000 0.03888 0.00000 ( 1)
 287 F   0.96688 0.00000 0.03312 0.00000 ( 1)
 288 F   0.96721 0.00000 0.03279 0.00000 ( 1)
 289 L   0.94465 0.00000 0.05535 0.00000 ( 1)
 290 F   0.96837 0.00000 0.03163 0.00000 ( 1)
 291 V   0.95980 0.00000 0.04020 0.00000 ( 1)
 292 C   0.94778 0.00000 0.05222 0.00000 ( 1)
 293 A   0.95642 0.00000 0.04358 0.00000 ( 1)
 294 W   0.94711 0.00000 0.05289 0.00000 ( 1)
 295 T   0.95737 0.00000 0.04263 0.00000 ( 1)
 296 P   0.95026 0.00000 0.04974 0.00000 ( 1)
 297 Y   0.94971 0.00000 0.05029 0.00000 ( 1)
 298 A   0.95208 0.00000 0.04792 0.00000 ( 1)
 299 V   0.96835 0.00000 0.03165 0.00000 ( 1)
 300 V   0.95894 0.00000 0.04106 0.00000 ( 1)
 301 T   0.96466 0.00000 0.03534 0.00000 ( 1)
 302 M   0.97245 0.00000 0.02755 0.00000 ( 1)
 303 I   0.94438 0.00000 0.05562 0.00000 ( 1)
 304 G   0.94220 0.00000 0.05780 0.00000 ( 1)
 305 A   0.94726 0.00000 0.05274 0.00000 ( 1)
 306 F   0.95147 0.00000 0.04853 0.00000 ( 1)
 307 G   0.94148 0.00000 0.05852 0.00000 ( 1)
 308 D   0.96731 0.00000 0.03269 0.00000 ( 1)
 309 R   0.95682 0.00000 0.04318 0.00000 ( 1)
 310 S   0.00000 0.91450 0.00000 0.08550 ( 2)
 311 L   0.93662 0.00000 0.06338 0.00000 ( 1)
 312 L   0.94791 0.00000 0.05209 0.00000 ( 1)
 313 T   0.95047 0.00000 0.04953 0.00000 ( 1)
 314 P   0.94132 0.00000 0.05868 0.00000 ( 1)
 315 H   0.95335 0.00000 0.04665 0.00000 ( 1)
 316 V   0.95250 0.00000 0.04750 0.00000 ( 1)
 317 T   0.95821 0.00000 0.04179 0.00000 ( 1)
 318 M   0.97245 0.00000 0.02755 0.00000 ( 1)
 319 I   0.47442 0.00000 0.52558 0.00000 ( 3)
 320 P   0.94311 0.00000 0.05689 0.00000 ( 1)
 321 A   0.94674 0.00000 0.05326 0.00000 ( 1)
 322 V   0.95711 0.00000 0.04289 0.00000 ( 1)
 323 F   0.95871 0.00000 0.04129 0.00000 ( 1)
 324 A   0.94027 0.00000 0.05973 0.00000 ( 1)
 325 K   0.95340 0.00000 0.04660 0.00000 ( 1)
 326 S   0.59221 0.00000 0.40779 0.00000 ( 1)
 327 V   0.95583 0.00000 0.04417 0.00000 ( 1)
 328 S   0.96105 0.00000 0.03895 0.00000 ( 1)
 329 C   0.95786 0.00000 0.04214 0.00000 ( 1)
 330 I   0.95841 0.00000 0.04159 0.00000 ( 1)
 331 D   0.95715 0.00000 0.04285 0.00000 ( 1)
 332 P   0.94097 0.00000 0.05903 0.00000 ( 1)
 333 W   0.94711 0.00000 0.05289 0.00000 ( 1)
 334 V   0.95992 0.00000 0.04008 0.00000 ( 1)
 335 Y   0.94614 0.00000 0.05386 0.00000 ( 1)
 336 A   0.96001 0.00000 0.03999 0.00000 ( 1)
 337 I   0.96675 0.00000 0.03325 0.00000 ( 1)
 338 N   0.96282 0.00000 0.03718 0.00000 ( 1)
 339 H   0.94357 0.00000 0.05643 0.00000 ( 1)
 340 P   0.95337 0.00000 0.04663 0.00000 ( 1)
 341 R   0.94540 0.00000 0.05460 0.00000 ( 1)
 342 Y   0.95868 0.00000 0.04132 0.00000 ( 1)
 343 R   0.95817 0.00000 0.04183 0.00000 ( 1)
 344 A   0.95815 0.00000 0.04185 0.00000 ( 1)
 345 E   0.95116 0.00000 0.04884 0.00000 ( 1)
 346 L   0.94454 0.00000 0.05546 0.00000 ( 1)
 347 Q   0.02250 0.00000 0.97750 0.00000 ( 3)
 348 K   0.95977 0.00000 0.04023 0.00000 ( 1)
 349 R   0.93433 0.00000 0.06567 0.00000 ( 1)
 350 L   0.43749 0.00000 0.56251 0.00000 ( 3)
 351 P   0.94126 0.00000 0.05874 0.00000 ( 1)
 352 W   0.94711 0.00000 0.05289 0.00000 ( 1)
 353 M   0.94074 0.00000 0.05926 0.00000 ( 1)
 354 G   0.95409 0.00000 0.04591 0.00000 ( 1)
 355 V   0.96224 0.00000 0.03776 0.00000 ( 1)
 356 R   0.95504 0.00000 0.04496 0.00000 ( 1)
 357 E   0.95033 0.00000 0.04967 0.00000 ( 1)
 358 P   0.00000 0.91450 0.00000 0.08550 ( 2)
 359 D   0.96631 0.00000 0.03369 0.00000 ( 1)
 360 P   0.94121 0.00000 0.05879 0.00000 ( 1)
 361 E   0.96701 0.00000 0.03299 0.00000 ( 1)
 362 T   0.00000 0.91450 0.00000 0.08550 ( 2)
 363 Q   0.95760 0.00000 0.04240 0.00000 ( 1)
 364 S   0.95948 0.00000 0.04052 0.00000 ( 1)
 365 S   0.45243 0.00000 0.54757 0.00000 ( 3)
 366 N   0.47254 0.00000 0.52746 0.00000 ( 3)
 367 A   0.96358 0.00000 0.03642 0.00000 ( 1)
 368 S   0.38343 0.00000 0.61657 0.00000 ( 3)
 369 T   0.50187 0.00000 0.49813 0.00000 ( 1)
 370 T   0.51039 0.00000 0.48961 0.00000 ( 1)
 371 Q   0.38728 0.00000 0.61272 0.00000 ( 3)
 372 S   0.01162 0.90330 0.00063 0.08445 ( 2)
 373 Q   0.41519 0.00000 0.58481 0.00000 ( 3)
 374 S   0.00000 0.91450 0.00000 0.08550 ( 2)
 375 A   0.00000 0.91450 0.00000 0.08550 ( 2)
 376 D   0.48227 0.00000 0.51773 0.00000 ( 3)
 377 A   0.94461 0.00000 0.05539 0.00000 ( 1)


lnL = -74014.541123

