Supplemental results for CODEML (seqf: align.fa  treef: tree.nwk)


MLEs of dN/dS (w) for site classes (K=4)

site class             0        1       2a       2b
proportion       0.93339  0.02777  0.03772  0.00112
background w     0.04061  1.00000  0.04061  1.00000
foreground w     0.04061  1.00000  2.30288  2.30288

Naive Empirical Bayes (NEB) probabilities for 4 classes
(amino acids refer to 1st sequence: ColCroc|LWS3)

   1 M   0.99442 0.00000 0.00558 0.00000 ( 1)
   2 A   0.78284 0.00018 0.21698 0.00001 ( 1)
   3 T   0.00000 0.94745 0.00000 0.05255 ( 2)
   4 S   0.99235 0.00000 0.00765 0.00000 ( 1)
   5 M   0.98882 0.00000 0.01118 0.00000 ( 1)
   6 D   0.99249 0.00000 0.00751 0.00000 ( 1)
   7 P   0.98524 0.00000 0.01476 0.00000 ( 1)
   8 A   0.98163 0.00000 0.01837 0.00000 ( 1)
   9 P   0.98288 0.00000 0.01712 0.00000 ( 1)
  10 G   0.99081 0.00000 0.00919 0.00000 ( 1)
  11 V   0.00000 0.95941 0.00000 0.04059 ( 2)
  12 A   0.98568 0.00000 0.01432 0.00000 ( 1)
  13 A   0.98845 0.00000 0.01155 0.00000 ( 1)
  14 M   0.62654 0.00000 0.37346 0.00000 ( 1)
  15 Q   0.50562 0.00000 0.49438 0.00000 ( 1)
  16 T   0.98476 0.00000 0.01524 0.00000 ( 1)
  17 W   0.98542 0.00000 0.01458 0.00000 ( 1)
  18 G   0.99146 0.00000 0.00854 0.00000 ( 1)
  19 G   0.98800 0.00000 0.01200 0.00000 ( 1)
  20 H   0.98269 0.00000 0.01731 0.00000 ( 1)
  21 A   0.36142 0.00000 0.63858 0.00000 ( 3)
  22 E   0.98819 0.00000 0.01181 0.00000 ( 1)
  23 A   0.98965 0.00000 0.01035 0.00000 ( 1)
  24 Y   0.99016 0.00000 0.00984 0.00000 ( 1)
  25 S   0.99145 0.00000 0.00855 0.00000 ( 1)
  26 A   0.99093 0.00000 0.00907 0.00000 ( 1)
  27 N   0.99218 0.00000 0.00782 0.00000 ( 1)
  28 Q   0.98505 0.00000 0.01495 0.00000 ( 1)
  29 T   0.99098 0.00000 0.00902 0.00000 ( 1)
  30 V   0.98982 0.00000 0.01018 0.00000 ( 1)
  31 V   0.99133 0.00000 0.00867 0.00000 ( 1)
  32 D   0.99296 0.00000 0.00704 0.00000 ( 1)
  33 K   0.98667 0.00000 0.01333 0.00000 ( 1)
  34 V   0.98901 0.00000 0.01099 0.00000 ( 1)
  35 L   0.08843 0.79531 0.07587 0.04040 ( 2)
  36 P   0.98530 0.00000 0.01470 0.00000 ( 1)
  37 E   0.65776 0.00000 0.34224 0.00000 ( 1)
  38 M   0.99442 0.00000 0.00558 0.00000 ( 1)
  39 L   0.97912 0.00000 0.02088 0.00000 ( 1)
  40 H   0.98773 0.00000 0.01227 0.00000 ( 1)
  41 L   0.99442 0.00000 0.00558 0.00000 ( 1)
  42 I   0.95013 0.00000 0.04987 0.00000 ( 1)
  43 D   0.99288 0.00000 0.00712 0.00000 ( 1)
  44 A   0.98288 0.00000 0.01712 0.00000 ( 1)
  45 H   0.99006 0.00000 0.00994 0.00000 ( 1)
  46 W   0.98542 0.00000 0.01458 0.00000 ( 1)
  47 Y   0.98502 0.00000 0.01498 0.00000 ( 1)
  48 Q   0.98147 0.00000 0.01853 0.00000 ( 1)
  49 F   0.99033 0.00000 0.00967 0.00000 ( 1)
  50 P   0.98347 0.00000 0.01653 0.00000 ( 1)
  51 P   0.98680 0.00000 0.01320 0.00000 ( 1)
  52 M   0.99442 0.00000 0.00558 0.00000 ( 1)
  53 N   0.99272 0.00000 0.00728 0.00000 ( 1)
  54 P   0.98663 0.00000 0.01337 0.00000 ( 1)
  55 L   0.97941 0.00000 0.02059 0.00000 ( 1)
  56 W   0.98542 0.00000 0.01458 0.00000 ( 1)
  57 Y   0.98795 0.00000 0.01205 0.00000 ( 1)
  58 G   0.98170 0.00000 0.01830 0.00000 ( 1)
  59 L   0.98776 0.00000 0.01224 0.00000 ( 1)
  60 L   0.98374 0.00000 0.01626 0.00000 ( 1)
  61 G   0.98731 0.00000 0.01269 0.00000 ( 1)
  62 F   0.99312 0.00000 0.00688 0.00000 ( 1)
  63 T   0.03717 0.00000 0.96283 0.00000 ( 3)
  64 I   0.99068 0.00000 0.00932 0.00000 ( 1)
  65 C   0.99143 0.00000 0.00857 0.00000 ( 1)
  66 I   0.00000 0.97303 0.00000 0.02697 ( 2)
  67 L   0.98853 0.00000 0.01147 0.00000 ( 1)
  68 A   0.98982 0.00000 0.01018 0.00000 ( 1)
  69 F   0.99314 0.00000 0.00686 0.00000 ( 1)
  70 I   0.68404 0.00000 0.31596 0.00000 ( 1)
  71 S   0.98421 0.00000 0.01579 0.00000 ( 1)
  72 V   0.99298 0.00000 0.00702 0.00000 ( 1)
  73 T   0.98467 0.00000 0.01533 0.00000 ( 1)
  74 G   0.99095 0.00000 0.00905 0.00000 ( 1)
  75 N   0.99286 0.00000 0.00714 0.00000 ( 1)
  76 G   0.98158 0.00000 0.01842 0.00000 ( 1)
  77 M   0.99442 0.00000 0.00558 0.00000 ( 1)
  78 V   0.98928 0.00000 0.01072 0.00000 ( 1)
  79 I   0.98851 0.00000 0.01149 0.00000 ( 1)
  80 Y   0.99016 0.00000 0.00984 0.00000 ( 1)
  81 I   0.99134 0.00000 0.00866 0.00000 ( 1)
  82 F   0.99284 0.00000 0.00716 0.00000 ( 1)
  83 S   0.98552 0.00000 0.01448 0.00000 ( 1)
  84 T   0.71973 0.00070 0.27954 0.00004 ( 1)
  85 T   0.98998 0.00000 0.01002 0.00000 ( 1)
  86 K   0.98999 0.00000 0.01001 0.00000 ( 1)
  87 S   0.00000 0.85765 0.00000 0.14235 ( 2)
  88 L   0.98047 0.00000 0.01953 0.00000 ( 1)
  89 K   0.98666 0.00000 0.01334 0.00000 ( 1)
  90 T   0.98475 0.00000 0.01525 0.00000 ( 1)
  91 P   0.98735 0.00000 0.01265 0.00000 ( 1)
  92 S   0.98066 0.00000 0.01934 0.00000 ( 1)
  93 N   0.99279 0.00000 0.00721 0.00000 ( 1)
  94 L   0.98517 0.00000 0.01483 0.00000 ( 1)
  95 L   0.97025 0.00000 0.02975 0.00000 ( 1)
  96 V   0.98716 0.00000 0.01284 0.00000 ( 1)
  97 V   0.98772 0.00000 0.01228 0.00000 ( 1)
  98 N   0.99000 0.00000 0.01000 0.00000 ( 1)
  99 L   0.97931 0.00000 0.02069 0.00000 ( 1)
 100 A   0.98860 0.00000 0.01140 0.00000 ( 1)
 101 F   0.99190 0.00000 0.00810 0.00000 ( 1)
 102 S   0.98664 0.00000 0.01336 0.00000 ( 1)
 103 D   0.99217 0.00000 0.00783 0.00000 ( 1)
 104 F   0.99317 0.00000 0.00683 0.00000 ( 1)
 105 L   0.98195 0.00000 0.01805 0.00000 ( 1)
 106 M   0.99442 0.00000 0.00558 0.00000 ( 1)
 107 M   0.99442 0.00000 0.00558 0.00000 ( 1)
 108 A   0.04821 0.00000 0.95179 0.00000 ( 3)
 109 M   0.00000 0.96193 0.00000 0.03807 ( 2)
 110 M   0.99442 0.00000 0.00558 0.00000 ( 1)
 111 A   0.98691 0.00000 0.01309 0.00000 ( 1)
 112 P   0.98509 0.00000 0.01491 0.00000 ( 1)
 113 P   0.47461 0.07699 0.44504 0.00337 ( 1)
 114 L   0.99442 0.00000 0.00558 0.00000 ( 1)
 115 C   0.98831 0.00000 0.01169 0.00000 ( 1)
 116 I   0.98124 0.00000 0.01876 0.00000 ( 1)
 117 N   0.98940 0.00000 0.01060 0.00000 ( 1)
 118 S   0.98611 0.00000 0.01389 0.00000 ( 1)
 119 Y   0.98988 0.00000 0.01012 0.00000 ( 1)
 120 Y   0.61266 0.00000 0.38734 0.00000 ( 1)
 121 Q   0.98727 0.00000 0.01273 0.00000 ( 1)
 122 T   0.98705 0.00000 0.01295 0.00000 ( 1)
 123 W   0.98542 0.00000 0.01458 0.00000 ( 1)
 124 V   0.98682 0.00000 0.01318 0.00000 ( 1)
 125 F   0.99101 0.00000 0.00899 0.00000 ( 1)
 126 G   0.98332 0.00000 0.01668 0.00000 ( 1)
 127 P   0.98367 0.00000 0.01633 0.00000 ( 1)
 128 V   0.98374 0.00000 0.01626 0.00000 ( 1)
 129 A   0.98858 0.00000 0.01142 0.00000 ( 1)
 130 C   0.98635 0.00000 0.01365 0.00000 ( 1)
 131 Q   0.98727 0.00000 0.01273 0.00000 ( 1)
 132 F   0.98203 0.00000 0.01797 0.00000 ( 1)
 133 Y   0.98912 0.00000 0.01088 0.00000 ( 1)
 134 A   0.98989 0.00000 0.01011 0.00000 ( 1)
 135 C   0.98761 0.00000 0.01239 0.00000 ( 1)
 136 F   0.98287 0.00059 0.01652 0.00002 ( 1)
 137 G   0.98685 0.00000 0.01315 0.00000 ( 1)
 138 S   0.98110 0.00000 0.01890 0.00000 ( 1)
 139 L   0.97943 0.00000 0.02057 0.00000 ( 1)
 140 F   0.99071 0.00000 0.00929 0.00000 ( 1)
 141 G   0.98832 0.00000 0.01168 0.00000 ( 1)
 142 C   0.98916 0.00000 0.01084 0.00000 ( 1)
 143 V   0.98537 0.00000 0.01463 0.00000 ( 1)
 144 S   0.98556 0.00000 0.01444 0.00000 ( 1)
 145 I   0.98986 0.00000 0.01014 0.00000 ( 1)
 146 W   0.98542 0.00000 0.01458 0.00000 ( 1)
 147 T   0.98543 0.00000 0.01457 0.00000 ( 1)
 148 M   0.99442 0.00000 0.00558 0.00000 ( 1)
 149 T   0.98826 0.00000 0.01174 0.00000 ( 1)
 150 A   0.99442 0.00000 0.00558 0.00000 ( 1)
 151 I   0.99176 0.00000 0.00824 0.00000 ( 1)
 152 A   0.99091 0.00000 0.00909 0.00000 ( 1)
 153 F   0.99230 0.00000 0.00770 0.00000 ( 1)
 154 D   0.99200 0.00000 0.00800 0.00000 ( 1)
 155 R   0.97413 0.00000 0.02587 0.00000 ( 1)
 156 Y   0.99016 0.00000 0.00984 0.00000 ( 1)
 157 N   0.98943 0.00000 0.01057 0.00000 ( 1)
 158 V   0.98986 0.00000 0.01014 0.00000 ( 1)
 159 I   0.99285 0.00000 0.00715 0.00000 ( 1)
 160 V   0.98531 0.00000 0.01469 0.00000 ( 1)
 161 K   0.98779 0.00000 0.01221 0.00000 ( 1)
 162 G   0.98729 0.00000 0.01271 0.00000 ( 1)
 163 I   0.99298 0.00000 0.00702 0.00000 ( 1)
 164 A   0.99177 0.00000 0.00823 0.00000 ( 1)
 165 A   0.99159 0.00000 0.00841 0.00000 ( 1)
 166 K   0.98993 0.00000 0.01007 0.00000 ( 1)
 167 P   0.99117 0.00000 0.00883 0.00000 ( 1)
 168 L   0.99442 0.00000 0.00558 0.00000 ( 1)
 169 T   0.99139 0.00000 0.00861 0.00000 ( 1)
 170 V   0.99134 0.00000 0.00866 0.00000 ( 1)
 171 N   0.99272 0.00000 0.00728 0.00000 ( 1)
 172 G   0.98453 0.00000 0.01547 0.00000 ( 1)
 173 A   0.98823 0.00000 0.01177 0.00000 ( 1)
 174 L   0.98157 0.00000 0.01843 0.00000 ( 1)
 175 L   0.98121 0.00000 0.01879 0.00000 ( 1)
 176 Q   0.97513 0.00000 0.02487 0.00000 ( 1)
 177 I   0.99130 0.00000 0.00870 0.00000 ( 1)
 178 F   0.98705 0.00000 0.01295 0.00000 ( 1)
 179 G   0.98475 0.00000 0.01525 0.00000 ( 1)
 180 V   0.99294 0.00000 0.00706 0.00000 ( 1)
 181 W   0.98542 0.00000 0.01458 0.00000 ( 1)
 182 A   0.00000 0.96473 0.00000 0.03527 ( 2)
 183 F   0.99312 0.00000 0.00688 0.00000 ( 1)
 184 S   0.51085 0.00000 0.48915 0.00000 ( 1)
 185 L   0.98736 0.00000 0.01264 0.00000 ( 1)
 186 A   0.98480 0.00001 0.01519 0.00000 ( 1)
 187 W   0.98542 0.00000 0.01458 0.00000 ( 1)
 188 T   0.98813 0.00000 0.01187 0.00000 ( 1)
 189 L   0.98734 0.00000 0.01266 0.00000 ( 1)
 190 A   0.98717 0.00000 0.01283 0.00000 ( 1)
 191 P   0.98287 0.00000 0.01713 0.00000 ( 1)
 192 I   0.99319 0.00000 0.00681 0.00000 ( 1)
 193 F   0.99275 0.00000 0.00725 0.00000 ( 1)
 194 G   0.98947 0.00000 0.01053 0.00000 ( 1)
 195 W   0.98542 0.00000 0.01458 0.00000 ( 1)
 196 S   0.99285 0.00000 0.00715 0.00000 ( 1)
 197 R   0.98802 0.00000 0.01198 0.00000 ( 1)
 198 Y   0.98920 0.00000 0.01080 0.00000 ( 1)
 199 V   0.98860 0.00000 0.01140 0.00000 ( 1)
 200 P   0.98669 0.00000 0.01331 0.00000 ( 1)
 201 E   0.98707 0.00000 0.01293 0.00000 ( 1)
 202 G   0.99008 0.00000 0.00992 0.00000 ( 1)
 203 N   0.99279 0.00000 0.00721 0.00000 ( 1)
 204 M   0.99442 0.00000 0.00558 0.00000 ( 1)
 205 T   0.99088 0.00000 0.00912 0.00000 ( 1)
 206 A   0.99130 0.00000 0.00870 0.00000 ( 1)
 207 C   0.99065 0.00000 0.00935 0.00000 ( 1)
 208 G   0.98159 0.00000 0.01841 0.00000 ( 1)
 209 T   0.98876 0.00000 0.01124 0.00000 ( 1)
 210 D   0.99295 0.00000 0.00705 0.00000 ( 1)
 211 Y   0.98961 0.00000 0.01039 0.00000 ( 1)
 212 L   0.98874 0.00000 0.01126 0.00000 ( 1)
 213 S   0.00000 0.96896 0.00000 0.03104 ( 2)
 214 K   0.98993 0.00000 0.01007 0.00000 ( 1)
 215 D   0.99284 0.00000 0.00716 0.00000 ( 1)
 216 L   0.98542 0.00000 0.01458 0.00000 ( 1)
 217 L   0.00000 0.96064 0.00000 0.03936 ( 2)
 218 S   0.99260 0.00000 0.00740 0.00000 ( 1)
 219 Q   0.98866 0.00000 0.01134 0.00000 ( 1)
 220 I   0.99251 0.00000 0.00749 0.00000 ( 1)
 221 Y   0.99015 0.00000 0.00985 0.00000 ( 1)
 222 I   0.99294 0.00000 0.00706 0.00000 ( 1)
 223 I   0.98967 0.00000 0.01033 0.00000 ( 1)
 224 T   0.98299 0.00000 0.01701 0.00000 ( 1)
 225 Y   0.99010 0.00000 0.00990 0.00000 ( 1)
 226 S   0.98152 0.00000 0.01848 0.00000 ( 1)
 227 I   0.95824 0.00000 0.04176 0.00000 ( 1)
 228 A   0.99275 0.00000 0.00725 0.00000 ( 1)
 229 C   0.98936 0.00000 0.01064 0.00000 ( 1)
 230 Y   0.98885 0.00000 0.01115 0.00000 ( 1)
 231 F   0.62049 0.00000 0.37951 0.00000 ( 1)
 232 L   0.00000 0.97835 0.00000 0.02165 ( 2)
 233 P   0.98692 0.00000 0.01308 0.00000 ( 1)
 234 L   0.98688 0.00000 0.01312 0.00000 ( 1)
 235 A   0.99123 0.00000 0.00877 0.00000 ( 1)
 236 L   0.99111 0.00000 0.00889 0.00000 ( 1)
 237 I   0.99296 0.00000 0.00704 0.00000 ( 1)
 238 V   0.99296 0.00000 0.00704 0.00000 ( 1)
 239 Y   0.99012 0.00000 0.00988 0.00000 ( 1)
 240 S   0.98692 0.00000 0.01308 0.00000 ( 1)
 241 Y   0.99016 0.00000 0.00984 0.00000 ( 1)
 242 F   0.99318 0.00000 0.00682 0.00000 ( 1)
 243 F   0.99314 0.00000 0.00686 0.00000 ( 1)
 244 I   0.99045 0.00000 0.00955 0.00000 ( 1)
 245 V   0.98391 0.00000 0.01609 0.00000 ( 1)
 246 Q   0.98506 0.00000 0.01494 0.00000 ( 1)
 247 A   0.99071 0.00000 0.00929 0.00000 ( 1)
 248 V   0.98540 0.00000 0.01460 0.00000 ( 1)
 249 A   0.98717 0.00000 0.01283 0.00000 ( 1)
 250 A   0.98839 0.00000 0.01161 0.00000 ( 1)
 251 H   0.99109 0.00000 0.00891 0.00000 ( 1)
 252 E   0.98745 0.00000 0.01255 0.00000 ( 1)
 253 K   0.98666 0.00000 0.01334 0.00000 ( 1)
 254 A   0.99174 0.00000 0.00826 0.00000 ( 1)
 255 M   0.99442 0.00000 0.00558 0.00000 ( 1)
 256 R   0.98892 0.00000 0.01108 0.00000 ( 1)
 257 E   0.98727 0.00000 0.01273 0.00000 ( 1)
 258 Q   0.98342 0.00000 0.01658 0.00000 ( 1)
 259 A   0.99039 0.00000 0.00961 0.00000 ( 1)
 260 K   0.98956 0.00000 0.01044 0.00000 ( 1)
 261 K   0.98898 0.00000 0.01102 0.00000 ( 1)
 262 M   0.99442 0.00000 0.00558 0.00000 ( 1)
 263 N   0.99285 0.00000 0.00715 0.00000 ( 1)
 264 V   0.98875 0.00000 0.01125 0.00000 ( 1)
 265 A   0.98811 0.00000 0.01189 0.00000 ( 1)
 266 S   0.98965 0.00000 0.01035 0.00000 ( 1)
 267 L   0.99126 0.00000 0.00874 0.00000 ( 1)
 268 R   0.97566 0.00000 0.02434 0.00000 ( 1)
 269 S   0.98125 0.00000 0.01875 0.00000 ( 1)
 270 S   0.98633 0.00000 0.01367 0.00000 ( 1)
 271 E   0.98748 0.00000 0.01252 0.00000 ( 1)
 272 Q   0.98812 0.00000 0.01188 0.00000 ( 1)
 273 A   0.98823 0.00000 0.01177 0.00000 ( 1)
 274 N   0.99280 0.00000 0.00720 0.00000 ( 1)
 275 T   0.99201 0.00000 0.00799 0.00000 ( 1)
 276 S   0.99128 0.00000 0.00872 0.00000 ( 1)
 277 A   0.98991 0.00000 0.01009 0.00000 ( 1)
 278 E   0.98724 0.00000 0.01276 0.00000 ( 1)
 279 C   0.99076 0.00000 0.00924 0.00000 ( 1)
 280 K   0.98667 0.00000 0.01333 0.00000 ( 1)
 281 L   0.97948 0.00000 0.02052 0.00000 ( 1)
 282 A   0.98871 0.00000 0.01129 0.00000 ( 1)
 283 K   0.98915 0.00000 0.01085 0.00000 ( 1)
 284 V   0.98658 0.00000 0.01342 0.00000 ( 1)
 285 A   0.98878 0.00000 0.01122 0.00000 ( 1)
 286 L   0.98358 0.00000 0.01642 0.00000 ( 1)
 287 M   0.99442 0.00000 0.00558 0.00000 ( 1)
 288 T   0.99207 0.00000 0.00793 0.00000 ( 1)
 289 I   0.99057 0.00000 0.00943 0.00000 ( 1)
 290 S   0.98927 0.00000 0.01073 0.00000 ( 1)
 291 L   0.97948 0.00000 0.02052 0.00000 ( 1)
 292 W   0.98542 0.00000 0.01458 0.00000 ( 1)
 293 F   0.99318 0.00000 0.00682 0.00000 ( 1)
 294 M   0.99442 0.00000 0.00558 0.00000 ( 1)
 295 A   0.98799 0.00000 0.01201 0.00000 ( 1)
 296 W   0.98542 0.00000 0.01458 0.00000 ( 1)
 297 T   0.98897 0.00000 0.01103 0.00000 ( 1)
 298 P   0.98321 0.00000 0.01679 0.00000 ( 1)
 299 Y   0.99007 0.00000 0.00993 0.00000 ( 1)
 300 L   0.98157 0.00000 0.01843 0.00000 ( 1)
 301 V   0.98892 0.00000 0.01108 0.00000 ( 1)
 302 I   0.99304 0.00000 0.00696 0.00000 ( 1)
 303 N   0.99280 0.00000 0.00720 0.00000 ( 1)
 304 F   0.99016 0.00000 0.00984 0.00000 ( 1)
 305 A   0.98930 0.00000 0.01070 0.00000 ( 1)
 306 G   0.98521 0.00000 0.01479 0.00000 ( 1)
 307 V   0.98689 0.00000 0.01311 0.00000 ( 1)
 308 F   0.99297 0.00000 0.00703 0.00000 ( 1)
 309 E   0.99036 0.00000 0.00964 0.00000 ( 1)
 310 T   0.99260 0.00000 0.00740 0.00000 ( 1)
 311 A   0.98746 0.00000 0.01254 0.00000 ( 1)
 312 P   0.99090 0.00000 0.00910 0.00000 ( 1)
 313 I   0.99243 0.00000 0.00757 0.00000 ( 1)
 314 S   0.99214 0.00000 0.00786 0.00000 ( 1)
 315 P   0.98719 0.00000 0.01281 0.00000 ( 1)
 316 L   0.98884 0.00000 0.01116 0.00000 ( 1)
 317 S   0.99176 0.00000 0.00824 0.00000 ( 1)
 318 T   0.98854 0.00000 0.01146 0.00000 ( 1)
 319 I   0.99270 0.00000 0.00730 0.00000 ( 1)
 320 W   0.98542 0.00000 0.01458 0.00000 ( 1)
 321 G   0.99108 0.00000 0.00892 0.00000 ( 1)
 322 S   0.98531 0.00000 0.01469 0.00000 ( 1)
 323 V   0.59918 0.00000 0.40082 0.00000 ( 1)
 324 F   0.99305 0.00000 0.00695 0.00000 ( 1)
 325 A   0.99177 0.00000 0.00823 0.00000 ( 1)
 326 K   0.98989 0.00000 0.01011 0.00000 ( 1)
 327 A   0.98858 0.00000 0.01142 0.00000 ( 1)
 328 N   0.98951 0.00000 0.01049 0.00000 ( 1)
 329 A   0.98864 0.00000 0.01136 0.00000 ( 1)
 330 V   0.98842 0.00000 0.01158 0.00000 ( 1)
 331 Y   0.99015 0.00000 0.00985 0.00000 ( 1)
 332 N   0.99122 0.00000 0.00878 0.00000 ( 1)
 333 P   0.98902 0.00000 0.01098 0.00000 ( 1)
 334 I   0.99043 0.00000 0.00957 0.00000 ( 1)
 335 V   0.98488 0.00000 0.01512 0.00000 ( 1)
 336 Y   0.98542 0.00000 0.01458 0.00000 ( 1)
 337 G   0.98772 0.00000 0.01228 0.00000 ( 1)
 338 I   0.99299 0.00000 0.00701 0.00000 ( 1)
 339 S   0.99250 0.00000 0.00750 0.00000 ( 1)
 340 H   0.98667 0.00000 0.01333 0.00000 ( 1)
 341 P   0.98668 0.00000 0.01332 0.00000 ( 1)
 342 K   0.98666 0.00000 0.01334 0.00000 ( 1)
 343 Y   0.99016 0.00000 0.00984 0.00000 ( 1)
 344 R   0.97204 0.00000 0.02796 0.00000 ( 1)
 345 A   0.98892 0.00000 0.01108 0.00000 ( 1)
 346 A   0.99000 0.00000 0.01000 0.00000 ( 1)
 347 L   0.98406 0.00000 0.01594 0.00000 ( 1)
 348 Y   0.99016 0.00000 0.00984 0.00000 ( 1)
 349 Q   0.98289 0.00000 0.01711 0.00000 ( 1)
 350 R   0.98951 0.00000 0.01049 0.00000 ( 1)
 351 F   0.99319 0.00000 0.00681 0.00000 ( 1)
 352 P   0.98609 0.00000 0.01391 0.00000 ( 1)
 353 S   0.98655 0.00000 0.01345 0.00000 ( 1)
 354 L   0.98357 0.00000 0.01643 0.00000 ( 1)
 355 A   0.98656 0.00000 0.01344 0.00000 ( 1)
 356 C   0.99076 0.00000 0.00924 0.00000 ( 1)
 357 Q   0.98331 0.00000 0.01669 0.00000 ( 1)
 358 P   0.55467 0.05862 0.38399 0.00272 ( 1)
 359 S   0.01380 0.00000 0.98620 0.00000 ( 3)
 360 P   0.99068 0.00000 0.00932 0.00000 ( 1)
 361 E   0.98908 0.00000 0.01092 0.00000 ( 1)
 362 E   0.62573 0.00000 0.37427 0.00000 ( 1)
 363 T   0.00000 0.97302 0.00000 0.02698 ( 2)
 364 G   0.99117 0.00000 0.00883 0.00000 ( 1)
 365 S   0.99059 0.00000 0.00941 0.00000 ( 1)
 366 V   0.98893 0.00000 0.01107 0.00000 ( 1)
 367 A   0.99076 0.00000 0.00924 0.00000 ( 1)
 368 S   0.99054 0.00000 0.00946 0.00000 ( 1)
 369 A   0.95806 0.00000 0.04194 0.00000 ( 1)
 370 A   0.79128 0.00000 0.20872 0.00000 ( 1)
 371 T   0.99126 0.00000 0.00874 0.00000 ( 1)
 372 A   0.70313 0.00000 0.29687 0.00000 ( 1)
 373 C   0.69772 0.00000 0.30228 0.00000 ( 1)
 374 T   0.60751 0.00000 0.39249 0.00000 ( 1)
 375 E   0.99022 0.00000 0.00978 0.00000 ( 1)
 376 E   0.99036 0.00000 0.00964 0.00000 ( 1)
 377 K   0.98998 0.00000 0.01002 0.00000 ( 1)
 378 P   0.98793 0.00000 0.01207 0.00000 ( 1)
 379 S   0.55620 0.00000 0.44380 0.00000 ( 1)
 380 A   0.98897 0.00000 0.01103 0.00000 ( 1)


lnL = -69098.076807

Bayes Empirical Bayes (BEB) probabilities for 4 classes (class)
(amino acids refer to 1st sequence: ColCroc|LWS3)

   1 M   0.99710 0.00000 0.00290 0.00000 ( 1)
   2 A   0.82467 0.00000 0.17532 0.00000 ( 1)
   3 T   0.00000 0.95314 0.00000 0.04686 ( 2)
   4 S   0.99643 0.00000 0.00357 0.00000 ( 1)
   5 M   0.99467 0.00000 0.00533 0.00000 ( 1)
   6 D   0.99609 0.00000 0.00391 0.00000 ( 1)
   7 P   0.99239 0.00000 0.00761 0.00000 ( 1)
   8 A   0.99087 0.00000 0.00913 0.00000 ( 1)
   9 P   0.99144 0.00000 0.00856 0.00000 ( 1)
  10 G   0.99547 0.00000 0.00453 0.00000 ( 1)
  11 V   0.00000 0.96796 0.00000 0.03204 ( 2)
  12 A   0.99229 0.00000 0.00771 0.00000 ( 1)
  13 A   0.99374 0.00000 0.00626 0.00000 ( 1)
  14 M   0.72962 0.00000 0.27038 0.00000 ( 1)
  15 Q   0.58750 0.00000 0.41250 0.00000 ( 1)
  16 T   0.99191 0.00000 0.00809 0.00000 ( 1)
  17 W   0.99348 0.00000 0.00652 0.00000 ( 1)
  18 G   0.99591 0.00000 0.00409 0.00000 ( 1)
  19 G   0.99423 0.00000 0.00577 0.00000 ( 1)
  20 H   0.99127 0.00000 0.00873 0.00000 ( 1)
  21 A   0.40023 0.00000 0.59977 0.00000 ( 3)
  22 E   0.99346 0.00000 0.00654 0.00000 ( 1)
  23 A   0.99378 0.00000 0.00622 0.00000 ( 1)
  24 Y   0.99538 0.00000 0.00462 0.00000 ( 1)
  25 S   0.99591 0.00000 0.00409 0.00000 ( 1)
  26 A   0.99509 0.00000 0.00491 0.00000 ( 1)
  27 N   0.99608 0.00000 0.00392 0.00000 ( 1)
  28 Q   0.99324 0.00000 0.00676 0.00000 ( 1)
  29 T   0.99495 0.00000 0.00505 0.00000 ( 1)
  30 V   0.99405 0.00000 0.00595 0.00000 ( 1)
  31 V   0.99476 0.00000 0.00524 0.00000 ( 1)
  32 D   0.99638 0.00000 0.00362 0.00000 ( 1)
  33 K   0.99400 0.00000 0.00600 0.00000 ( 1)
  34 V   0.99377 0.00000 0.00623 0.00000 ( 1)
  35 L   0.62718 0.03416 0.33730 0.00136 ( 1)
  36 P   0.99263 0.00000 0.00737 0.00000 ( 1)
  37 E   0.80126 0.00000 0.19874 0.00000 ( 1)
  38 M   0.99710 0.00000 0.00290 0.00000 ( 1)
  39 L   0.98835 0.00000 0.01165 0.00000 ( 1)
  40 H   0.99386 0.00000 0.00614 0.00000 ( 1)
  41 L   0.99710 0.00000 0.00290 0.00000 ( 1)
  42 I   0.96545 0.00000 0.03455 0.00000 ( 1)
  43 D   0.99633 0.00000 0.00367 0.00000 ( 1)
  44 A   0.99144 0.00000 0.00856 0.00000 ( 1)
  45 H   0.99545 0.00000 0.00455 0.00000 ( 1)
  46 W   0.99348 0.00000 0.00652 0.00000 ( 1)
  47 Y   0.99288 0.00000 0.00712 0.00000 ( 1)
  48 Q   0.99008 0.00000 0.00992 0.00000 ( 1)
  49 F   0.99520 0.00000 0.00480 0.00000 ( 1)
  50 P   0.99171 0.00000 0.00829 0.00000 ( 1)
  51 P   0.99342 0.00000 0.00658 0.00000 ( 1)
  52 M   0.99710 0.00000 0.00290 0.00000 ( 1)
  53 N   0.99637 0.00000 0.00363 0.00000 ( 1)
  54 P   0.99363 0.00000 0.00637 0.00000 ( 1)
  55 L   0.98894 0.00000 0.01106 0.00000 ( 1)
  56 W   0.99348 0.00000 0.00652 0.00000 ( 1)
  57 Y   0.99427 0.00000 0.00573 0.00000 ( 1)
  58 G   0.99089 0.00000 0.00911 0.00000 ( 1)
  59 L   0.99398 0.00000 0.00602 0.00000 ( 1)
  60 L   0.99147 0.00000 0.00853 0.00000 ( 1)
  61 G   0.99400 0.00000 0.00600 0.00000 ( 1)
  62 F   0.99620 0.00000 0.00380 0.00000 ( 1)
  63 T   0.05691 0.00000 0.94309 0.00000 ( 3)
  64 I   0.99499 0.00000 0.00501 0.00000 ( 1)
  65 C   0.99591 0.00000 0.00409 0.00000 ( 1)
  66 I   0.00000 0.98274 0.00000 0.01726 ( 2)
  67 L   0.99378 0.00000 0.00622 0.00000 ( 1)
  68 A   0.99499 0.00000 0.00501 0.00000 ( 1)
  69 F   0.99621 0.00000 0.00379 0.00000 ( 1)
  70 I   0.78229 0.00000 0.21771 0.00000 ( 1)
  71 S   0.99160 0.00000 0.00840 0.00000 ( 1)
  72 V   0.99589 0.00000 0.00411 0.00000 ( 1)
  73 T   0.99115 0.00000 0.00885 0.00000 ( 1)
  74 G   0.99563 0.00000 0.00437 0.00000 ( 1)
  75 N   0.99646 0.00000 0.00354 0.00000 ( 1)
  76 G   0.99085 0.00000 0.00915 0.00000 ( 1)
  77 M   0.99710 0.00000 0.00290 0.00000 ( 1)
  78 V   0.99388 0.00000 0.00612 0.00000 ( 1)
  79 I   0.99283 0.00000 0.00717 0.00000 ( 1)
  80 Y   0.99538 0.00000 0.00462 0.00000 ( 1)
  81 I   0.99493 0.00000 0.00507 0.00000 ( 1)
  82 F   0.99603 0.00000 0.00397 0.00000 ( 1)
  83 S   0.99249 0.00000 0.00751 0.00000 ( 1)
  84 T   0.78053 0.00001 0.21947 0.00000 ( 1)
  85 T   0.99426 0.00000 0.00574 0.00000 ( 1)
  86 K   0.99551 0.00000 0.00449 0.00000 ( 1)
  87 S   0.00000 0.69143 0.00000 0.30857 ( 2)
  88 L   0.98779 0.00000 0.01221 0.00000 ( 1)
  89 K   0.99391 0.00000 0.00609 0.00000 ( 1)
  90 T   0.99223 0.00000 0.00777 0.00000 ( 1)
  91 P   0.99327 0.00000 0.00673 0.00000 ( 1)
  92 S   0.98978 0.00000 0.01022 0.00000 ( 1)
  93 N   0.99642 0.00000 0.00358 0.00000 ( 1)
  94 L   0.99185 0.00000 0.00815 0.00000 ( 1)
  95 L   0.97632 0.00000 0.02368 0.00000 ( 1)
  96 V   0.99255 0.00000 0.00745 0.00000 ( 1)
  97 V   0.99252 0.00000 0.00748 0.00000 ( 1)
  98 N   0.99464 0.00000 0.00536 0.00000 ( 1)
  99 L   0.98887 0.00000 0.01113 0.00000 ( 1)
 100 A   0.99381 0.00000 0.00619 0.00000 ( 1)
 101 F   0.99545 0.00000 0.00455 0.00000 ( 1)
 102 S   0.99317 0.00000 0.00683 0.00000 ( 1)
 103 D   0.99588 0.00000 0.00412 0.00000 ( 1)
 104 F   0.99624 0.00000 0.00376 0.00000 ( 1)
 105 L   0.99038 0.00000 0.00962 0.00000 ( 1)
 106 M   0.99710 0.00000 0.00290 0.00000 ( 1)
 107 M   0.99710 0.00000 0.00290 0.00000 ( 1)
 108 A   0.06280 0.00000 0.93720 0.00000 ( 3)
 109 M   0.00000 0.96645 0.00000 0.03355 ( 2)
 110 M   0.99710 0.00000 0.00290 0.00000 ( 1)
 111 A   0.99347 0.00000 0.00653 0.00000 ( 1)
 112 P   0.99241 0.00000 0.00759 0.00000 ( 1)
 113 P   0.61264 0.00038 0.38697 0.00001 ( 1)
 114 L   0.99710 0.00000 0.00290 0.00000 ( 1)
 115 C   0.99346 0.00000 0.00654 0.00000 ( 1)
 116 I   0.98670 0.00000 0.01330 0.00000 ( 1)
 117 N   0.99503 0.00000 0.00497 0.00000 ( 1)
 118 S   0.99361 0.00000 0.00639 0.00000 ( 1)
 119 Y   0.99523 0.00000 0.00477 0.00000 ( 1)
 120 Y   0.73931 0.00000 0.26069 0.00000 ( 1)
 121 Q   0.99421 0.00000 0.00579 0.00000 ( 1)
 122 T   0.99253 0.00000 0.00747 0.00000 ( 1)
 123 W   0.99348 0.00000 0.00652 0.00000 ( 1)
 124 V   0.99236 0.00000 0.00764 0.00000 ( 1)
 125 F   0.99494 0.00000 0.00506 0.00000 ( 1)
 126 G   0.99097 0.00000 0.00903 0.00000 ( 1)
 127 P   0.99184 0.00000 0.00816 0.00000 ( 1)
 128 V   0.99148 0.00000 0.00852 0.00000 ( 1)
 129 A   0.99349 0.00000 0.00651 0.00000 ( 1)
 130 C   0.99374 0.00000 0.00626 0.00000 ( 1)
 131 Q   0.99420 0.00000 0.00580 0.00000 ( 1)
 132 F   0.99005 0.00000 0.00995 0.00000 ( 1)
 133 Y   0.99484 0.00000 0.00516 0.00000 ( 1)
 134 A   0.99413 0.00000 0.00587 0.00000 ( 1)
 135 C   0.99388 0.00000 0.00612 0.00000 ( 1)
 136 F   0.98816 0.00000 0.01184 0.00000 ( 1)
 137 G   0.99249 0.00000 0.00751 0.00000 ( 1)
 138 S   0.99001 0.00000 0.00999 0.00000 ( 1)
 139 L   0.98844 0.00000 0.01156 0.00000 ( 1)
 140 F   0.99499 0.00000 0.00501 0.00000 ( 1)
 141 G   0.99414 0.00000 0.00586 0.00000 ( 1)
 142 C   0.99483 0.00000 0.00517 0.00000 ( 1)
 143 V   0.99145 0.00000 0.00855 0.00000 ( 1)
 144 S   0.99225 0.00000 0.00775 0.00000 ( 1)
 145 I   0.99437 0.00000 0.00563 0.00000 ( 1)
 146 W   0.99348 0.00000 0.00652 0.00000 ( 1)
 147 T   0.99246 0.00000 0.00754 0.00000 ( 1)
 148 M   0.99710 0.00000 0.00290 0.00000 ( 1)
 149 T   0.99374 0.00000 0.00626 0.00000 ( 1)
 150 A   0.99710 0.00000 0.00290 0.00000 ( 1)
 151 I   0.99536 0.00000 0.00464 0.00000 ( 1)
 152 A   0.99478 0.00000 0.00522 0.00000 ( 1)
 153 F   0.99576 0.00000 0.00424 0.00000 ( 1)
 154 D   0.99586 0.00000 0.00414 0.00000 ( 1)
 155 R   0.98500 0.00000 0.01500 0.00000 ( 1)
 156 Y   0.99538 0.00000 0.00462 0.00000 ( 1)
 157 N   0.99503 0.00000 0.00497 0.00000 ( 1)
 158 V   0.99377 0.00000 0.00623 0.00000 ( 1)
 159 I   0.99578 0.00000 0.00422 0.00000 ( 1)
 160 V   0.99204 0.00000 0.00796 0.00000 ( 1)
 161 K   0.99437 0.00000 0.00563 0.00000 ( 1)
 162 G   0.99399 0.00000 0.00601 0.00000 ( 1)
 163 I   0.99588 0.00000 0.00412 0.00000 ( 1)
 164 A   0.99517 0.00000 0.00483 0.00000 ( 1)
 165 A   0.99508 0.00000 0.00492 0.00000 ( 1)
 166 K   0.99547 0.00000 0.00453 0.00000 ( 1)
 167 P   0.99567 0.00000 0.00433 0.00000 ( 1)
 168 L   0.99710 0.00000 0.00290 0.00000 ( 1)
 169 T   0.99496 0.00000 0.00504 0.00000 ( 1)
 170 V   0.99530 0.00000 0.00470 0.00000 ( 1)
 171 N   0.99637 0.00000 0.00363 0.00000 ( 1)
 172 G   0.99124 0.00000 0.00876 0.00000 ( 1)
 173 A   0.99356 0.00000 0.00644 0.00000 ( 1)
 174 L   0.99012 0.00000 0.00988 0.00000 ( 1)
 175 L   0.98899 0.00000 0.01101 0.00000 ( 1)
 176 Q   0.98570 0.00000 0.01430 0.00000 ( 1)
 177 I   0.99519 0.00000 0.00481 0.00000 ( 1)
 178 F   0.99379 0.00000 0.00621 0.00000 ( 1)
 179 G   0.99163 0.00000 0.00837 0.00000 ( 1)
 180 V   0.99587 0.00000 0.00413 0.00000 ( 1)
 181 W   0.99348 0.00000 0.00652 0.00000 ( 1)
 182 A   0.00000 0.97355 0.00000 0.02645 ( 2)
 183 F   0.99621 0.00000 0.00379 0.00000 ( 1)
 184 S   0.58252 0.00000 0.41748 0.00000 ( 1)
 185 L   0.99398 0.00000 0.00602 0.00000 ( 1)
 186 A   0.99193 0.00000 0.00807 0.00000 ( 1)
 187 W   0.99348 0.00000 0.00652 0.00000 ( 1)
 188 T   0.99376 0.00000 0.00624 0.00000 ( 1)
 189 L   0.99397 0.00000 0.00603 0.00000 ( 1)
 190 A   0.99270 0.00000 0.00730 0.00000 ( 1)
 191 P   0.99143 0.00000 0.00857 0.00000 ( 1)
 192 I   0.99625 0.00000 0.00375 0.00000 ( 1)
 193 F   0.99597 0.00000 0.00403 0.00000 ( 1)
 194 G   0.99434 0.00000 0.00566 0.00000 ( 1)
 195 W   0.99348 0.00000 0.00652 0.00000 ( 1)
 196 S   0.99646 0.00000 0.00354 0.00000 ( 1)
 197 R   0.99454 0.00000 0.00546 0.00000 ( 1)
 198 Y   0.99488 0.00000 0.00512 0.00000 ( 1)
 199 V   0.99371 0.00000 0.00629 0.00000 ( 1)
 200 P   0.99362 0.00000 0.00638 0.00000 ( 1)
 201 E   0.99314 0.00000 0.00686 0.00000 ( 1)
 202 G   0.99524 0.00000 0.00476 0.00000 ( 1)
 203 N   0.99642 0.00000 0.00358 0.00000 ( 1)
 204 M   0.99710 0.00000 0.00290 0.00000 ( 1)
 205 T   0.99497 0.00000 0.00503 0.00000 ( 1)
 206 A   0.99494 0.00000 0.00506 0.00000 ( 1)
 207 C   0.99579 0.00000 0.00421 0.00000 ( 1)
 208 G   0.99085 0.00000 0.00915 0.00000 ( 1)
 209 T   0.99410 0.00000 0.00590 0.00000 ( 1)
 210 D   0.99637 0.00000 0.00363 0.00000 ( 1)
 211 Y   0.99508 0.00000 0.00492 0.00000 ( 1)
 212 L   0.99458 0.00000 0.00542 0.00000 ( 1)
 213 S   0.00000 0.98044 0.00000 0.01956 ( 2)
 214 K   0.99547 0.00000 0.00453 0.00000 ( 1)
 215 D   0.99630 0.00000 0.00370 0.00000 ( 1)
 216 L   0.99348 0.00000 0.00652 0.00000 ( 1)
 217 L   0.00000 0.96874 0.00000 0.03126 ( 2)
 218 S   0.99659 0.00000 0.00341 0.00000 ( 1)
 219 Q   0.99508 0.00000 0.00492 0.00000 ( 1)
 220 I   0.99653 0.00000 0.00347 0.00000 ( 1)
 221 Y   0.99538 0.00000 0.00462 0.00000 ( 1)
 222 I   0.99586 0.00000 0.00414 0.00000 ( 1)
 223 I   0.99420 0.00000 0.00580 0.00000 ( 1)
 224 T   0.98799 0.00000 0.01201 0.00000 ( 1)
 225 Y   0.99536 0.00000 0.00464 0.00000 ( 1)
 226 S   0.99021 0.00000 0.00979 0.00000 ( 1)
 227 I   0.97205 0.00000 0.02795 0.00000 ( 1)
 228 A   0.99597 0.00000 0.00403 0.00000 ( 1)
 229 C   0.99310 0.00000 0.00690 0.00000 ( 1)
 230 Y   0.99465 0.00000 0.00535 0.00000 ( 1)
 231 F   0.73355 0.00000 0.26645 0.00000 ( 1)
 232 L   0.00000 0.98698 0.00000 0.01302 ( 2)
 233 P   0.99371 0.00000 0.00629 0.00000 ( 1)
 234 L   0.99341 0.00000 0.00659 0.00000 ( 1)
 235 A   0.99546 0.00000 0.00454 0.00000 ( 1)
 236 L   0.99551 0.00000 0.00449 0.00000 ( 1)
 237 I   0.99587 0.00000 0.00413 0.00000 ( 1)
 238 V   0.99587 0.00000 0.00413 0.00000 ( 1)
 239 Y   0.99536 0.00000 0.00464 0.00000 ( 1)
 240 S   0.99328 0.00000 0.00672 0.00000 ( 1)
 241 Y   0.99538 0.00000 0.00462 0.00000 ( 1)
 242 F   0.99624 0.00000 0.00376 0.00000 ( 1)
 243 F   0.99621 0.00000 0.00379 0.00000 ( 1)
 244 I   0.99491 0.00000 0.00509 0.00000 ( 1)
 245 V   0.99021 0.00000 0.00979 0.00000 ( 1)
 246 Q   0.99324 0.00000 0.00676 0.00000 ( 1)
 247 A   0.99467 0.00000 0.00533 0.00000 ( 1)
 248 V   0.99209 0.00000 0.00791 0.00000 ( 1)
 249 A   0.99271 0.00000 0.00729 0.00000 ( 1)
 250 A   0.99370 0.00000 0.00630 0.00000 ( 1)
 251 H   0.99603 0.00000 0.00397 0.00000 ( 1)
 252 E   0.99417 0.00000 0.00583 0.00000 ( 1)
 253 K   0.99384 0.00000 0.00616 0.00000 ( 1)
 254 A   0.99515 0.00000 0.00485 0.00000 ( 1)
 255 M   0.99710 0.00000 0.00290 0.00000 ( 1)
 256 R   0.99497 0.00000 0.00503 0.00000 ( 1)
 257 E   0.99421 0.00000 0.00579 0.00000 ( 1)
 258 Q   0.99179 0.00000 0.00821 0.00000 ( 1)
 259 A   0.99455 0.00000 0.00545 0.00000 ( 1)
 260 K   0.99517 0.00000 0.00483 0.00000 ( 1)
 261 K   0.99471 0.00000 0.00529 0.00000 ( 1)
 262 M   0.99710 0.00000 0.00290 0.00000 ( 1)
 263 N   0.99645 0.00000 0.00355 0.00000 ( 1)
 264 V   0.99360 0.00000 0.00640 0.00000 ( 1)
 265 A   0.99359 0.00000 0.00641 0.00000 ( 1)
 266 S   0.99456 0.00000 0.00544 0.00000 ( 1)
 267 L   0.99558 0.00000 0.00442 0.00000 ( 1)
 268 R   0.98073 0.00000 0.01927 0.00000 ( 1)
 269 S   0.99003 0.00000 0.00997 0.00000 ( 1)
 270 S   0.99253 0.00000 0.00747 0.00000 ( 1)
 271 E   0.99413 0.00000 0.00587 0.00000 ( 1)
 272 Q   0.99339 0.00000 0.00661 0.00000 ( 1)
 273 A   0.99323 0.00000 0.00677 0.00000 ( 1)
 274 N   0.99642 0.00000 0.00358 0.00000 ( 1)
 275 T   0.99549 0.00000 0.00451 0.00000 ( 1)
 276 S   0.99592 0.00000 0.00408 0.00000 ( 1)
 277 A   0.99435 0.00000 0.00565 0.00000 ( 1)
 278 E   0.99403 0.00000 0.00597 0.00000 ( 1)
 279 C   0.99586 0.00000 0.00414 0.00000 ( 1)
 280 K   0.99403 0.00000 0.00597 0.00000 ( 1)
 281 L   0.98895 0.00000 0.01105 0.00000 ( 1)
 282 A   0.99381 0.00000 0.00619 0.00000 ( 1)
 283 K   0.99492 0.00000 0.00508 0.00000 ( 1)
 284 V   0.99216 0.00000 0.00784 0.00000 ( 1)
 285 A   0.99367 0.00000 0.00633 0.00000 ( 1)
 286 L   0.99122 0.00000 0.00878 0.00000 ( 1)
 287 M   0.99710 0.00000 0.00290 0.00000 ( 1)
 288 T   0.99552 0.00000 0.00448 0.00000 ( 1)
 289 I   0.99441 0.00000 0.00559 0.00000 ( 1)
 290 S   0.99436 0.00000 0.00564 0.00000 ( 1)
 291 L   0.98894 0.00000 0.01106 0.00000 ( 1)
 292 W   0.99348 0.00000 0.00652 0.00000 ( 1)
 293 F   0.99624 0.00000 0.00376 0.00000 ( 1)
 294 M   0.99710 0.00000 0.00290 0.00000 ( 1)
 295 A   0.99335 0.00000 0.00665 0.00000 ( 1)
 296 W   0.99348 0.00000 0.00652 0.00000 ( 1)
 297 T   0.99392 0.00000 0.00608 0.00000 ( 1)
 298 P   0.99159 0.00000 0.00841 0.00000 ( 1)
 299 Y   0.99534 0.00000 0.00466 0.00000 ( 1)
 300 L   0.99009 0.00000 0.00991 0.00000 ( 1)
 301 V   0.99395 0.00000 0.00605 0.00000 ( 1)
 302 I   0.99592 0.00000 0.00408 0.00000 ( 1)
 303 N   0.99642 0.00000 0.00358 0.00000 ( 1)
 304 F   0.99538 0.00000 0.00462 0.00000 ( 1)
 305 A   0.99373 0.00000 0.00627 0.00000 ( 1)
 306 G   0.99188 0.00000 0.00812 0.00000 ( 1)
 307 V   0.99256 0.00000 0.00744 0.00000 ( 1)
 308 F   0.99611 0.00000 0.00389 0.00000 ( 1)
 309 E   0.99553 0.00000 0.00447 0.00000 ( 1)
 310 T   0.99659 0.00000 0.00341 0.00000 ( 1)
 311 A   0.99300 0.00000 0.00700 0.00000 ( 1)
 312 P   0.99554 0.00000 0.00446 0.00000 ( 1)
 313 I   0.99559 0.00000 0.00441 0.00000 ( 1)
 314 S   0.99631 0.00000 0.00369 0.00000 ( 1)
 315 P   0.99331 0.00000 0.00669 0.00000 ( 1)
 316 L   0.99361 0.00000 0.00639 0.00000 ( 1)
 317 S   0.99516 0.00000 0.00484 0.00000 ( 1)
 318 T   0.99360 0.00000 0.00640 0.00000 ( 1)
 319 I   0.99574 0.00000 0.00426 0.00000 ( 1)
 320 W   0.99348 0.00000 0.00652 0.00000 ( 1)
 321 G   0.99558 0.00000 0.00442 0.00000 ( 1)
 322 S   0.99231 0.00000 0.00769 0.00000 ( 1)
 323 V   0.70246 0.00000 0.29754 0.00000 ( 1)
 324 F   0.99616 0.00000 0.00384 0.00000 ( 1)
 325 A   0.99516 0.00000 0.00484 0.00000 ( 1)
 326 K   0.99543 0.00000 0.00457 0.00000 ( 1)
 327 A   0.99377 0.00000 0.00623 0.00000 ( 1)
 328 N   0.99499 0.00000 0.00501 0.00000 ( 1)
 329 A   0.99379 0.00000 0.00621 0.00000 ( 1)
 330 V   0.99277 0.00000 0.00723 0.00000 ( 1)
 331 Y   0.99538 0.00000 0.00462 0.00000 ( 1)
 332 N   0.99540 0.00000 0.00460 0.00000 ( 1)
 333 P   0.99455 0.00000 0.00545 0.00000 ( 1)
 334 I   0.99491 0.00000 0.00509 0.00000 ( 1)
 335 V   0.99193 0.00000 0.00807 0.00000 ( 1)
 336 Y   0.99305 0.00000 0.00695 0.00000 ( 1)
 337 G   0.99370 0.00000 0.00630 0.00000 ( 1)
 338 I   0.99589 0.00000 0.00411 0.00000 ( 1)
 339 S   0.99653 0.00000 0.00347 0.00000 ( 1)
 340 H   0.99392 0.00000 0.00608 0.00000 ( 1)
 341 P   0.99369 0.00000 0.00631 0.00000 ( 1)
 342 K   0.99391 0.00000 0.00609 0.00000 ( 1)
 343 Y   0.99538 0.00000 0.00462 0.00000 ( 1)
 344 R   0.98306 0.00000 0.01694 0.00000 ( 1)
 345 A   0.99399 0.00000 0.00601 0.00000 ( 1)
 346 A   0.99369 0.00000 0.00631 0.00000 ( 1)
 347 L   0.99186 0.00000 0.00814 0.00000 ( 1)
 348 Y   0.99538 0.00000 0.00462 0.00000 ( 1)
 349 Q   0.99153 0.00000 0.00847 0.00000 ( 1)
 350 R   0.99543 0.00000 0.00457 0.00000 ( 1)
 351 F   0.99625 0.00000 0.00375 0.00000 ( 1)
 352 P   0.99317 0.00000 0.00683 0.00000 ( 1)
 353 S   0.99317 0.00000 0.00683 0.00000 ( 1)
 354 L   0.99177 0.00000 0.00823 0.00000 ( 1)
 355 A   0.99330 0.00000 0.00670 0.00000 ( 1)
 356 C   0.99586 0.00000 0.00414 0.00000 ( 1)
 357 Q   0.99199 0.00000 0.00801 0.00000 ( 1)
 358 P   0.68858 0.00024 0.31117 0.00001 ( 1)
 359 S   0.01558 0.00000 0.98442 0.00000 ( 3)
 360 P   0.99538 0.00000 0.00462 0.00000 ( 1)
 361 E   0.99402 0.00000 0.00598 0.00000 ( 1)
 362 E   0.75200 0.00000 0.24800 0.00000 ( 1)
 363 T   0.00000 0.98293 0.00000 0.01707 ( 2)
 364 G   0.99566 0.00000 0.00434 0.00000 ( 1)
 365 S   0.99493 0.00000 0.00507 0.00000 ( 1)
 366 V   0.99399 0.00000 0.00601 0.00000 ( 1)
 367 A   0.99460 0.00000 0.00540 0.00000 ( 1)
 368 S   0.99484 0.00000 0.00516 0.00000 ( 1)
 369 A   0.96784 0.00000 0.03216 0.00000 ( 1)
 370 A   0.87390 0.00000 0.12610 0.00000 ( 1)
 371 T   0.99509 0.00000 0.00491 0.00000 ( 1)
 372 A   0.81000 0.00000 0.19000 0.00000 ( 1)
 373 C   0.80239 0.00000 0.19761 0.00000 ( 1)
 374 T   0.70952 0.00000 0.29048 0.00000 ( 1)
 375 E   0.99543 0.00000 0.00457 0.00000 ( 1)
 376 E   0.99553 0.00000 0.00447 0.00000 ( 1)
 377 K   0.99551 0.00000 0.00449 0.00000 ( 1)
 378 P   0.99391 0.00000 0.00609 0.00000 ( 1)
 379 S   0.60797 0.00000 0.39203 0.00000 ( 1)
 380 A   0.99394 0.00000 0.00606 0.00000 ( 1)

