Supplemental results for CODEML (seqf: align.fa  treef: tree.nwk)


MLEs of dN/dS (w) for site classes (K=4)

site class             0        1       2a       2b
proportion       0.92219  0.04026  0.03598  0.00157
background w     0.03890  1.00000  0.03890  1.00000
foreground w     0.03890  1.00000 153.77975 153.77975

Naive Empirical Bayes (NEB) probabilities for 4 classes
(amino acids refer to 1st sequence: ColCroc|Blue5)

   1 N   0.99869 0.00000 0.00131 0.00000 ( 1)
   2 V   0.98832 0.00000 0.01168 0.00000 ( 1)
   3 N   0.00000 0.99299 0.00000 0.00701 ( 2)
   4 N   0.99655 0.00000 0.00345 0.00000 ( 1)
   5 F   0.99847 0.00000 0.00153 0.00000 ( 1)
   6 S   0.46732 0.00000 0.53268 0.00000 ( 3)
   7 A   0.32895 0.66458 0.00080 0.00567 ( 2)
   8 E   0.00000 0.98597 0.00000 0.01403 ( 2)
   9 A   0.99836 0.00000 0.00164 0.00000 ( 1)
  10 R   0.04503 0.00000 0.95497 0.00000 ( 3)
  11 P   0.99871 0.00000 0.00129 0.00000 ( 1)
  12 V   0.99868 0.00000 0.00132 0.00000 ( 1)
  13 A   0.99804 0.00000 0.00196 0.00000 ( 1)
  14 Y   0.85858 0.00002 0.14140 0.00000 ( 1)
  15 P   0.99941 0.00000 0.00059 0.00000 ( 1)
  16 F   0.99898 0.00000 0.00102 0.00000 ( 1)
  17 K   0.99855 0.00000 0.00145 0.00000 ( 1)
  18 M   0.99869 0.00000 0.00131 0.00000 ( 1)
  19 V   0.99483 0.00000 0.00517 0.00000 ( 1)
  20 S   0.99481 0.00000 0.00519 0.00000 ( 1)
  21 D   0.00000 0.93596 0.00000 0.06404 ( 2)
  22 E   0.99732 0.00000 0.00268 0.00000 ( 1)
  23 V   0.99742 0.00000 0.00258 0.00000 ( 1)
  24 Q   0.96245 0.00000 0.03755 0.00000 ( 1)
  25 Q   0.99909 0.00000 0.00091 0.00000 ( 1)
  26 N   0.81287 0.00000 0.18713 0.00000 ( 1)
  27 M   0.99869 0.00000 0.00131 0.00000 ( 1)
  28 L   0.99320 0.00000 0.00680 0.00000 ( 1)
  29 G   0.99896 0.00000 0.00104 0.00000 ( 1)
  30 W   0.78410 0.00000 0.21590 0.00000 ( 1)
  31 N   0.99859 0.00000 0.00141 0.00000 ( 1)
  32 V   0.99411 0.00000 0.00589 0.00000 ( 1)
  33 P   0.99882 0.00000 0.00118 0.00000 ( 1)
  34 S   0.10874 0.00000 0.89126 0.00000 ( 3)
  35 E   0.99873 0.00000 0.00127 0.00000 ( 1)
  36 Y   0.99914 0.00000 0.00086 0.00000 ( 1)
  37 Q   0.99843 0.00000 0.00157 0.00000 ( 1)
  38 D   0.99862 0.00000 0.00138 0.00000 ( 1)
  39 L   0.99703 0.00000 0.00297 0.00000 ( 1)
  40 V   0.99668 0.00000 0.00332 0.00000 ( 1)
  41 H   0.99723 0.00000 0.00277 0.00000 ( 1)
  42 D   0.99838 0.00000 0.00162 0.00000 ( 1)
  43 H   0.99920 0.00000 0.00080 0.00000 ( 1)
  44 W   0.99956 0.00000 0.00044 0.00000 ( 1)
  45 R   0.99881 0.00000 0.00119 0.00000 ( 1)
  46 N   0.02991 0.00000 0.97009 0.00000 ( 3)
  47 F   0.99847 0.00000 0.00153 0.00000 ( 1)
  48 A   0.99830 0.00000 0.00170 0.00000 ( 1)
  49 A   0.99652 0.00000 0.00348 0.00000 ( 1)
  50 I   0.99698 0.00000 0.00302 0.00000 ( 1)
  51 D   0.99910 0.00000 0.00090 0.00000 ( 1)
  52 K   0.99893 0.00000 0.00107 0.00000 ( 1)
  53 F   0.99904 0.00000 0.00096 0.00000 ( 1)
  54 W   0.99956 0.00000 0.00044 0.00000 ( 1)
  55 H   0.99919 0.00000 0.00081 0.00000 ( 1)
  56 Y   0.99905 0.00000 0.00095 0.00000 ( 1)
  57 C   0.99894 0.00000 0.00106 0.00000 ( 1)
  58 L   0.99813 0.00000 0.00187 0.00000 ( 1)
  59 A   0.99819 0.00000 0.00181 0.00000 ( 1)
  60 L   0.99693 0.00000 0.00307 0.00000 ( 1)
  61 I   0.99745 0.00000 0.00255 0.00000 ( 1)
  62 Y   0.99903 0.00000 0.00097 0.00000 ( 1)
  63 M   0.99817 0.00000 0.00183 0.00000 ( 1)
  64 I   0.57124 0.00000 0.42876 0.00000 ( 1)
  65 L   0.99825 0.00000 0.00175 0.00000 ( 1)
  66 W   0.99869 0.00000 0.00131 0.00000 ( 1)
  67 I   0.91092 0.08665 0.00150 0.00093 ( 1)
  68 S   0.99818 0.00000 0.00182 0.00000 ( 1)
  69 S   0.99405 0.00000 0.00595 0.00000 ( 1)
  70 V   0.99678 0.00000 0.00322 0.00000 ( 1)
  71 C   0.99903 0.00000 0.00097 0.00000 ( 1)
  72 G   0.99868 0.00000 0.00132 0.00000 ( 1)
  73 N   0.99826 0.00000 0.00174 0.00000 ( 1)
  74 G   0.99855 0.00000 0.00145 0.00000 ( 1)
  75 I   0.99749 0.00000 0.00251 0.00000 ( 1)
  76 V   0.99589 0.00000 0.00411 0.00000 ( 1)
  77 V   0.99473 0.00000 0.00527 0.00000 ( 1)
  78 W   0.99956 0.00000 0.00044 0.00000 ( 1)
  79 I   0.99888 0.00000 0.00112 0.00000 ( 1)
  80 F   0.99651 0.00000 0.00349 0.00000 ( 1)
  81 S   0.99909 0.00000 0.00091 0.00000 ( 1)
  82 T   0.99812 0.00000 0.00188 0.00000 ( 1)
  83 S   0.99613 0.00000 0.00387 0.00000 ( 1)
  84 K   0.99877 0.00000 0.00123 0.00000 ( 1)
  85 S   0.34318 0.00000 0.65682 0.00000 ( 3)
  86 L   0.99743 0.00000 0.00257 0.00000 ( 1)
  87 R   0.99487 0.00000 0.00513 0.00000 ( 1)
  88 S   0.99857 0.00000 0.00143 0.00000 ( 1)
  89 A   0.99527 0.00000 0.00473 0.00000 ( 1)
  90 S   0.99908 0.00000 0.00092 0.00000 ( 1)
  91 N   0.99859 0.00000 0.00141 0.00000 ( 1)
  92 M   0.99869 0.00000 0.00131 0.00000 ( 1)
  93 F   0.99850 0.00000 0.00150 0.00000 ( 1)
  94 I   0.99329 0.00000 0.00671 0.00000 ( 1)
  95 V   0.99885 0.00000 0.00115 0.00000 ( 1)
  96 N   0.99862 0.00000 0.00138 0.00000 ( 1)
  97 L   0.99818 0.00000 0.00182 0.00000 ( 1)
  98 A   0.99818 0.00000 0.00182 0.00000 ( 1)
  99 L   0.99762 0.00000 0.00238 0.00000 ( 1)
 100 F   0.99850 0.00000 0.00150 0.00000 ( 1)
 101 D   0.99865 0.00000 0.00135 0.00000 ( 1)
 102 M   0.99394 0.00000 0.00606 0.00000 ( 1)
 103 V   0.99869 0.00000 0.00131 0.00000 ( 1)
 104 M   0.99869 0.00000 0.00131 0.00000 ( 1)
 105 M   0.99869 0.00000 0.00131 0.00000 ( 1)
 106 I   0.97758 0.02046 0.00188 0.00009 ( 1)
 107 E   0.99897 0.00000 0.00103 0.00000 ( 1)
 108 M   0.99869 0.00000 0.00131 0.00000 ( 1)
 109 P   0.99702 0.00000 0.00298 0.00000 ( 1)
 110 H   0.99795 0.00000 0.00205 0.00000 ( 1)
 111 L   0.99841 0.00000 0.00159 0.00000 ( 1)
 112 I   0.99749 0.00000 0.00251 0.00000 ( 1)
 113 I   0.00000 0.97320 0.00000 0.02680 ( 2)
 114 N   0.99861 0.00000 0.00139 0.00000 ( 1)
 115 S   0.99835 0.00000 0.00165 0.00000 ( 1)
 116 F   0.99847 0.00000 0.00153 0.00000 ( 1)
 117 Y   0.99855 0.00000 0.00145 0.00000 ( 1)
 118 Q   0.99939 0.00000 0.00061 0.00000 ( 1)
 119 K   0.99292 0.00000 0.00708 0.00000 ( 1)
 120 M   0.99363 0.00000 0.00637 0.00000 ( 1)
 121 I   0.99522 0.00000 0.00478 0.00000 ( 1)
 122 G   0.99799 0.00000 0.00201 0.00000 ( 1)
 123 Y   0.99904 0.00000 0.00096 0.00000 ( 1)
 124 Q   0.99940 0.00000 0.00060 0.00000 ( 1)
 125 V   0.04788 0.00000 0.95212 0.00000 ( 3)
 126 G   0.99672 0.00000 0.00328 0.00000 ( 1)
 127 C   0.99932 0.00000 0.00068 0.00000 ( 1)
 128 D   0.99780 0.00000 0.00220 0.00000 ( 1)
 129 I   0.99695 0.00000 0.00305 0.00000 ( 1)
 130 Y   0.99899 0.00000 0.00101 0.00000 ( 1)
 131 A   0.99873 0.00000 0.00127 0.00000 ( 1)
 132 T   0.99701 0.00000 0.00299 0.00000 ( 1)
 133 L   0.99288 0.00000 0.00712 0.00000 ( 1)
 134 G   0.99894 0.00000 0.00106 0.00000 ( 1)
 135 S   0.99910 0.00000 0.00090 0.00000 ( 1)
 136 I   0.99802 0.00000 0.00198 0.00000 ( 1)
 137 S   0.99314 0.00000 0.00686 0.00000 ( 1)
 138 G   0.99418 0.00000 0.00582 0.00000 ( 1)
 139 I   0.99420 0.00000 0.00580 0.00000 ( 1)
 140 G   0.99650 0.00000 0.00350 0.00000 ( 1)
 141 A   0.49283 0.00000 0.50717 0.00000 ( 3)
 142 A   0.99785 0.00000 0.00215 0.00000 ( 1)
 143 I   0.99727 0.00000 0.00273 0.00000 ( 1)
 144 S   0.99780 0.00000 0.00220 0.00000 ( 1)
 145 N   0.99824 0.00000 0.00176 0.00000 ( 1)
 146 A   0.99776 0.00000 0.00224 0.00000 ( 1)
 147 V   0.99660 0.00000 0.00340 0.00000 ( 1)
 148 I   0.99671 0.00000 0.00329 0.00000 ( 1)
 149 A   0.99813 0.00000 0.00187 0.00000 ( 1)
 150 Y   0.99668 0.00000 0.00332 0.00000 ( 1)
 151 D   0.99834 0.00000 0.00166 0.00000 ( 1)
 152 R   0.99922 0.00000 0.00078 0.00000 ( 1)
 153 Y   0.99901 0.00000 0.00099 0.00000 ( 1)
 154 K   0.99665 0.00000 0.00335 0.00000 ( 1)
 155 T   0.99853 0.00000 0.00147 0.00000 ( 1)
 156 I   0.99889 0.00000 0.00111 0.00000 ( 1)
 157 S   0.99403 0.00000 0.00597 0.00000 ( 1)
 158 C   0.99862 0.00000 0.00138 0.00000 ( 1)
 159 P   0.99332 0.00000 0.00668 0.00000 ( 1)
 160 I   0.99801 0.00000 0.00199 0.00000 ( 1)
 161 D   0.99703 0.00000 0.00297 0.00000 ( 1)
 162 G   0.99820 0.00000 0.00180 0.00000 ( 1)
 163 R   0.99647 0.00000 0.00353 0.00000 ( 1)
 164 I   0.99681 0.00000 0.00319 0.00000 ( 1)
 165 N   0.99796 0.00000 0.00204 0.00000 ( 1)
 166 K   0.99932 0.00000 0.00068 0.00000 ( 1)
 167 V   0.99347 0.00000 0.00653 0.00000 ( 1)
 168 Q   0.99905 0.00000 0.00095 0.00000 ( 1)
 169 A   0.99374 0.00000 0.00626 0.00000 ( 1)
 170 S   0.00000 0.94125 0.00000 0.05875 ( 2)
 171 I   0.98284 0.00000 0.01716 0.00000 ( 1)
 172 L   0.99558 0.00000 0.00442 0.00000 ( 1)
 173 I   0.99746 0.00000 0.00254 0.00000 ( 1)
 174 A   0.00003 0.96751 0.00000 0.03245 ( 2)
 175 F   0.99849 0.00000 0.00151 0.00000 ( 1)
 176 T   0.99389 0.00000 0.00611 0.00000 ( 1)
 177 W   0.99956 0.00000 0.00044 0.00000 ( 1)
 178 F   0.99310 0.00000 0.00690 0.00000 ( 1)
 179 W   0.99956 0.00000 0.00044 0.00000 ( 1)
 180 T   0.55776 0.00000 0.44224 0.00000 ( 1)
 181 L   0.00033 0.98295 0.00001 0.01670 ( 2)
 182 P   0.99890 0.00000 0.00110 0.00000 ( 1)
 183 F   0.99850 0.00000 0.00150 0.00000 ( 1)
 184 T   0.99431 0.00000 0.00569 0.00000 ( 1)
 185 I   0.99740 0.00000 0.00260 0.00000 ( 1)
 186 L   0.99834 0.00000 0.00166 0.00000 ( 1)
 187 P   0.99662 0.00000 0.00338 0.00000 ( 1)
 188 L   0.99793 0.00000 0.00207 0.00000 ( 1)
 189 L   0.99849 0.00000 0.00151 0.00000 ( 1)
 190 K   0.99785 0.00000 0.00215 0.00000 ( 1)
 191 V   0.99455 0.00000 0.00545 0.00000 ( 1)
 192 W   0.99956 0.00000 0.00044 0.00000 ( 1)
 193 G   0.99887 0.00000 0.00113 0.00000 ( 1)
 194 K   0.99939 0.00000 0.00061 0.00000 ( 1)
 195 F   0.99806 0.00000 0.00194 0.00000 ( 1)
 196 V   0.99627 0.00000 0.00373 0.00000 ( 1)
 197 P   0.99957 0.00000 0.00043 0.00000 ( 1)
 198 E   0.99897 0.00000 0.00103 0.00000 ( 1)
 199 G   0.99656 0.00000 0.00344 0.00000 ( 1)
 200 F   0.99847 0.00000 0.00153 0.00000 ( 1)
 201 L   0.99319 0.00000 0.00681 0.00000 ( 1)
 202 T   0.99821 0.00000 0.00179 0.00000 ( 1)
 203 T   0.99730 0.00000 0.00270 0.00000 ( 1)
 204 C   0.99709 0.00000 0.00291 0.00000 ( 1)
 205 S   0.99909 0.00000 0.00091 0.00000 ( 1)
 206 F   0.99847 0.00000 0.00153 0.00000 ( 1)
 207 D   0.99861 0.00000 0.00139 0.00000 ( 1)
 208 Y   0.99905 0.00000 0.00095 0.00000 ( 1)
 209 F   0.99850 0.00000 0.00150 0.00000 ( 1)
 210 T   0.99672 0.00000 0.00328 0.00000 ( 1)
 211 D   0.99844 0.00000 0.00156 0.00000 ( 1)
 212 D   0.99800 0.00000 0.00200 0.00000 ( 1)
 213 E   0.99939 0.00000 0.00061 0.00000 ( 1)
 214 D   0.99865 0.00000 0.00135 0.00000 ( 1)
 215 T   0.99859 0.00000 0.00141 0.00000 ( 1)
 216 K   0.99893 0.00000 0.00107 0.00000 ( 1)
 217 V   0.99742 0.00000 0.00258 0.00000 ( 1)
 218 F   0.99850 0.00000 0.00150 0.00000 ( 1)
 219 V   0.99571 0.00000 0.00429 0.00000 ( 1)
 220 A   0.97932 0.00000 0.02068 0.00000 ( 1)
 221 C   0.99810 0.00000 0.00190 0.00000 ( 1)
 222 I   0.99750 0.00000 0.00250 0.00000 ( 1)
 223 F   0.99783 0.00000 0.00217 0.00000 ( 1)
 224 V   0.99326 0.00000 0.00674 0.00000 ( 1)
 225 W   0.99956 0.00000 0.00044 0.00000 ( 1)
 226 S   0.99909 0.00000 0.00091 0.00000 ( 1)
 227 Y   0.99905 0.00000 0.00095 0.00000 ( 1)
 228 C   0.99554 0.00000 0.00446 0.00000 ( 1)
 229 F   0.99745 0.00000 0.00255 0.00000 ( 1)
 230 P   0.99900 0.00000 0.00100 0.00000 ( 1)
 231 M   0.99869 0.00000 0.00131 0.00000 ( 1)
 232 A   0.00000 0.99769 0.00000 0.00231 ( 2)
 233 L   0.99845 0.00000 0.00155 0.00000 ( 1)
 234 I   0.99677 0.00000 0.00323 0.00000 ( 1)
 235 C   0.99936 0.00000 0.00064 0.00000 ( 1)
 236 I   0.82138 0.00000 0.17862 0.00000 ( 1)
 237 F   0.99849 0.00000 0.00151 0.00000 ( 1)
 238 Y   0.99905 0.00000 0.00095 0.00000 ( 1)
 239 S   0.39806 0.00000 0.60194 0.00000 ( 3)
 240 K   0.99929 0.00000 0.00071 0.00000 ( 1)
 241 L   0.99226 0.00000 0.00774 0.00000 ( 1)
 242 F   0.99815 0.00000 0.00185 0.00000 ( 1)
 243 T   0.99855 0.00000 0.00145 0.00000 ( 1)
 244 A   0.99802 0.00000 0.00198 0.00000 ( 1)
 245 V   0.99559 0.00000 0.00441 0.00000 ( 1)
 246 R   0.99921 0.00000 0.00079 0.00000 ( 1)
 247 L   0.99626 0.00000 0.00374 0.00000 ( 1)
 248 H   0.99918 0.00000 0.00082 0.00000 ( 1)
 249 E   0.99894 0.00000 0.00106 0.00000 ( 1)
 250 K   0.99859 0.00000 0.00141 0.00000 ( 1)
 251 M   0.99869 0.00000 0.00131 0.00000 ( 1)
 252 L   0.99813 0.00000 0.00187 0.00000 ( 1)
 253 K   0.00000 0.99454 0.00000 0.00546 ( 2)
 254 E   0.99831 0.00000 0.00169 0.00000 ( 1)
 255 Q   0.99931 0.00000 0.00069 0.00000 ( 1)
 256 A   0.99809 0.00000 0.00191 0.00000 ( 1)
 257 K   0.00806 0.00000 0.99194 0.00000 ( 3)
 258 K   0.99893 0.00000 0.00107 0.00000 ( 1)
 259 M   0.99869 0.00000 0.00131 0.00000 ( 1)
 260 N   0.99861 0.00000 0.00139 0.00000 ( 1)
 261 V   0.99724 0.00000 0.00276 0.00000 ( 1)
 262 K   0.99890 0.00000 0.00110 0.00000 ( 1)
 263 S   0.99500 0.00000 0.00500 0.00000 ( 1)
 264 L   0.99778 0.00000 0.00222 0.00000 ( 1)
 265 A   0.81952 0.00000 0.18048 0.00000 ( 1)
 266 S   0.53126 0.00000 0.46874 0.00000 ( 1)
 267 N   0.99860 0.00000 0.00140 0.00000 ( 1)
 268 K   0.99680 0.00000 0.00320 0.00000 ( 1)
 269 E   0.99848 0.00000 0.00152 0.00000 ( 1)
 270 D   0.99842 0.00000 0.00158 0.00000 ( 1)
 271 A   0.99821 0.00000 0.00179 0.00000 ( 1)
 272 G   0.99802 0.00000 0.00198 0.00000 ( 1)
 273 K   0.99885 0.00000 0.00115 0.00000 ( 1)
 274 S   0.99910 0.00000 0.00090 0.00000 ( 1)
 275 V   0.99676 0.00000 0.00324 0.00000 ( 1)
 276 E   0.99897 0.00000 0.00103 0.00000 ( 1)
 277 I   0.99746 0.00000 0.00254 0.00000 ( 1)
 278 R   0.99863 0.00000 0.00137 0.00000 ( 1)
 279 I   0.99698 0.00000 0.00302 0.00000 ( 1)
 280 A   0.99630 0.00000 0.00370 0.00000 ( 1)
 281 K   0.99868 0.00000 0.00132 0.00000 ( 1)
 282 V   0.99628 0.00000 0.00372 0.00000 ( 1)
 283 A   0.99411 0.00000 0.00589 0.00000 ( 1)
 284 F   0.99849 0.00000 0.00151 0.00000 ( 1)
 285 T   0.99493 0.00000 0.00507 0.00000 ( 1)
 286 I   0.99681 0.00000 0.00319 0.00000 ( 1)
 287 F   0.99850 0.00000 0.00150 0.00000 ( 1)
 288 F   0.99849 0.00000 0.00151 0.00000 ( 1)
 289 L   0.99465 0.00000 0.00535 0.00000 ( 1)
 290 F   0.99850 0.00000 0.00150 0.00000 ( 1)
 291 V   0.41778 0.00000 0.58222 0.00000 ( 3)
 292 C   0.99900 0.00000 0.00100 0.00000 ( 1)
 293 A   0.99861 0.00000 0.00139 0.00000 ( 1)
 294 W   0.99956 0.00000 0.00044 0.00000 ( 1)
 295 T   0.99856 0.00000 0.00144 0.00000 ( 1)
 296 P   0.99927 0.00000 0.00073 0.00000 ( 1)
 297 Y   0.99904 0.00000 0.00096 0.00000 ( 1)
 298 A   0.99753 0.00000 0.00247 0.00000 ( 1)
 299 V   0.99696 0.00000 0.00304 0.00000 ( 1)
 300 V   0.99642 0.00000 0.00358 0.00000 ( 1)
 301 T   0.81679 0.00000 0.18321 0.00000 ( 1)
 302 M   0.99869 0.00000 0.00131 0.00000 ( 1)
 303 I   0.99389 0.00000 0.00611 0.00000 ( 1)
 304 G   0.99828 0.00000 0.00172 0.00000 ( 1)
 305 A   0.99785 0.00000 0.00215 0.00000 ( 1)
 306 F   0.99814 0.00000 0.00186 0.00000 ( 1)
 307 G   0.99303 0.00000 0.00697 0.00000 ( 1)
 308 D   0.99864 0.00000 0.00136 0.00000 ( 1)
 309 R   0.99871 0.00000 0.00129 0.00000 ( 1)
 310 S   0.00000 0.99097 0.00000 0.00903 ( 2)
 311 L   0.99718 0.00000 0.00282 0.00000 ( 1)
 312 L   0.99797 0.00000 0.00203 0.00000 ( 1)
 313 T   0.99303 0.00000 0.00697 0.00000 ( 1)
 314 P   0.99877 0.00000 0.00123 0.00000 ( 1)
 315 H   0.99712 0.00000 0.00288 0.00000 ( 1)
 316 V   0.99708 0.00000 0.00292 0.00000 ( 1)
 317 T   0.99605 0.00000 0.00395 0.00000 ( 1)
 318 M   0.99869 0.00000 0.00131 0.00000 ( 1)
 319 I   0.99672 0.00000 0.00328 0.00000 ( 1)
 320 P   0.99306 0.00000 0.00694 0.00000 ( 1)
 321 A   0.99321 0.00000 0.00679 0.00000 ( 1)
 322 V   0.99647 0.00000 0.00353 0.00000 ( 1)
 323 F   0.99937 0.00000 0.00063 0.00000 ( 1)
 324 A   0.99790 0.00000 0.00210 0.00000 ( 1)
 325 K   0.99872 0.00000 0.00128 0.00000 ( 1)
 326 S   0.99785 0.00000 0.00215 0.00000 ( 1)
 327 V   0.99548 0.00000 0.00452 0.00000 ( 1)
 328 S   0.99886 0.00000 0.00114 0.00000 ( 1)
 329 C   0.99937 0.00000 0.00063 0.00000 ( 1)
 330 I   0.99885 0.00000 0.00115 0.00000 ( 1)
 331 D   0.99858 0.00000 0.00142 0.00000 ( 1)
 332 P   0.99834 0.00000 0.00166 0.00000 ( 1)
 333 W   0.99956 0.00000 0.00044 0.00000 ( 1)
 334 V   0.98964 0.00000 0.01036 0.00000 ( 1)
 335 Y   0.99755 0.00000 0.00245 0.00000 ( 1)
 336 A   0.99419 0.00000 0.00581 0.00000 ( 1)
 337 I   0.99602 0.00000 0.00398 0.00000 ( 1)
 338 N   0.99811 0.00000 0.00189 0.00000 ( 1)
 339 H   0.99962 0.00000 0.00038 0.00000 ( 1)
 340 P   0.99851 0.00000 0.00149 0.00000 ( 1)
 341 R   0.99957 0.00000 0.00043 0.00000 ( 1)
 342 Y   0.99905 0.00000 0.00095 0.00000 ( 1)
 343 R   0.99684 0.00000 0.00316 0.00000 ( 1)
 344 A   0.39492 0.00000 0.60508 0.00000 ( 3)
 345 E   0.99885 0.00000 0.00115 0.00000 ( 1)
 346 L   0.99855 0.00000 0.00145 0.00000 ( 1)
 347 Q   0.99938 0.00000 0.00062 0.00000 ( 1)
 348 K   0.99705 0.00000 0.00295 0.00000 ( 1)
 349 R   0.99815 0.00000 0.00185 0.00000 ( 1)
 350 L   0.99627 0.00000 0.00373 0.00000 ( 1)
 351 P   0.99647 0.00000 0.00353 0.00000 ( 1)
 352 W   0.99956 0.00000 0.00044 0.00000 ( 1)
 353 M   0.99369 0.00000 0.00631 0.00000 ( 1)
 354 G   0.99894 0.00000 0.00106 0.00000 ( 1)
 355 V   0.99502 0.00000 0.00498 0.00000 ( 1)
 356 R   0.99697 0.00000 0.00303 0.00000 ( 1)
 357 E   0.99865 0.00000 0.00135 0.00000 ( 1)
 358 P   0.00000 0.96511 0.00000 0.03489 ( 2)
 359 D   0.99721 0.00000 0.00279 0.00000 ( 1)
 360 P   0.99877 0.00000 0.00123 0.00000 ( 1)
 361 E   0.99864 0.00000 0.00136 0.00000 ( 1)
 362 T   0.00000 0.97240 0.00000 0.02760 ( 2)
 363 Q   0.99336 0.00000 0.00664 0.00000 ( 1)
 364 S   0.99887 0.00000 0.00113 0.00000 ( 1)
 365 S   0.99691 0.00000 0.00309 0.00000 ( 1)
 366 N   0.99635 0.00000 0.00365 0.00000 ( 1)
 367 A   0.99406 0.00000 0.00594 0.00000 ( 1)
 368 S   0.99655 0.00000 0.00345 0.00000 ( 1)
 369 T   0.23882 0.00000 0.76118 0.00000 ( 3)
 370 T   0.99808 0.00000 0.00192 0.00000 ( 1)
 371 Q   0.42295 0.00000 0.57705 0.00000 ( 3)
 372 S   0.00564 0.96453 0.00006 0.02977 ( 2)
 373 Q   0.39672 0.00000 0.60328 0.00000 ( 3)
 374 S   0.00000 0.81816 0.00000 0.18184 ( 2)
 375 A   0.00000 0.93302 0.00000 0.06698 ( 2)
 376 D   0.96245 0.00000 0.03755 0.00000 ( 1)
 377 A   0.96245 0.00000 0.03755 0.00000 ( 1)


lnL = -74012.026025

Bayes Empirical Bayes (BEB) probabilities for 4 classes (class)
(amino acids refer to 1st sequence: ColCroc|Blue5)

   1 N   0.99823 0.00000 0.00177 0.00000 ( 1)
   2 V   0.99144 0.00000 0.00856 0.00000 ( 1)
   3 N   0.00000 0.99037 0.00000 0.00963 ( 2)
   4 N   0.99691 0.00000 0.00309 0.00000 ( 1)
   5 F   0.99782 0.00000 0.00218 0.00000 ( 1)
   6 S   0.58031 0.00000 0.41969 0.00000 ( 1)
   7 A   0.99709 0.00006 0.00285 0.00000 ( 1)
   8 E   0.00000 0.98621 0.00000 0.01379 ( 2)
   9 A   0.99775 0.00000 0.00225 0.00000 ( 1)
  10 R   0.08083 0.00000 0.91917 0.00000 ( 3)
  11 P   0.99571 0.00000 0.00429 0.00000 ( 1)
  12 V   0.99822 0.00000 0.00178 0.00000 ( 1)
  13 A   0.99714 0.00000 0.00286 0.00000 ( 1)
  14 Y   0.79610 0.00000 0.20390 0.00000 ( 1)
  15 P   0.99563 0.00000 0.00437 0.00000 ( 1)
  16 F   0.99667 0.00000 0.00333 0.00000 ( 1)
  17 K   0.99034 0.00000 0.00966 0.00000 ( 1)
  18 M   0.99823 0.00000 0.00177 0.00000 ( 1)
  19 V   0.99514 0.00000 0.00486 0.00000 ( 1)
  20 S   0.99585 0.00000 0.00415 0.00000 ( 1)
  21 D   0.00001 0.95574 0.00000 0.04425 ( 2)
  22 E   0.99649 0.00000 0.00351 0.00000 ( 1)
  23 V   0.99626 0.00000 0.00374 0.00000 ( 1)
  24 Q   0.96664 0.00000 0.03336 0.00000 ( 1)
  25 Q   0.99753 0.00000 0.00247 0.00000 ( 1)
  26 N   0.80803 0.00000 0.19197 0.00000 ( 1)
  27 M   0.99823 0.00000 0.00177 0.00000 ( 1)
  28 L   0.99504 0.00000 0.00496 0.00000 ( 1)
  29 G   0.99823 0.00000 0.00177 0.00000 ( 1)
  30 W   0.82369 0.00000 0.17631 0.00000 ( 1)
  31 N   0.99807 0.00000 0.00193 0.00000 ( 1)
  32 V   0.99499 0.00000 0.00501 0.00000 ( 1)
  33 P   0.99752 0.00000 0.00248 0.00000 ( 1)
  34 S   0.24466 0.00000 0.75534 0.00000 ( 3)
  35 E   0.99795 0.00000 0.00205 0.00000 ( 1)
  36 Y   0.99697 0.00000 0.00303 0.00000 ( 1)
  37 Q   0.99710 0.00000 0.00290 0.00000 ( 1)
  38 D   0.99807 0.00000 0.00193 0.00000 ( 1)
  39 L   0.99549 0.00000 0.00451 0.00000 ( 1)
  40 V   0.99599 0.00000 0.00401 0.00000 ( 1)
  41 H   0.99665 0.00000 0.00335 0.00000 ( 1)
  42 D   0.99723 0.00000 0.00277 0.00000 ( 1)
  43 H   0.99849 0.00000 0.00151 0.00000 ( 1)
  44 W   0.99782 0.00000 0.00218 0.00000 ( 1)
  45 R   0.99811 0.00000 0.00189 0.00000 ( 1)
  46 N   0.04318 0.00000 0.95682 0.00000 ( 3)
  47 F   0.99787 0.00000 0.00213 0.00000 ( 1)
  48 A   0.99794 0.00000 0.00206 0.00000 ( 1)
  49 A   0.99571 0.00000 0.00429 0.00000 ( 1)
  50 I   0.99619 0.00000 0.00381 0.00000 ( 1)
  51 D   0.99858 0.00000 0.00142 0.00000 ( 1)
  52 K   0.99818 0.00000 0.00182 0.00000 ( 1)
  53 F   0.99813 0.00000 0.00187 0.00000 ( 1)
  54 W   0.99782 0.00000 0.00218 0.00000 ( 1)
  55 H   0.99848 0.00000 0.00152 0.00000 ( 1)
  56 Y   0.99813 0.00000 0.00187 0.00000 ( 1)
  57 C   0.99822 0.00000 0.00178 0.00000 ( 1)
  58 L   0.99602 0.00000 0.00398 0.00000 ( 1)
  59 A   0.99719 0.00000 0.00281 0.00000 ( 1)
  60 L   0.99623 0.00000 0.00377 0.00000 ( 1)
  61 I   0.99692 0.00000 0.00308 0.00000 ( 1)
  62 Y   0.99812 0.00000 0.00188 0.00000 ( 1)
  63 M   0.99748 0.00000 0.00252 0.00000 ( 1)
  64 I   0.74071 0.00000 0.25929 0.00000 ( 1)
  65 L   0.99757 0.00000 0.00243 0.00000 ( 1)
  66 W   0.99823 0.00000 0.00177 0.00000 ( 1)
  67 I   0.99756 0.00000 0.00243 0.00000 ( 1)
  68 S   0.99748 0.00000 0.00252 0.00000 ( 1)
  69 S   0.99571 0.00000 0.00429 0.00000 ( 1)
  70 V   0.99624 0.00000 0.00376 0.00000 ( 1)
  71 C   0.99612 0.00000 0.00388 0.00000 ( 1)
  72 G   0.99808 0.00000 0.00192 0.00000 ( 1)
  73 N   0.99788 0.00000 0.00212 0.00000 ( 1)
  74 G   0.99802 0.00000 0.00198 0.00000 ( 1)
  75 I   0.99694 0.00000 0.00306 0.00000 ( 1)
  76 V   0.99538 0.00000 0.00462 0.00000 ( 1)
  77 V   0.99536 0.00000 0.00464 0.00000 ( 1)
  78 W   0.99782 0.00000 0.00218 0.00000 ( 1)
  79 I   0.99771 0.00000 0.00229 0.00000 ( 1)
  80 F   0.99688 0.00000 0.00312 0.00000 ( 1)
  81 S   0.99857 0.00000 0.00143 0.00000 ( 1)
  82 T   0.99605 0.00000 0.00395 0.00000 ( 1)
  83 S   0.99599 0.00000 0.00401 0.00000 ( 1)
  84 K   0.99631 0.00000 0.00369 0.00000 ( 1)
  85 S   0.39758 0.00000 0.60242 0.00000 ( 3)
  86 L   0.99584 0.00000 0.00416 0.00000 ( 1)
  87 R   0.99535 0.00000 0.00465 0.00000 ( 1)
  88 S   0.99738 0.00000 0.00262 0.00000 ( 1)
  89 A   0.99011 0.00000 0.00989 0.00000 ( 1)
  90 S   0.99857 0.00000 0.00143 0.00000 ( 1)
  91 N   0.99807 0.00000 0.00193 0.00000 ( 1)
  92 M   0.99823 0.00000 0.00177 0.00000 ( 1)
  93 F   0.99789 0.00000 0.00211 0.00000 ( 1)
  94 I   0.99473 0.00000 0.00527 0.00000 ( 1)
  95 V   0.99770 0.00000 0.00230 0.00000 ( 1)
  96 N   0.99809 0.00000 0.00191 0.00000 ( 1)
  97 L   0.99597 0.00000 0.00403 0.00000 ( 1)
  98 A   0.99718 0.00000 0.00282 0.00000 ( 1)
  99 L   0.99571 0.00000 0.00429 0.00000 ( 1)
 100 F   0.99789 0.00000 0.00211 0.00000 ( 1)
 101 D   0.99808 0.00000 0.00192 0.00000 ( 1)
 102 M   0.99367 0.00000 0.00633 0.00000 ( 1)
 103 V   0.99822 0.00000 0.00178 0.00000 ( 1)
 104 M   0.99823 0.00000 0.00177 0.00000 ( 1)
 105 M   0.99823 0.00000 0.00177 0.00000 ( 1)
 106 I   0.99592 0.00002 0.00406 0.00000 ( 1)
 107 E   0.99813 0.00000 0.00187 0.00000 ( 1)
 108 M   0.99823 0.00000 0.00177 0.00000 ( 1)
 109 P   0.99743 0.00000 0.00257 0.00000 ( 1)
 110 H   0.99744 0.00000 0.00256 0.00000 ( 1)
 111 L   0.99764 0.00000 0.00236 0.00000 ( 1)
 112 I   0.99694 0.00000 0.00306 0.00000 ( 1)
 113 I   0.00001 0.97852 0.00000 0.02148 ( 2)
 114 N   0.99809 0.00000 0.00191 0.00000 ( 1)
 115 S   0.99776 0.00000 0.00224 0.00000 ( 1)
 116 F   0.99787 0.00000 0.00213 0.00000 ( 1)
 117 Y   0.99698 0.00000 0.00302 0.00000 ( 1)
 118 Q   0.99788 0.00000 0.00212 0.00000 ( 1)
 119 K   0.99509 0.00000 0.00491 0.00000 ( 1)
 120 M   0.99523 0.00000 0.00477 0.00000 ( 1)
 121 I   0.99573 0.00000 0.00427 0.00000 ( 1)
 122 G   0.99771 0.00000 0.00229 0.00000 ( 1)
 123 Y   0.99813 0.00000 0.00187 0.00000 ( 1)
 124 Q   0.99788 0.00000 0.00212 0.00000 ( 1)
 125 V   0.06317 0.00000 0.93683 0.00000 ( 3)
 126 G   0.99583 0.00000 0.00417 0.00000 ( 1)
 127 C   0.99852 0.00000 0.00148 0.00000 ( 1)
 128 D   0.99713 0.00000 0.00287 0.00000 ( 1)
 129 I   0.99665 0.00000 0.00335 0.00000 ( 1)
 130 Y   0.99810 0.00000 0.00190 0.00000 ( 1)
 131 A   0.99808 0.00000 0.00192 0.00000 ( 1)
 132 T   0.99612 0.00000 0.00388 0.00000 ( 1)
 133 L   0.99481 0.00000 0.00519 0.00000 ( 1)
 134 G   0.99822 0.00000 0.00178 0.00000 ( 1)
 135 S   0.99738 0.00000 0.00262 0.00000 ( 1)
 136 I   0.99601 0.00000 0.00399 0.00000 ( 1)
 137 S   0.99470 0.00000 0.00530 0.00000 ( 1)
 138 G   0.99559 0.00000 0.00441 0.00000 ( 1)
 139 I   0.99508 0.00000 0.00492 0.00000 ( 1)
 140 G   0.99704 0.00000 0.00296 0.00000 ( 1)
 141 A   0.63775 0.00000 0.36225 0.00000 ( 1)
 142 A   0.99736 0.00000 0.00264 0.00000 ( 1)
 143 I   0.99654 0.00000 0.00346 0.00000 ( 1)
 144 S   0.99736 0.00000 0.00264 0.00000 ( 1)
 145 N   0.99787 0.00000 0.00213 0.00000 ( 1)
 146 A   0.99734 0.00000 0.00266 0.00000 ( 1)
 147 V   0.99616 0.00000 0.00384 0.00000 ( 1)
 148 I   0.99599 0.00000 0.00401 0.00000 ( 1)
 149 A   0.99605 0.00000 0.00395 0.00000 ( 1)
 150 Y   0.99696 0.00000 0.00304 0.00000 ( 1)
 151 D   0.99792 0.00000 0.00208 0.00000 ( 1)
 152 R   0.99693 0.00000 0.00307 0.00000 ( 1)
 153 Y   0.99811 0.00000 0.00189 0.00000 ( 1)
 154 K   0.99641 0.00000 0.00359 0.00000 ( 1)
 155 T   0.99747 0.00000 0.00253 0.00000 ( 1)
 156 I   0.99772 0.00000 0.00228 0.00000 ( 1)
 157 S   0.99572 0.00000 0.00428 0.00000 ( 1)
 158 C   0.99640 0.00000 0.00360 0.00000 ( 1)
 159 P   0.99627 0.00000 0.00373 0.00000 ( 1)
 160 I   0.99595 0.00000 0.00405 0.00000 ( 1)
 161 D   0.99720 0.00000 0.00280 0.00000 ( 1)
 162 G   0.99783 0.00000 0.00217 0.00000 ( 1)
 163 R   0.99624 0.00000 0.00376 0.00000 ( 1)
 164 I   0.99658 0.00000 0.00342 0.00000 ( 1)
 165 N   0.99771 0.00000 0.00229 0.00000 ( 1)
 166 K   0.99777 0.00000 0.00223 0.00000 ( 1)
 167 V   0.99422 0.00000 0.00578 0.00000 ( 1)
 168 Q   0.99760 0.00000 0.00240 0.00000 ( 1)
 169 A   0.99522 0.00000 0.00478 0.00000 ( 1)
 170 S   0.00000 0.96036 0.00000 0.03964 ( 2)
 171 I   0.98503 0.00000 0.01497 0.00000 ( 1)
 172 L   0.99532 0.00000 0.00468 0.00000 ( 1)
 173 I   0.99690 0.00000 0.00310 0.00000 ( 1)
 174 A   0.63418 0.30322 0.05394 0.00865 ( 1)
 175 F   0.99788 0.00000 0.00212 0.00000 ( 1)
 176 T   0.99548 0.00000 0.00452 0.00000 ( 1)
 177 W   0.99782 0.00000 0.00218 0.00000 ( 1)
 178 F   0.99461 0.00000 0.00539 0.00000 ( 1)
 179 W   0.99782 0.00000 0.00218 0.00000 ( 1)
 180 T   0.69361 0.00000 0.30639 0.00000 ( 1)
 181 L   0.51217 0.46189 0.01740 0.00854 ( 1)
 182 P   0.99815 0.00000 0.00185 0.00000 ( 1)
 183 F   0.99789 0.00000 0.00211 0.00000 ( 1)
 184 T   0.99545 0.00000 0.00455 0.00000 ( 1)
 185 I   0.99712 0.00000 0.00288 0.00000 ( 1)
 186 L   0.99576 0.00000 0.00424 0.00000 ( 1)
 187 P   0.99593 0.00000 0.00407 0.00000 ( 1)
 188 L   0.99738 0.00000 0.00262 0.00000 ( 1)
 189 L   0.99788 0.00000 0.00212 0.00000 ( 1)
 190 K   0.99731 0.00000 0.00269 0.00000 ( 1)
 191 V   0.99417 0.00000 0.00583 0.00000 ( 1)
 192 W   0.99782 0.00000 0.00218 0.00000 ( 1)
 193 G   0.99571 0.00000 0.00429 0.00000 ( 1)
 194 K   0.99719 0.00000 0.00281 0.00000 ( 1)
 195 F   0.99766 0.00000 0.00234 0.00000 ( 1)
 196 V   0.99496 0.00000 0.00504 0.00000 ( 1)
 197 P   0.99564 0.00000 0.00436 0.00000 ( 1)
 198 E   0.99813 0.00000 0.00187 0.00000 ( 1)
 199 G   0.99704 0.00000 0.00296 0.00000 ( 1)
 200 F   0.99787 0.00000 0.00213 0.00000 ( 1)
 201 L   0.99508 0.00000 0.00492 0.00000 ( 1)
 202 T   0.99727 0.00000 0.00273 0.00000 ( 1)
 203 T   0.99709 0.00000 0.00291 0.00000 ( 1)
 204 C   0.99717 0.00000 0.00283 0.00000 ( 1)
 205 S   0.99737 0.00000 0.00263 0.00000 ( 1)
 206 F   0.99787 0.00000 0.00213 0.00000 ( 1)
 207 D   0.99806 0.00000 0.00194 0.00000 ( 1)
 208 Y   0.99813 0.00000 0.00187 0.00000 ( 1)
 209 F   0.99789 0.00000 0.00211 0.00000 ( 1)
 210 T   0.99657 0.00000 0.00343 0.00000 ( 1)
 211 D   0.99797 0.00000 0.00203 0.00000 ( 1)
 212 D   0.99774 0.00000 0.00226 0.00000 ( 1)
 213 E   0.99788 0.00000 0.00212 0.00000 ( 1)
 214 D   0.99809 0.00000 0.00191 0.00000 ( 1)
 215 T   0.99750 0.00000 0.00250 0.00000 ( 1)
 216 K   0.99818 0.00000 0.00182 0.00000 ( 1)
 217 V   0.99630 0.00000 0.00370 0.00000 ( 1)
 218 F   0.99788 0.00000 0.00212 0.00000 ( 1)
 219 V   0.99558 0.00000 0.00442 0.00000 ( 1)
 220 A   0.98592 0.00000 0.01408 0.00000 ( 1)
 221 C   0.99673 0.00000 0.00327 0.00000 ( 1)
 222 I   0.99694 0.00000 0.00306 0.00000 ( 1)
 223 F   0.99754 0.00000 0.00246 0.00000 ( 1)
 224 V   0.99232 0.00000 0.00768 0.00000 ( 1)
 225 W   0.99782 0.00000 0.00218 0.00000 ( 1)
 226 S   0.99857 0.00000 0.00143 0.00000 ( 1)
 227 Y   0.99813 0.00000 0.00187 0.00000 ( 1)
 228 C   0.99543 0.00000 0.00457 0.00000 ( 1)
 229 F   0.99692 0.00000 0.00308 0.00000 ( 1)
 230 P   0.99818 0.00000 0.00182 0.00000 ( 1)
 231 M   0.99823 0.00000 0.00177 0.00000 ( 1)
 232 A   0.00000 0.99418 0.00000 0.00582 ( 2)
 233 L   0.99766 0.00000 0.00234 0.00000 ( 1)
 234 I   0.99671 0.00000 0.00329 0.00000 ( 1)
 235 C   0.99855 0.00000 0.00145 0.00000 ( 1)
 236 I   0.81869 0.00000 0.18131 0.00000 ( 1)
 237 F   0.99788 0.00000 0.00212 0.00000 ( 1)
 238 Y   0.99813 0.00000 0.00187 0.00000 ( 1)
 239 S   0.59639 0.00000 0.40361 0.00000 ( 1)
 240 K   0.99780 0.00000 0.00220 0.00000 ( 1)
 241 L   0.99439 0.00000 0.00561 0.00000 ( 1)
 242 F   0.99771 0.00000 0.00229 0.00000 ( 1)
 243 T   0.99805 0.00000 0.00195 0.00000 ( 1)
 244 A   0.99713 0.00000 0.00287 0.00000 ( 1)
 245 V   0.99489 0.00000 0.00511 0.00000 ( 1)
 246 R   0.99498 0.00000 0.00502 0.00000 ( 1)
 247 L   0.99359 0.00000 0.00641 0.00000 ( 1)
 248 H   0.99847 0.00000 0.00153 0.00000 ( 1)
 249 E   0.99810 0.00000 0.00190 0.00000 ( 1)
 250 K   0.99785 0.00000 0.00215 0.00000 ( 1)
 251 M   0.99823 0.00000 0.00177 0.00000 ( 1)
 252 L   0.99602 0.00000 0.00398 0.00000 ( 1)
 253 K   0.00001 0.99294 0.00000 0.00706 ( 2)
 254 E   0.99715 0.00000 0.00285 0.00000 ( 1)
 255 Q   0.99634 0.00000 0.00366 0.00000 ( 1)
 256 A   0.99716 0.00000 0.00284 0.00000 ( 1)
 257 K   0.01784 0.00000 0.98216 0.00000 ( 3)
 258 K   0.99818 0.00000 0.00182 0.00000 ( 1)
 259 M   0.99823 0.00000 0.00177 0.00000 ( 1)
 260 N   0.99809 0.00000 0.00191 0.00000 ( 1)
 261 V   0.99623 0.00000 0.00377 0.00000 ( 1)
 262 K   0.99815 0.00000 0.00185 0.00000 ( 1)
 263 S   0.99358 0.00000 0.00642 0.00000 ( 1)
 264 L   0.99734 0.00000 0.00266 0.00000 ( 1)
 265 A   0.85278 0.00000 0.14722 0.00000 ( 1)
 266 S   0.69025 0.00000 0.30975 0.00000 ( 1)
 267 N   0.99808 0.00000 0.00192 0.00000 ( 1)
 268 K   0.99653 0.00000 0.00347 0.00000 ( 1)
 269 E   0.99725 0.00000 0.00275 0.00000 ( 1)
 270 D   0.99796 0.00000 0.00204 0.00000 ( 1)
 271 A   0.99747 0.00000 0.00253 0.00000 ( 1)
 272 G   0.99701 0.00000 0.00299 0.00000 ( 1)
 273 K   0.99812 0.00000 0.00188 0.00000 ( 1)
 274 S   0.99858 0.00000 0.00142 0.00000 ( 1)
 275 V   0.99615 0.00000 0.00385 0.00000 ( 1)
 276 E   0.99812 0.00000 0.00188 0.00000 ( 1)
 277 I   0.99692 0.00000 0.00308 0.00000 ( 1)
 278 R   0.99669 0.00000 0.00331 0.00000 ( 1)
 279 I   0.99669 0.00000 0.00331 0.00000 ( 1)
 280 A   0.99576 0.00000 0.00424 0.00000 ( 1)
 281 K   0.99741 0.00000 0.00259 0.00000 ( 1)
 282 V   0.99597 0.00000 0.00403 0.00000 ( 1)
 283 A   0.99576 0.00000 0.00424 0.00000 ( 1)
 284 F   0.99788 0.00000 0.00212 0.00000 ( 1)
 285 T   0.99576 0.00000 0.00424 0.00000 ( 1)
 286 I   0.99658 0.00000 0.00342 0.00000 ( 1)
 287 F   0.99788 0.00000 0.00212 0.00000 ( 1)
 288 F   0.99788 0.00000 0.00212 0.00000 ( 1)
 289 L   0.99576 0.00000 0.00424 0.00000 ( 1)
 290 F   0.99788 0.00000 0.00212 0.00000 ( 1)
 291 V   0.55222 0.00000 0.44778 0.00000 ( 1)
 292 C   0.99833 0.00000 0.00167 0.00000 ( 1)
 293 A   0.99733 0.00000 0.00267 0.00000 ( 1)
 294 W   0.99782 0.00000 0.00218 0.00000 ( 1)
 295 T   0.99748 0.00000 0.00252 0.00000 ( 1)
 296 P   0.99771 0.00000 0.00229 0.00000 ( 1)
 297 Y   0.99813 0.00000 0.00187 0.00000 ( 1)
 298 A   0.99582 0.00000 0.00418 0.00000 ( 1)
 299 V   0.99681 0.00000 0.00319 0.00000 ( 1)
 300 V   0.99531 0.00000 0.00469 0.00000 ( 1)
 301 T   0.85675 0.00000 0.14325 0.00000 ( 1)
 302 M   0.99823 0.00000 0.00177 0.00000 ( 1)
 303 I   0.99525 0.00000 0.00475 0.00000 ( 1)
 304 G   0.99786 0.00000 0.00214 0.00000 ( 1)
 305 A   0.99736 0.00000 0.00264 0.00000 ( 1)
 306 F   0.99770 0.00000 0.00230 0.00000 ( 1)
 307 G   0.99368 0.00000 0.00632 0.00000 ( 1)
 308 D   0.99808 0.00000 0.00192 0.00000 ( 1)
 309 R   0.99801 0.00000 0.00199 0.00000 ( 1)
 310 S   0.00000 0.99266 0.00000 0.00734 ( 2)
 311 L   0.99667 0.00000 0.00333 0.00000 ( 1)
 312 L   0.99582 0.00000 0.00418 0.00000 ( 1)
 313 T   0.99542 0.00000 0.00458 0.00000 ( 1)
 314 P   0.99565 0.00000 0.00435 0.00000 ( 1)
 315 H   0.99614 0.00000 0.00386 0.00000 ( 1)
 316 V   0.99680 0.00000 0.00320 0.00000 ( 1)
 317 T   0.99563 0.00000 0.00437 0.00000 ( 1)
 318 M   0.99823 0.00000 0.00177 0.00000 ( 1)
 319 I   0.99666 0.00000 0.00334 0.00000 ( 1)
 320 P   0.99489 0.00000 0.00511 0.00000 ( 1)
 321 A   0.99540 0.00000 0.00460 0.00000 ( 1)
 322 V   0.99604 0.00000 0.00396 0.00000 ( 1)
 323 F   0.99856 0.00000 0.00144 0.00000 ( 1)
 324 A   0.99497 0.00000 0.00503 0.00000 ( 1)
 325 K   0.99801 0.00000 0.00199 0.00000 ( 1)
 326 S   0.99660 0.00000 0.00340 0.00000 ( 1)
 327 V   0.99583 0.00000 0.00417 0.00000 ( 1)
 328 S   0.99800 0.00000 0.00200 0.00000 ( 1)
 329 C   0.99855 0.00000 0.00145 0.00000 ( 1)
 330 I   0.99770 0.00000 0.00230 0.00000 ( 1)
 331 D   0.99805 0.00000 0.00195 0.00000 ( 1)
 332 P   0.99795 0.00000 0.00205 0.00000 ( 1)
 333 W   0.99782 0.00000 0.00218 0.00000 ( 1)
 334 V   0.99096 0.00000 0.00904 0.00000 ( 1)
 335 Y   0.99743 0.00000 0.00257 0.00000 ( 1)
 336 A   0.99533 0.00000 0.00467 0.00000 ( 1)
 337 I   0.99619 0.00000 0.00381 0.00000 ( 1)
 338 N   0.99726 0.00000 0.00274 0.00000 ( 1)
 339 H   0.99704 0.00000 0.00296 0.00000 ( 1)
 340 P   0.99801 0.00000 0.00199 0.00000 ( 1)
 341 R   0.99749 0.00000 0.00251 0.00000 ( 1)
 342 Y   0.99813 0.00000 0.00187 0.00000 ( 1)
 343 R   0.99622 0.00000 0.00378 0.00000 ( 1)
 344 A   0.51032 0.00000 0.48968 0.00000 ( 1)
 345 E   0.99804 0.00000 0.00196 0.00000 ( 1)
 346 L   0.99383 0.00000 0.00617 0.00000 ( 1)
 347 Q   0.99787 0.00000 0.00213 0.00000 ( 1)
 348 K   0.99648 0.00000 0.00352 0.00000 ( 1)
 349 R   0.99234 0.00000 0.00766 0.00000 ( 1)
 350 L   0.99626 0.00000 0.00374 0.00000 ( 1)
 351 P   0.99649 0.00000 0.00351 0.00000 ( 1)
 352 W   0.99782 0.00000 0.00218 0.00000 ( 1)
 353 M   0.99526 0.00000 0.00474 0.00000 ( 1)
 354 G   0.99572 0.00000 0.00428 0.00000 ( 1)
 355 V   0.99480 0.00000 0.00520 0.00000 ( 1)
 356 R   0.99313 0.00000 0.00687 0.00000 ( 1)
 357 E   0.99791 0.00000 0.00209 0.00000 ( 1)
 358 P   0.00000 0.97622 0.00000 0.02378 ( 2)
 359 D   0.99695 0.00000 0.00305 0.00000 ( 1)
 360 P   0.99809 0.00000 0.00191 0.00000 ( 1)
 361 E   0.99808 0.00000 0.00192 0.00000 ( 1)
 362 T   0.00932 0.95693 0.00013 0.03362 ( 2)
 363 Q   0.99476 0.00000 0.00524 0.00000 ( 1)
 364 S   0.99801 0.00000 0.00199 0.00000 ( 1)
 365 S   0.99662 0.00000 0.00338 0.00000 ( 1)
 366 N   0.99474 0.00000 0.00526 0.00000 ( 1)
 367 A   0.99528 0.00000 0.00472 0.00000 ( 1)
 368 S   0.99572 0.00000 0.00428 0.00000 ( 1)
 369 T   0.27286 0.00000 0.72714 0.00000 ( 3)
 370 T   0.99727 0.00000 0.00273 0.00000 ( 1)
 371 Q   0.61739 0.00000 0.38261 0.00000 ( 1)
 372 S   0.94972 0.03396 0.01499 0.00133 ( 1)
 373 Q   0.58269 0.00000 0.41731 0.00000 ( 1)
 374 S   0.00000 0.85319 0.00000 0.14681 ( 2)
 375 A   0.00000 0.93667 0.00000 0.06333 ( 2)
 376 D   0.96664 0.00000 0.03336 0.00000 ( 1)
 377 A   0.96664 0.00000 0.03336 0.00000 ( 1)

