Supplemental results for CODEML (seqf: align.fa  treef: tree.nwk)


MLEs of dN/dS (w) for site classes (K=4)

site class             0        1       2a       2b
proportion       0.91544  0.04001  0.04269  0.00187
background w     0.03888  1.00000  0.03888  1.00000
foreground w     0.03888  1.00000  1.00000  1.00000

Naive Empirical Bayes (NEB) probabilities for 4 classes
(amino acids refer to 1st sequence: ColCroc|Blue5)

   1 N   0.98846 0.00000 0.01154 0.00000 ( 1)
   2 V   0.97768 0.00000 0.02232 0.00000 ( 1)
   3 N   0.00000 0.95545 0.00000 0.04455 ( 2)
   4 N   0.97781 0.00000 0.02219 0.00000 ( 1)
   5 F   0.98633 0.00000 0.01367 0.00000 ( 1)
   6 S   0.98077 0.00000 0.01923 0.00000 ( 1)
   7 A   0.28617 0.67569 0.00663 0.03151 ( 2)
   8 E   0.00000 0.95545 0.00000 0.04455 ( 2)
   9 A   0.98614 0.00000 0.01386 0.00000 ( 1)
  10 R   0.77693 0.00000 0.22307 0.00000 ( 1)
  11 P   0.97631 0.00000 0.02369 0.00000 ( 1)
  12 V   0.98845 0.00000 0.01155 0.00000 ( 1)
  13 A   0.98106 0.00000 0.01894 0.00000 ( 1)
  14 Y   0.94736 0.00002 0.05263 0.00000 ( 1)
  15 P   0.97133 0.00000 0.02867 0.00000 ( 1)
  16 F   0.97380 0.00000 0.02620 0.00000 ( 1)
  17 K   0.96498 0.00000 0.03502 0.00000 ( 1)
  18 M   0.98846 0.00000 0.01154 0.00000 ( 1)
  19 V   0.97716 0.00000 0.02284 0.00000 ( 1)
  20 S   0.98322 0.00000 0.01678 0.00000 ( 1)
  21 D   0.00000 0.95545 0.00000 0.04455 ( 2)
  22 E   0.65667 0.00000 0.34333 0.00000 ( 1)
  23 V   0.98111 0.00000 0.01889 0.00000 ( 1)
  24 Q   0.95545 0.00000 0.04455 0.00000 ( 1)
  25 Q   0.97692 0.00000 0.02308 0.00000 ( 1)
  26 N   0.98232 0.00000 0.01768 0.00000 ( 1)
  27 M   0.98846 0.00000 0.01154 0.00000 ( 1)
  28 L   0.97589 0.00000 0.02411 0.00000 ( 1)
  29 G   0.98323 0.00000 0.01677 0.00000 ( 1)
  30 W   0.72702 0.00000 0.27298 0.00000 ( 1)
  31 N   0.98599 0.00000 0.01401 0.00000 ( 1)
  32 V   0.98480 0.00000 0.01520 0.00000 ( 1)
  33 P   0.97817 0.00000 0.02183 0.00000 ( 1)
  34 S   0.04349 0.00000 0.95651 0.00000 ( 3)
  35 E   0.98191 0.00000 0.01809 0.00000 ( 1)
  36 Y   0.97945 0.00000 0.02055 0.00000 ( 1)
  37 Q   0.97256 0.00000 0.02744 0.00000 ( 1)
  38 D   0.98590 0.00000 0.01410 0.00000 ( 1)
  39 L   0.97117 0.00000 0.02883 0.00000 ( 1)
  40 V   0.98131 0.00000 0.01869 0.00000 ( 1)
  41 H   0.98238 0.00000 0.01762 0.00000 ( 1)
  42 D   0.98116 0.00000 0.01884 0.00000 ( 1)
  43 H   0.98334 0.00000 0.01666 0.00000 ( 1)
  44 W   0.97543 0.00000 0.02457 0.00000 ( 1)
  45 R   0.97946 0.00000 0.02054 0.00000 ( 1)
  46 N   0.92670 0.00000 0.07330 0.00000 ( 1)
  47 F   0.98639 0.00000 0.01361 0.00000 ( 1)
  48 A   0.98189 0.00000 0.01811 0.00000 ( 1)
  49 A   0.98216 0.00000 0.01784 0.00000 ( 1)
  50 I   0.98414 0.00000 0.01586 0.00000 ( 1)
  51 D   0.98539 0.00000 0.01461 0.00000 ( 1)
  52 K   0.98232 0.00000 0.01768 0.00000 ( 1)
  53 F   0.98162 0.00000 0.01838 0.00000 ( 1)
  54 W   0.97543 0.00000 0.02457 0.00000 ( 1)
  55 H   0.98331 0.00000 0.01669 0.00000 ( 1)
  56 Y   0.98164 0.00000 0.01836 0.00000 ( 1)
  57 C   0.98323 0.00000 0.01677 0.00000 ( 1)
  58 L   0.97533 0.00000 0.02467 0.00000 ( 1)
  59 A   0.98113 0.00000 0.01887 0.00000 ( 1)
  60 L   0.98260 0.00000 0.01740 0.00000 ( 1)
  61 I   0.98632 0.00000 0.01368 0.00000 ( 1)
  62 Y   0.98160 0.00000 0.01840 0.00000 ( 1)
  63 M   0.98471 0.00000 0.01529 0.00000 ( 1)
  64 I   0.74954 0.00000 0.25046 0.00000 ( 1)
  65 L   0.98368 0.00000 0.01632 0.00000 ( 1)
  66 W   0.98846 0.00000 0.01154 0.00000 ( 1)
  67 I   0.90581 0.07566 0.01500 0.00353 ( 1)
  68 S   0.98471 0.00000 0.01529 0.00000 ( 1)
  69 S   0.97133 0.00000 0.02867 0.00000 ( 1)
  70 V   0.98273 0.00000 0.01727 0.00000 ( 1)
  71 C   0.97392 0.00000 0.02608 0.00000 ( 1)
  72 G   0.98300 0.00000 0.01700 0.00000 ( 1)
  73 N   0.98536 0.00000 0.01464 0.00000 ( 1)
  74 G   0.98278 0.00000 0.01722 0.00000 ( 1)
  75 I   0.98637 0.00000 0.01363 0.00000 ( 1)
  76 V   0.98333 0.00000 0.01667 0.00000 ( 1)
  77 V   0.98464 0.00000 0.01536 0.00000 ( 1)
  78 W   0.97543 0.00000 0.02457 0.00000 ( 1)
  79 I   0.98147 0.00000 0.01853 0.00000 ( 1)
  80 F   0.97845 0.00000 0.02155 0.00000 ( 1)
  81 S   0.98537 0.00000 0.01463 0.00000 ( 1)
  82 T   0.97936 0.00000 0.02064 0.00000 ( 1)
  83 S   0.97293 0.00000 0.02707 0.00000 ( 1)
  84 K   0.60359 0.00000 0.39641 0.00000 ( 1)
  85 S   0.41549 0.00000 0.58451 0.00000 ( 3)
  86 L   0.97559 0.00000 0.02441 0.00000 ( 1)
  87 R   0.97821 0.00000 0.02179 0.00000 ( 1)
  88 S   0.98251 0.00000 0.01749 0.00000 ( 1)
  89 A   0.96755 0.00000 0.03245 0.00000 ( 1)
  90 S   0.98535 0.00000 0.01465 0.00000 ( 1)
  91 N   0.98599 0.00000 0.01401 0.00000 ( 1)
  92 M   0.98846 0.00000 0.01154 0.00000 ( 1)
  93 F   0.98644 0.00000 0.01356 0.00000 ( 1)
  94 I   0.98139 0.00000 0.01861 0.00000 ( 1)
  95 V   0.98147 0.00000 0.01853 0.00000 ( 1)
  96 N   0.98603 0.00000 0.01397 0.00000 ( 1)
  97 L   0.97531 0.00000 0.02469 0.00000 ( 1)
  98 A   0.98097 0.00000 0.01903 0.00000 ( 1)
  99 L   0.97533 0.00000 0.02467 0.00000 ( 1)
 100 F   0.98645 0.00000 0.01355 0.00000 ( 1)
 101 D   0.98595 0.00000 0.01405 0.00000 ( 1)
 102 M   0.49915 0.00000 0.50085 0.00000 ( 3)
 103 V   0.98846 0.00000 0.01154 0.00000 ( 1)
 104 M   0.98846 0.00000 0.01154 0.00000 ( 1)
 105 M   0.98846 0.00000 0.01154 0.00000 ( 1)
 106 I   0.95538 0.01949 0.02422 0.00091 ( 1)
 107 E   0.98224 0.00000 0.01776 0.00000 ( 1)
 108 M   0.98846 0.00000 0.01154 0.00000 ( 1)
 109 P   0.97346 0.00000 0.02654 0.00000 ( 1)
 110 H   0.98338 0.00000 0.01662 0.00000 ( 1)
 111 L   0.98387 0.00000 0.01613 0.00000 ( 1)
 112 I   0.98636 0.00000 0.01364 0.00000 ( 1)
 113 I   0.00000 0.95545 0.00000 0.04455 ( 2)
 114 N   0.98602 0.00000 0.01398 0.00000 ( 1)
 115 S   0.98247 0.00000 0.01753 0.00000 ( 1)
 116 F   0.98638 0.00000 0.01362 0.00000 ( 1)
 117 Y   0.97416 0.00000 0.02584 0.00000 ( 1)
 118 Q   0.97689 0.00000 0.02311 0.00000 ( 1)
 119 K   0.97395 0.00000 0.02605 0.00000 ( 1)
 120 M   0.97626 0.00000 0.02374 0.00000 ( 1)
 121 I   0.97745 0.00000 0.02255 0.00000 ( 1)
 122 G   0.97600 0.00000 0.02400 0.00000 ( 1)
 123 Y   0.98161 0.00000 0.01839 0.00000 ( 1)
 124 Q   0.97689 0.00000 0.02311 0.00000 ( 1)
 125 V   0.97692 0.00000 0.02308 0.00000 ( 1)
 126 G   0.97866 0.00000 0.02134 0.00000 ( 1)
 127 C   0.98164 0.00000 0.01836 0.00000 ( 1)
 128 D   0.98416 0.00000 0.01584 0.00000 ( 1)
 129 I   0.98589 0.00000 0.01411 0.00000 ( 1)
 130 Y   0.98152 0.00000 0.01848 0.00000 ( 1)
 131 A   0.98294 0.00000 0.01706 0.00000 ( 1)
 132 T   0.98124 0.00000 0.01876 0.00000 ( 1)
 133 L   0.97600 0.00000 0.02400 0.00000 ( 1)
 134 G   0.98321 0.00000 0.01679 0.00000 ( 1)
 135 S   0.97727 0.00000 0.02273 0.00000 ( 1)
 136 I   0.97538 0.00000 0.02462 0.00000 ( 1)
 137 S   0.97213 0.00000 0.02787 0.00000 ( 1)
 138 G   0.98266 0.00000 0.01734 0.00000 ( 1)
 139 I   0.98500 0.00000 0.01500 0.00000 ( 1)
 140 G   0.97397 0.00000 0.02603 0.00000 ( 1)
 141 A   0.97928 0.00000 0.02072 0.00000 ( 1)
 142 A   0.98411 0.00000 0.01589 0.00000 ( 1)
 143 I   0.98482 0.00000 0.01518 0.00000 ( 1)
 144 S   0.98414 0.00000 0.01586 0.00000 ( 1)
 145 N   0.98535 0.00000 0.01465 0.00000 ( 1)
 146 A   0.98392 0.00000 0.01608 0.00000 ( 1)
 147 V   0.98375 0.00000 0.01625 0.00000 ( 1)
 148 I   0.97974 0.00000 0.02026 0.00000 ( 1)
 149 A   0.98191 0.00000 0.01809 0.00000 ( 1)
 150 Y   0.97860 0.00000 0.02140 0.00000 ( 1)
 151 D   0.98538 0.00000 0.01462 0.00000 ( 1)
 152 R   0.96822 0.00000 0.03178 0.00000 ( 1)
 153 Y   0.98155 0.00000 0.01845 0.00000 ( 1)
 154 K   0.97718 0.00000 0.02282 0.00000 ( 1)
 155 T   0.98130 0.00000 0.01870 0.00000 ( 1)
 156 I   0.98147 0.00000 0.01853 0.00000 ( 1)
 157 S   0.97680 0.00000 0.02320 0.00000 ( 1)
 158 C   0.97915 0.00000 0.02085 0.00000 ( 1)
 159 P   0.97189 0.00000 0.02811 0.00000 ( 1)
 160 I   0.97522 0.00000 0.02478 0.00000 ( 1)
 161 D   0.97817 0.00000 0.02183 0.00000 ( 1)
 162 G   0.98255 0.00000 0.01745 0.00000 ( 1)
 163 R   0.97471 0.00000 0.02529 0.00000 ( 1)
 164 I   0.98578 0.00000 0.01422 0.00000 ( 1)
 165 N   0.97973 0.00000 0.02027 0.00000 ( 1)
 166 K   0.97692 0.00000 0.02308 0.00000 ( 1)
 167 V   0.98105 0.00000 0.01895 0.00000 ( 1)
 168 Q   0.97644 0.00000 0.02356 0.00000 ( 1)
 169 A   0.98085 0.00000 0.01915 0.00000 ( 1)
 170 S   0.00000 0.95545 0.00000 0.04455 ( 2)
 171 I   0.97573 0.00000 0.02427 0.00000 ( 1)
 172 L   0.98131 0.00000 0.01869 0.00000 ( 1)
 173 I   0.98631 0.00000 0.01369 0.00000 ( 1)
 174 A   0.00003 0.95539 0.00003 0.04455 ( 2)
 175 F   0.98642 0.00000 0.01358 0.00000 ( 1)
 176 T   0.98131 0.00000 0.01869 0.00000 ( 1)
 177 W   0.97543 0.00000 0.02457 0.00000 ( 1)
 178 F   0.98277 0.00000 0.01723 0.00000 ( 1)
 179 W   0.97543 0.00000 0.02457 0.00000 ( 1)
 180 T   0.97694 0.00000 0.02306 0.00000 ( 1)
 181 L   0.00028 0.95488 0.00031 0.04453 ( 2)
 182 P   0.98236 0.00000 0.01764 0.00000 ( 1)
 183 F   0.98645 0.00000 0.01355 0.00000 ( 1)
 184 T   0.98338 0.00000 0.01662 0.00000 ( 1)
 185 I   0.97939 0.00000 0.02061 0.00000 ( 1)
 186 L   0.97321 0.00000 0.02679 0.00000 ( 1)
 187 P   0.97999 0.00000 0.02001 0.00000 ( 1)
 188 L   0.98432 0.00000 0.01568 0.00000 ( 1)
 189 L   0.98642 0.00000 0.01358 0.00000 ( 1)
 190 K   0.97557 0.00000 0.02443 0.00000 ( 1)
 191 V   0.97832 0.00000 0.02168 0.00000 ( 1)
 192 W   0.97543 0.00000 0.02457 0.00000 ( 1)
 193 G   0.97862 0.00000 0.02138 0.00000 ( 1)
 194 K   0.97429 0.00000 0.02571 0.00000 ( 1)
 195 F   0.98565 0.00000 0.01435 0.00000 ( 1)
 196 V   0.97655 0.00000 0.02345 0.00000 ( 1)
 197 P   0.97123 0.00000 0.02877 0.00000 ( 1)
 198 E   0.98224 0.00000 0.01776 0.00000 ( 1)
 199 G   0.97391 0.00000 0.02609 0.00000 ( 1)
 200 F   0.98639 0.00000 0.01361 0.00000 ( 1)
 201 L   0.97562 0.00000 0.02438 0.00000 ( 1)
 202 T   0.98098 0.00000 0.01902 0.00000 ( 1)
 203 T   0.98425 0.00000 0.01575 0.00000 ( 1)
 204 C   0.97208 0.00000 0.02792 0.00000 ( 1)
 205 S   0.97726 0.00000 0.02274 0.00000 ( 1)
 206 F   0.98638 0.00000 0.01362 0.00000 ( 1)
 207 D   0.98588 0.00000 0.01412 0.00000 ( 1)
 208 Y   0.98164 0.00000 0.01836 0.00000 ( 1)
 209 F   0.98644 0.00000 0.01356 0.00000 ( 1)
 210 T   0.97691 0.00000 0.02309 0.00000 ( 1)
 211 D   0.98557 0.00000 0.01443 0.00000 ( 1)
 212 D   0.97965 0.00000 0.02035 0.00000 ( 1)
 213 E   0.97689 0.00000 0.02311 0.00000 ( 1)
 214 D   0.98597 0.00000 0.01403 0.00000 ( 1)
 215 T   0.98133 0.00000 0.01867 0.00000 ( 1)
 216 K   0.98233 0.00000 0.01767 0.00000 ( 1)
 217 V   0.98130 0.00000 0.01870 0.00000 ( 1)
 218 F   0.98643 0.00000 0.01357 0.00000 ( 1)
 219 V   0.98321 0.00000 0.01679 0.00000 ( 1)
 220 A   0.56927 0.00000 0.43073 0.00000 ( 1)
 221 C   0.05113 0.00000 0.94887 0.00000 ( 3)
 222 I   0.98639 0.00000 0.01361 0.00000 ( 1)
 223 F   0.98026 0.00000 0.01974 0.00000 ( 1)
 224 V   0.97630 0.00000 0.02370 0.00000 ( 1)
 225 W   0.97543 0.00000 0.02457 0.00000 ( 1)
 226 S   0.98536 0.00000 0.01464 0.00000 ( 1)
 227 Y   0.98164 0.00000 0.01836 0.00000 ( 1)
 228 C   0.98139 0.00000 0.01861 0.00000 ( 1)
 229 F   0.98633 0.00000 0.01367 0.00000 ( 1)
 230 P   0.98245 0.00000 0.01755 0.00000 ( 1)
 231 M   0.98846 0.00000 0.01154 0.00000 ( 1)
 232 A   0.00000 0.95545 0.00000 0.04455 ( 2)
 233 L   0.98389 0.00000 0.01611 0.00000 ( 1)
 234 I   0.98067 0.00000 0.01933 0.00000 ( 1)
 235 C   0.98173 0.00000 0.01827 0.00000 ( 1)
 236 I   0.98014 0.00000 0.01986 0.00000 ( 1)
 237 F   0.98642 0.00000 0.01358 0.00000 ( 1)
 238 Y   0.98162 0.00000 0.01838 0.00000 ( 1)
 239 S   0.97589 0.00000 0.02411 0.00000 ( 1)
 240 K   0.97676 0.00000 0.02324 0.00000 ( 1)
 241 L   0.97593 0.00000 0.02407 0.00000 ( 1)
 242 F   0.98580 0.00000 0.01420 0.00000 ( 1)
 243 T   0.98254 0.00000 0.01746 0.00000 ( 1)
 244 A   0.98109 0.00000 0.01891 0.00000 ( 1)
 245 V   0.98069 0.00000 0.01931 0.00000 ( 1)
 246 R   0.97190 0.00000 0.02810 0.00000 ( 1)
 247 L   0.65495 0.00000 0.34505 0.00000 ( 1)
 248 H   0.98329 0.00000 0.01671 0.00000 ( 1)
 249 E   0.98218 0.00000 0.01782 0.00000 ( 1)
 250 K   0.98160 0.00000 0.01840 0.00000 ( 1)
 251 M   0.98846 0.00000 0.01154 0.00000 ( 1)
 252 L   0.97530 0.00000 0.02470 0.00000 ( 1)
 253 K   0.00000 0.95545 0.00000 0.04455 ( 2)
 254 E   0.62952 0.00000 0.37048 0.00000 ( 1)
 255 Q   0.97405 0.00000 0.02595 0.00000 ( 1)
 256 A   0.98114 0.00000 0.01886 0.00000 ( 1)
 257 K   0.96584 0.00000 0.03416 0.00000 ( 1)
 258 K   0.98233 0.00000 0.01767 0.00000 ( 1)
 259 M   0.98846 0.00000 0.01154 0.00000 ( 1)
 260 N   0.98602 0.00000 0.01398 0.00000 ( 1)
 261 V   0.98129 0.00000 0.01871 0.00000 ( 1)
 262 K   0.98228 0.00000 0.01772 0.00000 ( 1)
 263 S   0.97856 0.00000 0.02144 0.00000 ( 1)
 264 L   0.98336 0.00000 0.01664 0.00000 ( 1)
 265 A   0.98145 0.00000 0.01855 0.00000 ( 1)
 266 S   0.77767 0.00000 0.22233 0.00000 ( 1)
 267 N   0.98599 0.00000 0.01401 0.00000 ( 1)
 268 K   0.97724 0.00000 0.02276 0.00000 ( 1)
 269 E   0.98019 0.00000 0.01981 0.00000 ( 1)
 270 D   0.98553 0.00000 0.01447 0.00000 ( 1)
 271 A   0.98464 0.00000 0.01536 0.00000 ( 1)
 272 G   0.70765 0.00000 0.29235 0.00000 ( 1)
 273 K   0.98223 0.00000 0.01777 0.00000 ( 1)
 274 S   0.98537 0.00000 0.01463 0.00000 ( 1)
 275 V   0.98394 0.00000 0.01606 0.00000 ( 1)
 276 E   0.98223 0.00000 0.01777 0.00000 ( 1)
 277 I   0.98634 0.00000 0.01366 0.00000 ( 1)
 278 R   0.97687 0.00000 0.02313 0.00000 ( 1)
 279 I   0.98376 0.00000 0.01624 0.00000 ( 1)
 280 A   0.98009 0.00000 0.01991 0.00000 ( 1)
 281 K   0.98001 0.00000 0.01999 0.00000 ( 1)
 282 V   0.98388 0.00000 0.01612 0.00000 ( 1)
 283 A   0.98396 0.00000 0.01604 0.00000 ( 1)
 284 F   0.98642 0.00000 0.01358 0.00000 ( 1)
 285 T   0.98350 0.00000 0.01650 0.00000 ( 1)
 286 I   0.98577 0.00000 0.01423 0.00000 ( 1)
 287 F   0.98643 0.00000 0.01357 0.00000 ( 1)
 288 F   0.98642 0.00000 0.01358 0.00000 ( 1)
 289 L   0.97664 0.00000 0.02336 0.00000 ( 1)
 290 F   0.98643 0.00000 0.01357 0.00000 ( 1)
 291 V   0.97208 0.00000 0.02792 0.00000 ( 1)
 292 C   0.98103 0.00000 0.01897 0.00000 ( 1)
 293 A   0.98125 0.00000 0.01875 0.00000 ( 1)
 294 W   0.97543 0.00000 0.02457 0.00000 ( 1)
 295 T   0.98132 0.00000 0.01868 0.00000 ( 1)
 296 P   0.97865 0.00000 0.02135 0.00000 ( 1)
 297 Y   0.98162 0.00000 0.01838 0.00000 ( 1)
 298 A   0.97959 0.00000 0.02041 0.00000 ( 1)
 299 V   0.98551 0.00000 0.01449 0.00000 ( 1)
 300 V   0.98291 0.00000 0.01709 0.00000 ( 1)
 301 T   0.97228 0.00000 0.02772 0.00000 ( 1)
 302 M   0.98846 0.00000 0.01154 0.00000 ( 1)
 303 I   0.98328 0.00000 0.01672 0.00000 ( 1)
 304 G   0.98263 0.00000 0.01737 0.00000 ( 1)
 305 A   0.98417 0.00000 0.01583 0.00000 ( 1)
 306 F   0.98579 0.00000 0.01421 0.00000 ( 1)
 307 G   0.97122 0.00000 0.02878 0.00000 ( 1)
 308 D   0.98594 0.00000 0.01406 0.00000 ( 1)
 309 R   0.97643 0.00000 0.02357 0.00000 ( 1)
 310 S   0.00000 0.95545 0.00000 0.04455 ( 2)
 311 L   0.98594 0.00000 0.01406 0.00000 ( 1)
 312 L   0.97524 0.00000 0.02476 0.00000 ( 1)
 313 T   0.97492 0.00000 0.02508 0.00000 ( 1)
 314 P   0.97833 0.00000 0.02167 0.00000 ( 1)
 315 H   0.98103 0.00000 0.01897 0.00000 ( 1)
 316 V   0.98315 0.00000 0.01685 0.00000 ( 1)
 317 T   0.98265 0.00000 0.01735 0.00000 ( 1)
 318 M   0.98846 0.00000 0.01154 0.00000 ( 1)
 319 I   0.98065 0.00000 0.01935 0.00000 ( 1)
 320 P   0.97154 0.00000 0.02846 0.00000 ( 1)
 321 A   0.97468 0.00000 0.02532 0.00000 ( 1)
 322 V   0.98391 0.00000 0.01609 0.00000 ( 1)
 323 F   0.98176 0.00000 0.01824 0.00000 ( 1)
 324 A   0.04554 0.00000 0.95446 0.00000 ( 3)
 325 K   0.98204 0.00000 0.01796 0.00000 ( 1)
 326 S   0.97928 0.00000 0.02072 0.00000 ( 1)
 327 V   0.97747 0.00000 0.02253 0.00000 ( 1)
 328 S   0.98284 0.00000 0.01716 0.00000 ( 1)
 329 C   0.98175 0.00000 0.01825 0.00000 ( 1)
 330 I   0.98146 0.00000 0.01854 0.00000 ( 1)
 331 D   0.98584 0.00000 0.01416 0.00000 ( 1)
 332 P   0.98189 0.00000 0.01811 0.00000 ( 1)
 333 W   0.97543 0.00000 0.02457 0.00000 ( 1)
 334 V   0.60430 0.00000 0.39570 0.00000 ( 1)
 335 Y   0.97254 0.00000 0.02746 0.00000 ( 1)
 336 A   0.97578 0.00000 0.02422 0.00000 ( 1)
 337 I   0.98125 0.00000 0.01875 0.00000 ( 1)
 338 N   0.98386 0.00000 0.01614 0.00000 ( 1)
 339 H   0.97340 0.00000 0.02660 0.00000 ( 1)
 340 P   0.98203 0.00000 0.01797 0.00000 ( 1)
 341 R   0.97445 0.00000 0.02555 0.00000 ( 1)
 342 Y   0.98164 0.00000 0.01836 0.00000 ( 1)
 343 R   0.98091 0.00000 0.01909 0.00000 ( 1)
 344 A   0.95361 0.00000 0.04639 0.00000 ( 1)
 345 E   0.98206 0.00000 0.01794 0.00000 ( 1)
 346 L   0.96935 0.00000 0.03065 0.00000 ( 1)
 347 Q   0.97688 0.00000 0.02312 0.00000 ( 1)
 348 K   0.98165 0.00000 0.01835 0.00000 ( 1)
 349 R   0.97158 0.00000 0.02842 0.00000 ( 1)
 350 L   0.98552 0.00000 0.01448 0.00000 ( 1)
 351 P   0.97173 0.00000 0.02827 0.00000 ( 1)
 352 W   0.97543 0.00000 0.02457 0.00000 ( 1)
 353 M   0.97630 0.00000 0.02370 0.00000 ( 1)
 354 G   0.97858 0.00000 0.02142 0.00000 ( 1)
 355 V   0.98104 0.00000 0.01896 0.00000 ( 1)
 356 R   0.97303 0.00000 0.02697 0.00000 ( 1)
 357 E   0.98179 0.00000 0.01821 0.00000 ( 1)
 358 P   0.00000 0.95545 0.00000 0.04455 ( 2)
 359 D   0.98487 0.00000 0.01513 0.00000 ( 1)
 360 P   0.98196 0.00000 0.01804 0.00000 ( 1)
 361 E   0.98595 0.00000 0.01405 0.00000 ( 1)
 362 T   0.00000 0.95545 0.00000 0.04455 ( 2)
 363 Q   0.98140 0.00000 0.01860 0.00000 ( 1)
 364 S   0.98284 0.00000 0.01716 0.00000 ( 1)
 365 S   0.97804 0.00000 0.02196 0.00000 ( 1)
 366 N   0.97795 0.00000 0.02205 0.00000 ( 1)
 367 A   0.98376 0.00000 0.01624 0.00000 ( 1)
 368 S   0.97429 0.00000 0.02571 0.00000 ( 1)
 369 T   0.75436 0.00000 0.24564 0.00000 ( 1)
 370 T   0.98283 0.00000 0.01717 0.00000 ( 1)
 371 Q   0.09676 0.00000 0.90324 0.00000 ( 3)
 372 S   0.01121 0.93662 0.00850 0.04368 ( 2)
 373 Q   0.28616 0.00000 0.71384 0.00000 ( 3)
 374 S   0.00000 0.95545 0.00000 0.04455 ( 2)
 375 A   0.00000 0.95545 0.00000 0.04455 ( 2)
 376 D   0.97681 0.00000 0.02319 0.00000 ( 1)
 377 A   0.97544 0.00000 0.02456 0.00000 ( 1)


lnL = -74014.293596

