Supplemental results for CODEML (seqf: align.fa  treef: tree.nwk)


MLEs of dN/dS (w) for site classes (K=4)

site class             0        1       2a       2b
proportion       0.92941  0.02795  0.04139  0.00124
background w     0.04056  1.00000  0.04056  1.00000
foreground w     0.04056  1.00000  1.19215  1.19215

Naive Empirical Bayes (NEB) probabilities for 4 classes
(amino acids refer to 1st sequence: ColCroc|LWS3)

   1 M   0.99360 0.00000 0.00640 0.00000 ( 1)
   2 A   0.97464 0.00020 0.02515 0.00001 ( 1)
   3 T   0.00000 0.94866 0.00000 0.05134 ( 2)
   4 S   0.10254 0.00000 0.89746 0.00000 ( 3)
   5 M   0.73882 0.00000 0.26118 0.00000 ( 1)
   6 D   0.78159 0.00000 0.21841 0.00000 ( 1)
   7 P   0.98571 0.00000 0.01429 0.00000 ( 1)
   8 A   0.97933 0.00000 0.02067 0.00000 ( 1)
   9 P   0.98458 0.00000 0.01542 0.00000 ( 1)
  10 G   0.98493 0.00000 0.01507 0.00000 ( 1)
  11 V   0.00000 0.96177 0.00000 0.03823 ( 2)
  12 A   0.98321 0.00000 0.01679 0.00000 ( 1)
  13 A   0.98725 0.00000 0.01275 0.00000 ( 1)
  14 M   0.98129 0.00000 0.01871 0.00000 ( 1)
  15 Q   0.98296 0.00000 0.01704 0.00000 ( 1)
  16 T   0.98790 0.00000 0.01210 0.00000 ( 1)
  17 W   0.98341 0.00000 0.01659 0.00000 ( 1)
  18 G   0.99005 0.00000 0.00995 0.00000 ( 1)
  19 G   0.98608 0.00000 0.01392 0.00000 ( 1)
  20 H   0.98291 0.00000 0.01709 0.00000 ( 1)
  21 A   0.98868 0.00000 0.01132 0.00000 ( 1)
  22 E   0.98881 0.00000 0.01119 0.00000 ( 1)
  23 A   0.98810 0.00000 0.01190 0.00000 ( 1)
  24 Y   0.98859 0.00000 0.01141 0.00000 ( 1)
  25 S   0.98990 0.00000 0.01010 0.00000 ( 1)
  26 A   0.98891 0.00000 0.01109 0.00000 ( 1)
  27 N   0.99160 0.00000 0.00840 0.00000 ( 1)
  28 Q   0.98291 0.00000 0.01709 0.00000 ( 1)
  29 T   0.98798 0.00000 0.01202 0.00000 ( 1)
  30 V   0.98763 0.00000 0.01237 0.00000 ( 1)
  31 V   0.98966 0.00000 0.01034 0.00000 ( 1)
  32 D   0.99175 0.00000 0.00825 0.00000 ( 1)
  33 K   0.98478 0.00000 0.01522 0.00000 ( 1)
  34 V   0.98701 0.00000 0.01299 0.00000 ( 1)
  35 L   0.08397 0.83066 0.04637 0.03899 ( 2)
  36 P   0.98072 0.00000 0.01928 0.00000 ( 1)
  37 E   0.99098 0.00000 0.00902 0.00000 ( 1)
  38 M   0.99360 0.00000 0.00640 0.00000 ( 1)
  39 L   0.72055 0.00000 0.27945 0.00000 ( 1)
  40 H   0.98931 0.00000 0.01069 0.00000 ( 1)
  41 L   0.75833 0.00000 0.24167 0.00000 ( 1)
  42 I   0.98648 0.00000 0.01352 0.00000 ( 1)
  43 D   0.99174 0.00000 0.00826 0.00000 ( 1)
  44 A   0.98065 0.00000 0.01935 0.00000 ( 1)
  45 H   0.98963 0.00000 0.01037 0.00000 ( 1)
  46 W   0.98341 0.00000 0.01659 0.00000 ( 1)
  47 Y   0.98695 0.00000 0.01305 0.00000 ( 1)
  48 Q   0.97883 0.00000 0.02117 0.00000 ( 1)
  49 F   0.99014 0.00000 0.00986 0.00000 ( 1)
  50 P   0.98065 0.00000 0.01935 0.00000 ( 1)
  51 P   0.98485 0.00000 0.01515 0.00000 ( 1)
  52 M   0.99360 0.00000 0.00640 0.00000 ( 1)
  53 N   0.98889 0.00000 0.01111 0.00000 ( 1)
  54 P   0.98480 0.00000 0.01520 0.00000 ( 1)
  55 L   0.97640 0.00000 0.02360 0.00000 ( 1)
  56 W   0.98341 0.00000 0.01659 0.00000 ( 1)
  57 Y   0.98960 0.00000 0.01040 0.00000 ( 1)
  58 G   0.97942 0.00000 0.02058 0.00000 ( 1)
  59 L   0.98152 0.00000 0.01848 0.00000 ( 1)
  60 L   0.98232 0.00000 0.01768 0.00000 ( 1)
  61 G   0.98240 0.00000 0.01760 0.00000 ( 1)
  62 F   0.99204 0.00000 0.00796 0.00000 ( 1)
  63 T   0.11026 0.00000 0.88974 0.00000 ( 3)
  64 I   0.98890 0.00000 0.01110 0.00000 ( 1)
  65 C   0.98989 0.00000 0.01011 0.00000 ( 1)
  66 I   0.00000 0.96309 0.00000 0.03691 ( 2)
  67 L   0.98950 0.00000 0.01050 0.00000 ( 1)
  68 A   0.98515 0.00000 0.01485 0.00000 ( 1)
  69 F   0.99190 0.00000 0.00810 0.00000 ( 1)
  70 I   0.98951 0.00000 0.01049 0.00000 ( 1)
  71 S   0.97861 0.00000 0.02139 0.00000 ( 1)
  72 V   0.99159 0.00000 0.00841 0.00000 ( 1)
  73 T   0.71428 0.00000 0.28572 0.00000 ( 1)
  74 G   0.98719 0.00000 0.01281 0.00000 ( 1)
  75 N   0.99162 0.00000 0.00838 0.00000 ( 1)
  76 G   0.97923 0.00000 0.02077 0.00000 ( 1)
  77 M   0.99360 0.00000 0.00640 0.00000 ( 1)
  78 V   0.98889 0.00000 0.01111 0.00000 ( 1)
  79 I   0.99175 0.00000 0.00825 0.00000 ( 1)
  80 Y   0.98826 0.00000 0.01174 0.00000 ( 1)
  81 I   0.99041 0.00000 0.00959 0.00000 ( 1)
  82 F   0.98952 0.00000 0.01048 0.00000 ( 1)
  83 S   0.98510 0.00000 0.01490 0.00000 ( 1)
  84 T   0.97542 0.00085 0.02369 0.00004 ( 1)
  85 T   0.98885 0.00000 0.01115 0.00000 ( 1)
  86 K   0.98839 0.00000 0.01161 0.00000 ( 1)
  87 S   0.00000 0.96417 0.00000 0.03583 ( 2)
  88 L   0.98981 0.00000 0.01019 0.00000 ( 1)
  89 K   0.98476 0.00000 0.01524 0.00000 ( 1)
  90 T   0.98268 0.00000 0.01732 0.00000 ( 1)
  91 P   0.98076 0.00000 0.01924 0.00000 ( 1)
  92 S   0.97845 0.00000 0.02155 0.00000 ( 1)
  93 N   0.99161 0.00000 0.00839 0.00000 ( 1)
  94 L   0.98327 0.00000 0.01673 0.00000 ( 1)
  95 L   0.98098 0.00000 0.01902 0.00000 ( 1)
  96 V   0.98587 0.00000 0.01413 0.00000 ( 1)
  97 V   0.98284 0.00000 0.01716 0.00000 ( 1)
  98 N   0.98769 0.00000 0.01231 0.00000 ( 1)
  99 L   0.97627 0.00000 0.02373 0.00000 ( 1)
 100 A   0.98454 0.00000 0.01546 0.00000 ( 1)
 101 F   0.98930 0.00000 0.01070 0.00000 ( 1)
 102 S   0.98173 0.00000 0.01827 0.00000 ( 1)
 103 D   0.98884 0.00000 0.01116 0.00000 ( 1)
 104 F   0.99193 0.00000 0.00807 0.00000 ( 1)
 105 L   0.97861 0.00000 0.02139 0.00000 ( 1)
 106 M   0.99360 0.00000 0.00640 0.00000 ( 1)
 107 M   0.99360 0.00000 0.00640 0.00000 ( 1)
 108 A   0.98918 0.00001 0.01082 0.00000 ( 1)
 109 M   0.00000 0.95805 0.00000 0.04195 ( 2)
 110 M   0.99360 0.00000 0.00640 0.00000 ( 1)
 111 A   0.98504 0.00000 0.01496 0.00000 ( 1)
 112 P   0.98813 0.00000 0.01187 0.00000 ( 1)
 113 P   0.84861 0.13652 0.00951 0.00536 ( 1)
 114 L   0.99360 0.00000 0.00640 0.00000 ( 1)
 115 C   0.98634 0.00000 0.01366 0.00000 ( 1)
 116 I   0.70364 0.00000 0.29636 0.00000 ( 1)
 117 N   0.71516 0.00000 0.28484 0.00000 ( 1)
 118 S   0.98641 0.00000 0.01359 0.00000 ( 1)
 119 Y   0.98843 0.00000 0.01157 0.00000 ( 1)
 120 Y   0.72535 0.00000 0.27465 0.00000 ( 1)
 121 Q   0.98544 0.00000 0.01456 0.00000 ( 1)
 122 T   0.98292 0.00000 0.01708 0.00000 ( 1)
 123 W   0.98341 0.00000 0.01659 0.00000 ( 1)
 124 V   0.98281 0.00000 0.01719 0.00000 ( 1)
 125 F   0.98901 0.00000 0.01099 0.00000 ( 1)
 126 G   0.98450 0.00000 0.01550 0.00000 ( 1)
 127 P   0.98344 0.00000 0.01655 0.00000 ( 1)
 128 V   0.98444 0.00000 0.01556 0.00000 ( 1)
 129 A   0.98383 0.00000 0.01617 0.00000 ( 1)
 130 C   0.98648 0.00000 0.01352 0.00000 ( 1)
 131 Q   0.98546 0.00000 0.01454 0.00000 ( 1)
 132 F   0.98380 0.00000 0.01620 0.00000 ( 1)
 133 Y   0.98856 0.00000 0.01144 0.00000 ( 1)
 134 A   0.98532 0.00000 0.01468 0.00000 ( 1)
 135 C   0.98393 0.00000 0.01607 0.00000 ( 1)
 136 F   0.98413 0.00073 0.01512 0.00003 ( 1)
 137 G   0.98941 0.00000 0.01059 0.00000 ( 1)
 138 S   0.98290 0.00000 0.01710 0.00000 ( 1)
 139 L   0.56425 0.00000 0.43575 0.00000 ( 1)
 140 F   0.98966 0.00000 0.01034 0.00000 ( 1)
 141 G   0.98978 0.00000 0.01022 0.00000 ( 1)
 142 C   0.98826 0.00000 0.01174 0.00000 ( 1)
 143 V   0.69917 0.00000 0.30083 0.00000 ( 1)
 144 S   0.98835 0.00000 0.01165 0.00000 ( 1)
 145 I   0.99071 0.00000 0.00929 0.00000 ( 1)
 146 W   0.98341 0.00000 0.01659 0.00000 ( 1)
 147 T   0.98312 0.00000 0.01688 0.00000 ( 1)
 148 M   0.99360 0.00000 0.00640 0.00000 ( 1)
 149 T   0.98367 0.00000 0.01633 0.00000 ( 1)
 150 A   0.99360 0.00000 0.00640 0.00000 ( 1)
 151 I   0.99129 0.00000 0.00871 0.00000 ( 1)
 152 A   0.98662 0.00000 0.01338 0.00000 ( 1)
 153 F   0.99202 0.00000 0.00798 0.00000 ( 1)
 154 D   0.99171 0.00000 0.00829 0.00000 ( 1)
 155 R   0.97125 0.00000 0.02875 0.00000 ( 1)
 156 Y   0.98859 0.00000 0.01141 0.00000 ( 1)
 157 N   0.99020 0.00000 0.00980 0.00000 ( 1)
 158 V   0.98968 0.00000 0.01032 0.00000 ( 1)
 159 I   0.99155 0.00000 0.00845 0.00000 ( 1)
 160 V   0.98785 0.00000 0.01215 0.00000 ( 1)
 161 K   0.98495 0.00000 0.01505 0.00000 ( 1)
 162 G   0.98239 0.00000 0.01761 0.00000 ( 1)
 163 I   0.98800 0.00000 0.01200 0.00000 ( 1)
 164 A   0.99028 0.00000 0.00972 0.00000 ( 1)
 165 A   0.99018 0.00000 0.00982 0.00000 ( 1)
 166 K   0.98839 0.00000 0.01161 0.00000 ( 1)
 167 P   0.98999 0.00000 0.01001 0.00000 ( 1)
 168 L   0.99360 0.00000 0.00640 0.00000 ( 1)
 169 T   0.99057 0.00000 0.00943 0.00000 ( 1)
 170 V   0.75018 0.00000 0.24982 0.00000 ( 1)
 171 N   0.98888 0.00000 0.01112 0.00000 ( 1)
 172 G   0.97924 0.00000 0.02076 0.00000 ( 1)
 173 A   0.98641 0.00000 0.01359 0.00000 ( 1)
 174 L   0.97836 0.00000 0.02164 0.00000 ( 1)
 175 L   0.98447 0.00000 0.01553 0.00000 ( 1)
 176 Q   0.97631 0.00000 0.02369 0.00000 ( 1)
 177 I   0.98746 0.00000 0.01254 0.00000 ( 1)
 178 F   0.98879 0.00000 0.01121 0.00000 ( 1)
 179 G   0.98554 0.00000 0.01446 0.00000 ( 1)
 180 V   0.99166 0.00000 0.00834 0.00000 ( 1)
 181 W   0.98341 0.00000 0.01659 0.00000 ( 1)
 182 A   0.00000 0.96059 0.00000 0.03941 ( 2)
 183 F   0.99205 0.00000 0.00795 0.00000 ( 1)
 184 S   0.97855 0.00000 0.02145 0.00000 ( 1)
 185 L   0.98549 0.00000 0.01451 0.00000 ( 1)
 186 A   0.98295 0.00001 0.01705 0.00000 ( 1)
 187 W   0.98341 0.00000 0.01659 0.00000 ( 1)
 188 T   0.98532 0.00000 0.01468 0.00000 ( 1)
 189 L   0.98556 0.00000 0.01444 0.00000 ( 1)
 190 A   0.98826 0.00000 0.01174 0.00000 ( 1)
 191 P   0.98072 0.00000 0.01928 0.00000 ( 1)
 192 I   0.11628 0.00000 0.88372 0.00000 ( 3)
 193 F   0.99205 0.00000 0.00795 0.00000 ( 1)
 194 G   0.98877 0.00000 0.01123 0.00000 ( 1)
 195 W   0.98341 0.00000 0.01659 0.00000 ( 1)
 196 S   0.99150 0.00000 0.00850 0.00000 ( 1)
 197 R   0.98400 0.00000 0.01600 0.00000 ( 1)
 198 Y   0.98835 0.00000 0.01165 0.00000 ( 1)
 199 V   0.98698 0.00000 0.01302 0.00000 ( 1)
 200 P   0.98298 0.00000 0.01702 0.00000 ( 1)
 201 E   0.98544 0.00000 0.01456 0.00000 ( 1)
 202 G   0.98951 0.00000 0.01049 0.00000 ( 1)
 203 N   0.99161 0.00000 0.00839 0.00000 ( 1)
 204 M   0.99360 0.00000 0.00640 0.00000 ( 1)
 205 T   0.98790 0.00000 0.01210 0.00000 ( 1)
 206 A   0.98828 0.00000 0.01172 0.00000 ( 1)
 207 C   0.98912 0.00000 0.01088 0.00000 ( 1)
 208 G   0.98540 0.00000 0.01460 0.00000 ( 1)
 209 T   0.98901 0.00000 0.01099 0.00000 ( 1)
 210 D   0.99163 0.00000 0.00837 0.00000 ( 1)
 211 Y   0.98846 0.00000 0.01154 0.00000 ( 1)
 212 L   0.98689 0.00000 0.01311 0.00000 ( 1)
 213 S   0.00000 0.96563 0.00000 0.03437 ( 2)
 214 K   0.98839 0.00000 0.01161 0.00000 ( 1)
 215 D   0.99159 0.00000 0.00841 0.00000 ( 1)
 216 L   0.98341 0.00000 0.01659 0.00000 ( 1)
 217 L   0.00000 0.95306 0.00000 0.04694 ( 2)
 218 S   0.99126 0.00000 0.00874 0.00000 ( 1)
 219 Q   0.98695 0.00000 0.01305 0.00000 ( 1)
 220 I   0.98836 0.00000 0.01164 0.00000 ( 1)
 221 Y   0.98859 0.00000 0.01141 0.00000 ( 1)
 222 I   0.99166 0.00000 0.00834 0.00000 ( 1)
 223 I   0.98157 0.00000 0.01843 0.00000 ( 1)
 224 T   0.98291 0.00000 0.01709 0.00000 ( 1)
 225 Y   0.98858 0.00000 0.01142 0.00000 ( 1)
 226 S   0.98544 0.00000 0.01456 0.00000 ( 1)
 227 I   0.67609 0.00000 0.32391 0.00000 ( 1)
 228 A   0.99205 0.00000 0.00795 0.00000 ( 1)
 229 C   0.05277 0.00000 0.94723 0.00000 ( 3)
 230 Y   0.98579 0.00000 0.01421 0.00000 ( 1)
 231 F   0.99205 0.00000 0.00795 0.00000 ( 1)
 232 L   0.00000 0.95054 0.00000 0.04946 ( 2)
 233 P   0.98547 0.00000 0.01453 0.00000 ( 1)
 234 L   0.98737 0.00000 0.01263 0.00000 ( 1)
 235 A   0.79425 0.00000 0.20575 0.00000 ( 1)
 236 L   0.99029 0.00000 0.00971 0.00000 ( 1)
 237 I   0.99161 0.00000 0.00839 0.00000 ( 1)
 238 V   0.99161 0.00000 0.00839 0.00000 ( 1)
 239 Y   0.98482 0.00000 0.01518 0.00000 ( 1)
 240 S   0.98504 0.00000 0.01496 0.00000 ( 1)
 241 Y   0.98859 0.00000 0.01141 0.00000 ( 1)
 242 F   0.99194 0.00000 0.00806 0.00000 ( 1)
 243 F   0.98962 0.00000 0.01038 0.00000 ( 1)
 244 I   0.98886 0.00000 0.01114 0.00000 ( 1)
 245 V   0.73215 0.00000 0.26785 0.00000 ( 1)
 246 Q   0.98298 0.00000 0.01702 0.00000 ( 1)
 247 A   0.98739 0.00000 0.01261 0.00000 ( 1)
 248 V   0.98281 0.00000 0.01719 0.00000 ( 1)
 249 A   0.98807 0.00000 0.01193 0.00000 ( 1)
 250 A   0.98641 0.00000 0.01359 0.00000 ( 1)
 251 H   0.98955 0.00000 0.01045 0.00000 ( 1)
 252 E   0.98547 0.00000 0.01453 0.00000 ( 1)
 253 K   0.98476 0.00000 0.01524 0.00000 ( 1)
 254 A   0.98675 0.00000 0.01325 0.00000 ( 1)
 255 M   0.99360 0.00000 0.00640 0.00000 ( 1)
 256 R   0.98329 0.00000 0.01671 0.00000 ( 1)
 257 E   0.98544 0.00000 0.01456 0.00000 ( 1)
 258 Q   0.97906 0.00000 0.02094 0.00000 ( 1)
 259 A   0.98922 0.00000 0.01078 0.00000 ( 1)
 260 K   0.98512 0.00000 0.01488 0.00000 ( 1)
 261 K   0.98717 0.00000 0.01283 0.00000 ( 1)
 262 M   0.99360 0.00000 0.00640 0.00000 ( 1)
 263 N   0.99149 0.00000 0.00851 0.00000 ( 1)
 264 V   0.98464 0.00000 0.01536 0.00000 ( 1)
 265 A   0.98708 0.00000 0.01292 0.00000 ( 1)
 266 S   0.98259 0.00000 0.01741 0.00000 ( 1)
 267 L   0.98475 0.00000 0.01525 0.00000 ( 1)
 268 R   0.98247 0.00000 0.01753 0.00000 ( 1)
 269 S   0.98276 0.00000 0.01724 0.00000 ( 1)
 270 S   0.98774 0.00000 0.01226 0.00000 ( 1)
 271 E   0.73480 0.00000 0.26520 0.00000 ( 1)
 272 Q   0.98887 0.00000 0.01113 0.00000 ( 1)
 273 A   0.98880 0.00000 0.01120 0.00000 ( 1)
 274 N   0.99161 0.00000 0.00839 0.00000 ( 1)
 275 T   0.98671 0.00000 0.01329 0.00000 ( 1)
 276 S   0.99099 0.00000 0.00901 0.00000 ( 1)
 277 A   0.98643 0.00000 0.01357 0.00000 ( 1)
 278 E   0.98544 0.00000 0.01456 0.00000 ( 1)
 279 C   0.98928 0.00000 0.01072 0.00000 ( 1)
 280 K   0.98560 0.00000 0.01440 0.00000 ( 1)
 281 L   0.98262 0.00000 0.01738 0.00000 ( 1)
 282 A   0.98908 0.00000 0.01092 0.00000 ( 1)
 283 K   0.98514 0.00000 0.01486 0.00000 ( 1)
 284 V   0.98676 0.00000 0.01324 0.00000 ( 1)
 285 A   0.98615 0.00000 0.01385 0.00000 ( 1)
 286 L   0.97816 0.00000 0.02184 0.00000 ( 1)
 287 M   0.99360 0.00000 0.00640 0.00000 ( 1)
 288 T   0.99059 0.00000 0.00941 0.00000 ( 1)
 289 I   0.99087 0.00000 0.00913 0.00000 ( 1)
 290 S   0.98528 0.00000 0.01472 0.00000 ( 1)
 291 L   0.97753 0.00000 0.02247 0.00000 ( 1)
 292 W   0.98341 0.00000 0.01659 0.00000 ( 1)
 293 F   0.98987 0.00000 0.01013 0.00000 ( 1)
 294 M   0.99360 0.00000 0.00640 0.00000 ( 1)
 295 A   0.98398 0.00000 0.01602 0.00000 ( 1)
 296 W   0.98341 0.00000 0.01659 0.00000 ( 1)
 297 T   0.98648 0.00000 0.01352 0.00000 ( 1)
 298 P   0.98074 0.00000 0.01926 0.00000 ( 1)
 299 Y   0.98581 0.00000 0.01419 0.00000 ( 1)
 300 L   0.98134 0.00000 0.01866 0.00000 ( 1)
 301 V   0.98867 0.00000 0.01133 0.00000 ( 1)
 302 I   0.99170 0.00000 0.00830 0.00000 ( 1)
 303 N   0.99161 0.00000 0.00839 0.00000 ( 1)
 304 F   0.98859 0.00000 0.01141 0.00000 ( 1)
 305 A   0.98909 0.00000 0.01091 0.00000 ( 1)
 306 G   0.97939 0.00000 0.02061 0.00000 ( 1)
 307 V   0.98858 0.00000 0.01142 0.00000 ( 1)
 308 F   0.99205 0.00000 0.00795 0.00000 ( 1)
 309 E   0.98603 0.00000 0.01397 0.00000 ( 1)
 310 T   0.99126 0.00000 0.00874 0.00000 ( 1)
 311 A   0.98406 0.00000 0.01594 0.00000 ( 1)
 312 P   0.98567 0.00000 0.01433 0.00000 ( 1)
 313 I   0.98995 0.00000 0.01005 0.00000 ( 1)
 314 S   0.98759 0.00000 0.01241 0.00000 ( 1)
 315 P   0.98569 0.00000 0.01431 0.00000 ( 1)
 316 L   0.98148 0.00000 0.01852 0.00000 ( 1)
 317 S   0.98842 0.00000 0.01158 0.00000 ( 1)
 318 T   0.98624 0.00000 0.01376 0.00000 ( 1)
 319 I   0.99178 0.00000 0.00822 0.00000 ( 1)
 320 W   0.98341 0.00000 0.01659 0.00000 ( 1)
 321 G   0.98400 0.00000 0.01600 0.00000 ( 1)
 322 S   0.98399 0.00000 0.01601 0.00000 ( 1)
 323 V   0.65342 0.00000 0.34658 0.00000 ( 1)
 324 F   0.99189 0.00000 0.00811 0.00000 ( 1)
 325 A   0.98709 0.00000 0.01291 0.00000 ( 1)
 326 K   0.98543 0.00000 0.01457 0.00000 ( 1)
 327 A   0.98890 0.00000 0.01110 0.00000 ( 1)
 328 N   0.98928 0.00000 0.01072 0.00000 ( 1)
 329 A   0.98708 0.00000 0.01292 0.00000 ( 1)
 330 V   0.98667 0.00000 0.01333 0.00000 ( 1)
 331 Y   0.98587 0.00000 0.01413 0.00000 ( 1)
 332 N   0.98800 0.00000 0.01200 0.00000 ( 1)
 333 P   0.98496 0.00000 0.01504 0.00000 ( 1)
 334 I   0.98878 0.00000 0.01122 0.00000 ( 1)
 335 V   0.98280 0.00000 0.01720 0.00000 ( 1)
 336 Y   0.98297 0.00000 0.01703 0.00000 ( 1)
 337 G   0.98776 0.00000 0.01224 0.00000 ( 1)
 338 I   0.99179 0.00000 0.00821 0.00000 ( 1)
 339 S   0.98835 0.00000 0.01165 0.00000 ( 1)
 340 H   0.98462 0.00000 0.01538 0.00000 ( 1)
 341 P   0.98483 0.00000 0.01517 0.00000 ( 1)
 342 K   0.98476 0.00000 0.01524 0.00000 ( 1)
 343 Y   0.98859 0.00000 0.01141 0.00000 ( 1)
 344 R   0.98042 0.00000 0.01958 0.00000 ( 1)
 345 A   0.98727 0.00000 0.01273 0.00000 ( 1)
 346 A   0.98691 0.00000 0.01309 0.00000 ( 1)
 347 L   0.98122 0.00000 0.01878 0.00000 ( 1)
 348 Y   0.98859 0.00000 0.01141 0.00000 ( 1)
 349 Q   0.98298 0.00000 0.01702 0.00000 ( 1)
 350 R   0.98786 0.00000 0.01214 0.00000 ( 1)
 351 F   0.99205 0.00000 0.00795 0.00000 ( 1)
 352 P   0.98171 0.00000 0.01829 0.00000 ( 1)
 353 S   0.65253 0.00000 0.34747 0.00000 ( 1)
 354 L   0.98605 0.00000 0.01395 0.00000 ( 1)
 355 A   0.65113 0.00000 0.34887 0.00000 ( 1)
 356 C   0.98928 0.00000 0.01072 0.00000 ( 1)
 357 Q   0.98288 0.00000 0.01712 0.00000 ( 1)
 358 P   0.65041 0.07628 0.26991 0.00341 ( 1)
 359 S   0.98445 0.00000 0.01555 0.00000 ( 1)
 360 P   0.98432 0.00000 0.01568 0.00000 ( 1)
 361 E   0.99118 0.00000 0.00882 0.00000 ( 1)
 362 E   0.98579 0.00000 0.01421 0.00000 ( 1)
 363 T   0.00000 0.96423 0.00000 0.03577 ( 2)
 364 G   0.64291 0.00000 0.35709 0.00000 ( 1)
 365 S   0.98976 0.00000 0.01024 0.00000 ( 1)
 366 V   0.98525 0.00000 0.01475 0.00000 ( 1)
 367 A   0.74189 0.00000 0.25811 0.00000 ( 1)
 368 S   0.98882 0.00000 0.01118 0.00000 ( 1)
 369 A   0.76746 0.00000 0.23254 0.00000 ( 1)
 370 A   0.98025 0.00000 0.01975 0.00000 ( 1)
 371 T   0.99043 0.00000 0.00957 0.00000 ( 1)
 372 A   0.99006 0.00000 0.00994 0.00000 ( 1)
 373 C   0.06243 0.00000 0.93757 0.00000 ( 3)
 374 T   0.71901 0.00000 0.28099 0.00000 ( 1)
 375 E   0.98601 0.00000 0.01399 0.00000 ( 1)
 376 E   0.98874 0.00000 0.01126 0.00000 ( 1)
 377 K   0.98828 0.00000 0.01172 0.00000 ( 1)
 378 P   0.98609 0.00000 0.01391 0.00000 ( 1)
 379 S   0.99007 0.00000 0.00993 0.00000 ( 1)
 380 A   0.98727 0.00000 0.01273 0.00000 ( 1)


lnL = -69098.324509

Bayes Empirical Bayes (BEB) probabilities for 4 classes (class)
(amino acids refer to 1st sequence: ColCroc|LWS3)

   1 M   0.99802 0.00000 0.00198 0.00000 ( 1)
   2 A   0.98735 0.00000 0.01265 0.00000 ( 1)
   3 T   0.00000 0.91327 0.00000 0.08673 ( 2)
   4 S   0.13436 0.00000 0.86564 0.00000 ( 3)
   5 M   0.84666 0.00000 0.15334 0.00000 ( 1)
   6 D   0.90295 0.00000 0.09705 0.00000 ( 1)
   7 P   0.99513 0.00000 0.00487 0.00000 ( 1)
   8 A   0.99368 0.00000 0.00632 0.00000 ( 1)
   9 P   0.99520 0.00000 0.00480 0.00000 ( 1)
  10 G   0.99423 0.00000 0.00577 0.00000 ( 1)
  11 V   0.00000 0.98355 0.00000 0.01645 ( 2)
  12 A   0.99398 0.00000 0.00602 0.00000 ( 1)
  13 A   0.99537 0.00000 0.00463 0.00000 ( 1)
  14 M   0.99402 0.00000 0.00598 0.00000 ( 1)
  15 Q   0.99560 0.00000 0.00440 0.00000 ( 1)
  16 T   0.99471 0.00000 0.00529 0.00000 ( 1)
  17 W   0.99583 0.00000 0.00417 0.00000 ( 1)
  18 G   0.99716 0.00000 0.00284 0.00000 ( 1)
  19 G   0.99599 0.00000 0.00401 0.00000 ( 1)
  20 H   0.99556 0.00000 0.00444 0.00000 ( 1)
  21 A   0.99424 0.00000 0.00576 0.00000 ( 1)
  22 E   0.99481 0.00000 0.00519 0.00000 ( 1)
  23 A   0.99534 0.00000 0.00466 0.00000 ( 1)
  24 Y   0.99686 0.00000 0.00314 0.00000 ( 1)
  25 S   0.99707 0.00000 0.00293 0.00000 ( 1)
  26 A   0.99584 0.00000 0.00416 0.00000 ( 1)
  27 N   0.99748 0.00000 0.00252 0.00000 ( 1)
  28 Q   0.99556 0.00000 0.00444 0.00000 ( 1)
  29 T   0.99548 0.00000 0.00452 0.00000 ( 1)
  30 V   0.99490 0.00000 0.00510 0.00000 ( 1)
  31 V   0.99540 0.00000 0.00460 0.00000 ( 1)
  32 D   0.99737 0.00000 0.00263 0.00000 ( 1)
  33 K   0.99609 0.00000 0.00391 0.00000 ( 1)
  34 V   0.99509 0.00000 0.00491 0.00000 ( 1)
  35 L   0.70513 0.04033 0.25297 0.00157 ( 1)
  36 P   0.99403 0.00000 0.00597 0.00000 ( 1)
  37 E   0.99693 0.00000 0.00307 0.00000 ( 1)
  38 M   0.99802 0.00000 0.00198 0.00000 ( 1)
  39 L   0.83739 0.00000 0.16261 0.00000 ( 1)
  40 H   0.99728 0.00000 0.00272 0.00000 ( 1)
  41 L   0.87230 0.00000 0.12770 0.00000 ( 1)
  42 I   0.99389 0.00000 0.00611 0.00000 ( 1)
  43 D   0.99736 0.00000 0.00264 0.00000 ( 1)
  44 A   0.99402 0.00000 0.00598 0.00000 ( 1)
  45 H   0.99744 0.00000 0.00256 0.00000 ( 1)
  46 W   0.99583 0.00000 0.00417 0.00000 ( 1)
  47 Y   0.99617 0.00000 0.00383 0.00000 ( 1)
  48 Q   0.99390 0.00000 0.00610 0.00000 ( 1)
  49 F   0.99628 0.00000 0.00372 0.00000 ( 1)
  50 P   0.99402 0.00000 0.00598 0.00000 ( 1)
  51 P   0.99561 0.00000 0.00439 0.00000 ( 1)
  52 M   0.99802 0.00000 0.00198 0.00000 ( 1)
  53 N   0.99632 0.00000 0.00368 0.00000 ( 1)
  54 P   0.99566 0.00000 0.00434 0.00000 ( 1)
  55 L   0.99173 0.00000 0.00827 0.00000 ( 1)
  56 W   0.99583 0.00000 0.00417 0.00000 ( 1)
  57 Y   0.99743 0.00000 0.00257 0.00000 ( 1)
  58 G   0.99371 0.00000 0.00629 0.00000 ( 1)
  59 L   0.99306 0.00000 0.00694 0.00000 ( 1)
  60 L   0.99196 0.00000 0.00804 0.00000 ( 1)
  61 G   0.99342 0.00000 0.00658 0.00000 ( 1)
  62 F   0.99713 0.00000 0.00287 0.00000 ( 1)
  63 T   0.16738 0.00000 0.83262 0.00000 ( 3)
  64 I   0.99614 0.00000 0.00386 0.00000 ( 1)
  65 C   0.99706 0.00000 0.00294 0.00000 ( 1)
  66 I   0.00000 0.98374 0.00000 0.01626 ( 2)
  67 L   0.99660 0.00000 0.00340 0.00000 ( 1)
  68 A   0.99578 0.00000 0.00422 0.00000 ( 1)
  69 F   0.99707 0.00000 0.00293 0.00000 ( 1)
  70 I   0.99586 0.00000 0.00414 0.00000 ( 1)
  71 S   0.99271 0.00000 0.00729 0.00000 ( 1)
  72 V   0.99651 0.00000 0.00349 0.00000 ( 1)
  73 T   0.83903 0.00000 0.16097 0.00000 ( 1)
  74 G   0.99596 0.00000 0.00404 0.00000 ( 1)
  75 N   0.99750 0.00000 0.00250 0.00000 ( 1)
  76 G   0.99368 0.00000 0.00632 0.00000 ( 1)
  77 M   0.99802 0.00000 0.00198 0.00000 ( 1)
  78 V   0.99528 0.00000 0.00472 0.00000 ( 1)
  79 I   0.99661 0.00000 0.00339 0.00000 ( 1)
  80 Y   0.99666 0.00000 0.00334 0.00000 ( 1)
  81 I   0.99601 0.00000 0.00399 0.00000 ( 1)
  82 F   0.99637 0.00000 0.00363 0.00000 ( 1)
  83 S   0.99416 0.00000 0.00584 0.00000 ( 1)
  84 T   0.98449 0.00001 0.01550 0.00000 ( 1)
  85 T   0.99550 0.00000 0.00450 0.00000 ( 1)
  86 K   0.99706 0.00000 0.00294 0.00000 ( 1)
  87 S   0.00000 0.99072 0.00000 0.00928 ( 2)
  88 L   0.99667 0.00000 0.00333 0.00000 ( 1)
  89 K   0.99611 0.00000 0.00389 0.00000 ( 1)
  90 T   0.99431 0.00000 0.00569 0.00000 ( 1)
  91 P   0.99404 0.00000 0.00596 0.00000 ( 1)
  92 S   0.99266 0.00000 0.00734 0.00000 ( 1)
  93 N   0.99749 0.00000 0.00251 0.00000 ( 1)
  94 L   0.99523 0.00000 0.00477 0.00000 ( 1)
  95 L   0.99296 0.00000 0.00704 0.00000 ( 1)
  96 V   0.99426 0.00000 0.00574 0.00000 ( 1)
  97 V   0.99377 0.00000 0.00623 0.00000 ( 1)
  98 N   0.99670 0.00000 0.00330 0.00000 ( 1)
  99 L   0.99161 0.00000 0.00839 0.00000 ( 1)
 100 A   0.99428 0.00000 0.00572 0.00000 ( 1)
 101 F   0.99645 0.00000 0.00355 0.00000 ( 1)
 102 S   0.99346 0.00000 0.00654 0.00000 ( 1)
 103 D   0.99643 0.00000 0.00357 0.00000 ( 1)
 104 F   0.99708 0.00000 0.00292 0.00000 ( 1)
 105 L   0.98964 0.00000 0.01036 0.00000 ( 1)
 106 M   0.99802 0.00000 0.00198 0.00000 ( 1)
 107 M   0.99802 0.00000 0.00198 0.00000 ( 1)
 108 A   0.99728 0.00000 0.00272 0.00000 ( 1)
 109 M   0.00000 0.96376 0.00000 0.03624 ( 2)
 110 M   0.99802 0.00000 0.00198 0.00000 ( 1)
 111 A   0.99524 0.00000 0.00476 0.00000 ( 1)
 112 P   0.99581 0.00000 0.00419 0.00000 ( 1)
 113 P   0.99495 0.00058 0.00446 0.00001 ( 1)
 114 L   0.99802 0.00000 0.00198 0.00000 ( 1)
 115 C   0.99462 0.00000 0.00538 0.00000 ( 1)
 116 I   0.83471 0.00000 0.16529 0.00000 ( 1)
 117 N   0.86960 0.00000 0.13040 0.00000 ( 1)
 118 S   0.99595 0.00000 0.00405 0.00000 ( 1)
 119 Y   0.99679 0.00000 0.00321 0.00000 ( 1)
 120 Y   0.85066 0.00000 0.14934 0.00000 ( 1)
 121 Q   0.99619 0.00000 0.00381 0.00000 ( 1)
 122 T   0.99432 0.00000 0.00568 0.00000 ( 1)
 123 W   0.99583 0.00000 0.00417 0.00000 ( 1)
 124 V   0.99376 0.00000 0.00624 0.00000 ( 1)
 125 F   0.99654 0.00000 0.00346 0.00000 ( 1)
 126 G   0.99554 0.00000 0.00446 0.00000 ( 1)
 127 P   0.99441 0.00000 0.00559 0.00000 ( 1)
 128 V   0.99398 0.00000 0.00602 0.00000 ( 1)
 129 A   0.99404 0.00000 0.00596 0.00000 ( 1)
 130 C   0.99599 0.00000 0.00401 0.00000 ( 1)
 131 Q   0.99617 0.00000 0.00383 0.00000 ( 1)
 132 F   0.99448 0.00000 0.00552 0.00000 ( 1)
 133 Y   0.99685 0.00000 0.00315 0.00000 ( 1)
 134 A   0.99413 0.00000 0.00587 0.00000 ( 1)
 135 C   0.99579 0.00000 0.00421 0.00000 ( 1)
 136 F   0.99381 0.00000 0.00619 0.00000 ( 1)
 137 G   0.99684 0.00000 0.00316 0.00000 ( 1)
 138 S   0.99420 0.00000 0.00580 0.00000 ( 1)
 139 L   0.66862 0.00000 0.33138 0.00000 ( 1)
 140 F   0.99632 0.00000 0.00368 0.00000 ( 1)
 141 G   0.99704 0.00000 0.00296 0.00000 ( 1)
 142 C   0.99683 0.00000 0.00317 0.00000 ( 1)
 143 V   0.79670 0.00000 0.20330 0.00000 ( 1)
 144 S   0.99553 0.00000 0.00447 0.00000 ( 1)
 145 I   0.99622 0.00000 0.00378 0.00000 ( 1)
 146 W   0.99583 0.00000 0.00417 0.00000 ( 1)
 147 T   0.99432 0.00000 0.00568 0.00000 ( 1)
 148 M   0.99802 0.00000 0.00198 0.00000 ( 1)
 149 T   0.99437 0.00000 0.00563 0.00000 ( 1)
 150 A   0.99802 0.00000 0.00198 0.00000 ( 1)
 151 I   0.99643 0.00000 0.00357 0.00000 ( 1)
 152 A   0.99441 0.00000 0.00559 0.00000 ( 1)
 153 F   0.99712 0.00000 0.00288 0.00000 ( 1)
 154 D   0.99735 0.00000 0.00265 0.00000 ( 1)
 155 R   0.98902 0.00000 0.01098 0.00000 ( 1)
 156 Y   0.99686 0.00000 0.00314 0.00000 ( 1)
 157 N   0.99679 0.00000 0.00321 0.00000 ( 1)
 158 V   0.99538 0.00000 0.00462 0.00000 ( 1)
 159 I   0.99648 0.00000 0.00352 0.00000 ( 1)
 160 V   0.99422 0.00000 0.00578 0.00000 ( 1)
 161 K   0.99587 0.00000 0.00413 0.00000 ( 1)
 162 G   0.99342 0.00000 0.00658 0.00000 ( 1)
 163 I   0.99449 0.00000 0.00551 0.00000 ( 1)
 164 A   0.99592 0.00000 0.00408 0.00000 ( 1)
 165 A   0.99589 0.00000 0.00411 0.00000 ( 1)
 166 K   0.99706 0.00000 0.00294 0.00000 ( 1)
 167 P   0.99703 0.00000 0.00297 0.00000 ( 1)
 168 L   0.99802 0.00000 0.00198 0.00000 ( 1)
 169 T   0.99631 0.00000 0.00369 0.00000 ( 1)
 170 V   0.88411 0.00000 0.11589 0.00000 ( 1)
 171 N   0.99632 0.00000 0.00368 0.00000 ( 1)
 172 G   0.99368 0.00000 0.00632 0.00000 ( 1)
 173 A   0.99502 0.00000 0.00498 0.00000 ( 1)
 174 L   0.99212 0.00000 0.00788 0.00000 ( 1)
 175 L   0.99399 0.00000 0.00601 0.00000 ( 1)
 176 Q   0.99185 0.00000 0.00815 0.00000 ( 1)
 177 I   0.99432 0.00000 0.00568 0.00000 ( 1)
 178 F   0.99631 0.00000 0.00369 0.00000 ( 1)
 179 G   0.99488 0.00000 0.00512 0.00000 ( 1)
 180 V   0.99658 0.00000 0.00342 0.00000 ( 1)
 181 W   0.99583 0.00000 0.00417 0.00000 ( 1)
 182 A   0.00000 0.98050 0.00000 0.01950 ( 2)
 183 F   0.99713 0.00000 0.00287 0.00000 ( 1)
 184 S   0.99267 0.00000 0.00733 0.00000 ( 1)
 185 L   0.99580 0.00000 0.00420 0.00000 ( 1)
 186 A   0.99394 0.00000 0.00606 0.00000 ( 1)
 187 W   0.99583 0.00000 0.00417 0.00000 ( 1)
 188 T   0.99417 0.00000 0.00583 0.00000 ( 1)
 189 L   0.99580 0.00000 0.00420 0.00000 ( 1)
 190 A   0.99498 0.00000 0.00502 0.00000 ( 1)
 191 P   0.99404 0.00000 0.00596 0.00000 ( 1)
 192 I   0.16032 0.00000 0.83968 0.00000 ( 3)
 193 F   0.99714 0.00000 0.00286 0.00000 ( 1)
 194 G   0.99637 0.00000 0.00363 0.00000 ( 1)
 195 W   0.99583 0.00000 0.00417 0.00000 ( 1)
 196 S   0.99744 0.00000 0.00256 0.00000 ( 1)
 197 R   0.99501 0.00000 0.00499 0.00000 ( 1)
 198 Y   0.99676 0.00000 0.00324 0.00000 ( 1)
 199 V   0.99509 0.00000 0.00491 0.00000 ( 1)
 200 P   0.99425 0.00000 0.00575 0.00000 ( 1)
 201 E   0.99619 0.00000 0.00381 0.00000 ( 1)
 202 G   0.99688 0.00000 0.00312 0.00000 ( 1)
 203 N   0.99749 0.00000 0.00251 0.00000 ( 1)
 204 M   0.99802 0.00000 0.00198 0.00000 ( 1)
 205 T   0.99559 0.00000 0.00441 0.00000 ( 1)
 206 A   0.99466 0.00000 0.00534 0.00000 ( 1)
 207 C   0.99725 0.00000 0.00275 0.00000 ( 1)
 208 G   0.99434 0.00000 0.00566 0.00000 ( 1)
 209 T   0.99581 0.00000 0.00419 0.00000 ( 1)
 210 D   0.99731 0.00000 0.00269 0.00000 ( 1)
 211 Y   0.99681 0.00000 0.00319 0.00000 ( 1)
 212 L   0.99613 0.00000 0.00387 0.00000 ( 1)
 213 S   0.00000 0.99067 0.00000 0.00933 ( 2)
 214 K   0.99706 0.00000 0.00294 0.00000 ( 1)
 215 D   0.99729 0.00000 0.00271 0.00000 ( 1)
 216 L   0.99583 0.00000 0.00417 0.00000 ( 1)
 217 L   0.00000 0.95311 0.00001 0.04688 ( 2)
 218 S   0.99771 0.00000 0.00229 0.00000 ( 1)
 219 Q   0.99688 0.00000 0.00312 0.00000 ( 1)
 220 I   0.99638 0.00000 0.00362 0.00000 ( 1)
 221 Y   0.99686 0.00000 0.00314 0.00000 ( 1)
 222 I   0.99658 0.00000 0.00342 0.00000 ( 1)
 223 I   0.99401 0.00000 0.00599 0.00000 ( 1)
 224 T   0.99168 0.00000 0.00832 0.00000 ( 1)
 225 Y   0.99686 0.00000 0.00314 0.00000 ( 1)
 226 S   0.99416 0.00000 0.00584 0.00000 ( 1)
 227 I   0.77834 0.00000 0.22166 0.00000 ( 1)
 228 A   0.99714 0.00000 0.00286 0.00000 ( 1)
 229 C   0.04500 0.00000 0.95500 0.00000 ( 3)
 230 Y   0.99574 0.00000 0.00426 0.00000 ( 1)
 231 F   0.99713 0.00000 0.00287 0.00000 ( 1)
 232 L   0.00000 0.94222 0.00000 0.05778 ( 2)
 233 P   0.99484 0.00000 0.00516 0.00000 ( 1)
 234 L   0.99519 0.00000 0.00481 0.00000 ( 1)
 235 A   0.90404 0.00000 0.09596 0.00000 ( 1)
 236 L   0.99693 0.00000 0.00307 0.00000 ( 1)
 237 I   0.99652 0.00000 0.00348 0.00000 ( 1)
 238 V   0.99652 0.00000 0.00348 0.00000 ( 1)
 239 Y   0.99555 0.00000 0.00445 0.00000 ( 1)
 240 S   0.99524 0.00000 0.00476 0.00000 ( 1)
 241 Y   0.99686 0.00000 0.00314 0.00000 ( 1)
 242 F   0.99709 0.00000 0.00291 0.00000 ( 1)
 243 F   0.99633 0.00000 0.00367 0.00000 ( 1)
 244 I   0.99614 0.00000 0.00386 0.00000 ( 1)
 245 V   0.85097 0.00000 0.14903 0.00000 ( 1)
 246 Q   0.99561 0.00000 0.00439 0.00000 ( 1)
 247 A   0.99463 0.00000 0.00537 0.00000 ( 1)
 248 V   0.99376 0.00000 0.00624 0.00000 ( 1)
 249 A   0.99481 0.00000 0.00519 0.00000 ( 1)
 250 A   0.99502 0.00000 0.00498 0.00000 ( 1)
 251 H   0.99740 0.00000 0.00260 0.00000 ( 1)
 252 E   0.99615 0.00000 0.00385 0.00000 ( 1)
 253 K   0.99611 0.00000 0.00389 0.00000 ( 1)
 254 A   0.99444 0.00000 0.00556 0.00000 ( 1)
 255 M   0.99802 0.00000 0.00198 0.00000 ( 1)
 256 R   0.99525 0.00000 0.00475 0.00000 ( 1)
 257 E   0.99619 0.00000 0.00381 0.00000 ( 1)
 258 Q   0.99381 0.00000 0.00619 0.00000 ( 1)
 259 A   0.99566 0.00000 0.00434 0.00000 ( 1)
 260 K   0.99566 0.00000 0.00434 0.00000 ( 1)
 261 K   0.99628 0.00000 0.00372 0.00000 ( 1)
 262 M   0.99802 0.00000 0.00198 0.00000 ( 1)
 263 N   0.99743 0.00000 0.00257 0.00000 ( 1)
 264 V   0.99377 0.00000 0.00623 0.00000 ( 1)
 265 A   0.99455 0.00000 0.00545 0.00000 ( 1)
 266 S   0.99329 0.00000 0.00671 0.00000 ( 1)
 267 L   0.99372 0.00000 0.00628 0.00000 ( 1)
 268 R   0.99531 0.00000 0.00469 0.00000 ( 1)
 269 S   0.99397 0.00000 0.00603 0.00000 ( 1)
 270 S   0.99534 0.00000 0.00466 0.00000 ( 1)
 271 E   0.88273 0.00000 0.11727 0.00000 ( 1)
 272 Q   0.99508 0.00000 0.00492 0.00000 ( 1)
 273 A   0.99517 0.00000 0.00483 0.00000 ( 1)
 274 N   0.99749 0.00000 0.00251 0.00000 ( 1)
 275 T   0.99449 0.00000 0.00551 0.00000 ( 1)
 276 S   0.99758 0.00000 0.00242 0.00000 ( 1)
 277 A   0.99502 0.00000 0.00498 0.00000 ( 1)
 278 E   0.99619 0.00000 0.00381 0.00000 ( 1)
 279 C   0.99733 0.00000 0.00267 0.00000 ( 1)
 280 K   0.99528 0.00000 0.00472 0.00000 ( 1)
 281 L   0.99333 0.00000 0.00667 0.00000 ( 1)
 282 A   0.99557 0.00000 0.00443 0.00000 ( 1)
 283 K   0.99564 0.00000 0.00436 0.00000 ( 1)
 284 V   0.99426 0.00000 0.00574 0.00000 ( 1)
 285 A   0.99463 0.00000 0.00537 0.00000 ( 1)
 286 L   0.99105 0.00000 0.00895 0.00000 ( 1)
 287 M   0.99802 0.00000 0.00198 0.00000 ( 1)
 288 T   0.99632 0.00000 0.00368 0.00000 ( 1)
 289 I   0.99627 0.00000 0.00373 0.00000 ( 1)
 290 S   0.99412 0.00000 0.00588 0.00000 ( 1)
 291 L   0.99180 0.00000 0.00820 0.00000 ( 1)
 292 W   0.99583 0.00000 0.00417 0.00000 ( 1)
 293 F   0.99624 0.00000 0.00376 0.00000 ( 1)
 294 M   0.99802 0.00000 0.00198 0.00000 ( 1)
 295 A   0.99416 0.00000 0.00584 0.00000 ( 1)
 296 W   0.99583 0.00000 0.00417 0.00000 ( 1)
 297 T   0.99539 0.00000 0.00461 0.00000 ( 1)
 298 P   0.99404 0.00000 0.00596 0.00000 ( 1)
 299 Y   0.99575 0.00000 0.00425 0.00000 ( 1)
 300 L   0.99388 0.00000 0.00612 0.00000 ( 1)
 301 V   0.99422 0.00000 0.00578 0.00000 ( 1)
 302 I   0.99659 0.00000 0.00341 0.00000 ( 1)
 303 N   0.99749 0.00000 0.00251 0.00000 ( 1)
 304 F   0.99686 0.00000 0.00314 0.00000 ( 1)
 305 A   0.99519 0.00000 0.00481 0.00000 ( 1)
 306 G   0.99368 0.00000 0.00632 0.00000 ( 1)
 307 V   0.99455 0.00000 0.00545 0.00000 ( 1)
 308 F   0.99714 0.00000 0.00286 0.00000 ( 1)
 309 E   0.99544 0.00000 0.00456 0.00000 ( 1)
 310 T   0.99771 0.00000 0.00229 0.00000 ( 1)
 311 A   0.99418 0.00000 0.00582 0.00000 ( 1)
 312 P   0.99491 0.00000 0.00509 0.00000 ( 1)
 313 I   0.99602 0.00000 0.00398 0.00000 ( 1)
 314 S   0.99653 0.00000 0.00347 0.00000 ( 1)
 315 P   0.99510 0.00000 0.00490 0.00000 ( 1)
 316 L   0.99393 0.00000 0.00607 0.00000 ( 1)
 317 S   0.99548 0.00000 0.00452 0.00000 ( 1)
 318 T   0.99451 0.00000 0.00549 0.00000 ( 1)
 319 I   0.99662 0.00000 0.00338 0.00000 ( 1)
 320 W   0.99583 0.00000 0.00417 0.00000 ( 1)
 321 G   0.99413 0.00000 0.00587 0.00000 ( 1)
 322 S   0.99374 0.00000 0.00626 0.00000 ( 1)
 323 V   0.71792 0.00000 0.28208 0.00000 ( 1)
 324 F   0.99706 0.00000 0.00294 0.00000 ( 1)
 325 A   0.99450 0.00000 0.00550 0.00000 ( 1)
 326 K   0.99527 0.00000 0.00473 0.00000 ( 1)
 327 A   0.99559 0.00000 0.00441 0.00000 ( 1)
 328 N   0.99635 0.00000 0.00365 0.00000 ( 1)
 329 A   0.99516 0.00000 0.00484 0.00000 ( 1)
 330 V   0.99405 0.00000 0.00595 0.00000 ( 1)
 331 Y   0.99576 0.00000 0.00424 0.00000 ( 1)
 332 N   0.99660 0.00000 0.00340 0.00000 ( 1)
 333 P   0.99571 0.00000 0.00429 0.00000 ( 1)
 334 I   0.99615 0.00000 0.00385 0.00000 ( 1)
 335 V   0.99376 0.00000 0.00624 0.00000 ( 1)
 336 Y   0.99517 0.00000 0.00483 0.00000 ( 1)
 337 G   0.99614 0.00000 0.00386 0.00000 ( 1)
 338 I   0.99663 0.00000 0.00337 0.00000 ( 1)
 339 S   0.99638 0.00000 0.00362 0.00000 ( 1)
 340 H   0.99607 0.00000 0.00393 0.00000 ( 1)
 341 P   0.99570 0.00000 0.00430 0.00000 ( 1)
 342 K   0.99611 0.00000 0.00389 0.00000 ( 1)
 343 Y   0.99686 0.00000 0.00314 0.00000 ( 1)
 344 R   0.99319 0.00000 0.00681 0.00000 ( 1)
 345 A   0.99532 0.00000 0.00468 0.00000 ( 1)
 346 A   0.99443 0.00000 0.00557 0.00000 ( 1)
 347 L   0.99395 0.00000 0.00605 0.00000 ( 1)
 348 Y   0.99686 0.00000 0.00314 0.00000 ( 1)
 349 Q   0.99561 0.00000 0.00439 0.00000 ( 1)
 350 R   0.99708 0.00000 0.00292 0.00000 ( 1)
 351 F   0.99714 0.00000 0.00286 0.00000 ( 1)
 352 P   0.99425 0.00000 0.00575 0.00000 ( 1)
 353 S   0.76817 0.00000 0.23183 0.00000 ( 1)
 354 L   0.99399 0.00000 0.00601 0.00000 ( 1)
 355 A   0.76808 0.00000 0.23192 0.00000 ( 1)
 356 C   0.99733 0.00000 0.00267 0.00000 ( 1)
 357 Q   0.99554 0.00000 0.00446 0.00000 ( 1)
 358 P   0.82534 0.00030 0.17435 0.00001 ( 1)
 359 S   0.99508 0.00000 0.00492 0.00000 ( 1)
 360 P   0.99468 0.00000 0.00532 0.00000 ( 1)
 361 E   0.99709 0.00000 0.00291 0.00000 ( 1)
 362 E   0.99575 0.00000 0.00425 0.00000 ( 1)
 363 T   0.00000 0.98760 0.00000 0.01240 ( 2)
 364 G   0.71021 0.00000 0.28979 0.00000 ( 1)
 365 S   0.99645 0.00000 0.00355 0.00000 ( 1)
 366 V   0.99406 0.00000 0.00594 0.00000 ( 1)
 367 A   0.84858 0.00000 0.15142 0.00000 ( 1)
 368 S   0.99588 0.00000 0.00412 0.00000 ( 1)
 369 A   0.85974 0.00000 0.14026 0.00000 ( 1)
 370 A   0.99023 0.00000 0.00977 0.00000 ( 1)
 371 T   0.99620 0.00000 0.00380 0.00000 ( 1)
 372 A   0.99576 0.00000 0.00424 0.00000 ( 1)
 373 C   0.06783 0.00000 0.93217 0.00000 ( 3)
 374 T   0.81768 0.00000 0.18232 0.00000 ( 1)
 375 E   0.99547 0.00000 0.00453 0.00000 ( 1)
 376 E   0.99697 0.00000 0.00303 0.00000 ( 1)
 377 K   0.99700 0.00000 0.00300 0.00000 ( 1)
 378 P   0.99571 0.00000 0.00429 0.00000 ( 1)
 379 S   0.99581 0.00000 0.00419 0.00000 ( 1)
 380 A   0.99538 0.00000 0.00462 0.00000 ( 1)

