Supplemental results for CODEML (seqf: align.fa  treef: tree.nwk)


MLEs of dN/dS (w) for site classes (K=4)

site class             0        1       2a       2b
proportion       0.79226  0.03137  0.16965  0.00672
background w     0.03971  1.00000  0.03971  1.00000
foreground w     0.03971  1.00000  1.00000  1.00000

Naive Empirical Bayes (NEB) probabilities for 4 classes
(amino acids refer to 1st sequence: ColCroc)

   1 M   0.82363 0.00000 0.17637 0.00000 ( 1)
   2 D   0.82363 0.00000 0.17637 0.00000 ( 1)
   3 R   0.00000 0.82363 0.00000 0.17637 ( 2)
   4 T   0.82363 0.00000 0.17637 0.00000 ( 1)
   5 E   0.82363 0.00000 0.17637 0.00000 ( 1)
   6 Y   0.00000 0.82363 0.00000 0.17637 ( 2)
   7 Y   0.71079 0.11284 0.15221 0.02416 ( 1)
   8 I   0.00000 0.82363 0.00000 0.17637 ( 2)
   9 Y   0.00009 0.81962 0.00478 0.17551 ( 2)
  10 G   0.16434 0.00000 0.83566 0.00000 ( 3)
  11 A   0.88196 0.00000 0.11804 0.00000 ( 1)
  12 Y   0.01074 0.00000 0.98926 0.00000 ( 3)
  13 F   0.20495 0.00000 0.79505 0.00000 ( 3)
  14 A   0.88166 0.00000 0.11834 0.00000 ( 1)
  15 P   0.20449 0.00000 0.79551 0.00000 ( 3)
  16 L   0.07098 0.00000 0.92902 0.00000 ( 3)
  17 R   0.87720 0.00000 0.12280 0.00000 ( 1)
  18 S   0.27074 0.00000 0.72926 0.00000 ( 3)
  19 G   0.00000 0.82363 0.00000 0.17637 ( 2)
  20 G   0.00000 0.82363 0.00000 0.17637 ( 2)
  21 E   0.85453 0.00000 0.14547 0.00000 ( 1)
  22 R   0.26879 0.00000 0.73121 0.00000 ( 3)
  23 M   0.51096 0.00000 0.48904 0.00000 ( 1)
  24 L   0.86258 0.00000 0.13742 0.00000 ( 1)
  25 G   0.88017 0.00000 0.11983 0.00000 ( 1)
  26 E   0.88212 0.00000 0.11788 0.00000 ( 1)
  27 G   0.87322 0.00000 0.12678 0.00000 ( 1)
  28 L   0.86281 0.00000 0.13719 0.00000 ( 1)
  29 T   0.86616 0.00000 0.13384 0.00000 ( 1)
  30 G   0.26094 0.00000 0.73906 0.00000 ( 3)
  31 E   0.86038 0.00000 0.13962 0.00000 ( 1)
  32 D   0.88108 0.00000 0.11892 0.00000 ( 1)
  33 L   0.84308 0.00000 0.15692 0.00000 ( 1)
  34 A   0.88933 0.00000 0.11067 0.00000 ( 1)
  35 M   0.87985 0.00000 0.12015 0.00000 ( 1)
  36 I   0.86193 0.00000 0.13807 0.00000 ( 1)
  37 P   0.88023 0.00000 0.11977 0.00000 ( 1)
  38 E   0.20866 0.00000 0.79134 0.00000 ( 3)
  39 H   0.87808 0.00000 0.12192 0.00000 ( 1)
  40 W   0.86140 0.00000 0.13860 0.00000 ( 1)
  41 F   0.87118 0.00000 0.12882 0.00000 ( 1)
  42 K   0.00002 0.82361 0.00001 0.17636 ( 2)
  43 Y   0.89242 0.00000 0.10758 0.00000 ( 1)
  44 P   0.86632 0.00000 0.13368 0.00000 ( 1)
  45 E   0.88212 0.00000 0.11788 0.00000 ( 1)
  46 P   0.87344 0.00000 0.12656 0.00000 ( 1)
  47 P   0.87247 0.00000 0.12753 0.00000 ( 1)
  48 A   0.32152 0.00000 0.67848 0.00000 ( 3)
  49 S   0.87096 0.00000 0.12904 0.00000 ( 1)
  50 A   0.88750 0.00000 0.11250 0.00000 ( 1)
  51 H   0.87808 0.00000 0.12192 0.00000 ( 1)
  52 T   0.88896 0.00000 0.11104 0.00000 ( 1)
  53 A   0.88217 0.00000 0.11783 0.00000 ( 1)
  54 L   0.88204 0.00000 0.11796 0.00000 ( 1)
  55 C   0.88909 0.00000 0.11091 0.00000 ( 1)
  56 L   0.86106 0.00000 0.13894 0.00000 ( 1)
  57 L   0.88207 0.00000 0.11793 0.00000 ( 1)
  58 Y   0.87270 0.00000 0.12730 0.00000 ( 1)
  59 C   0.88928 0.00210 0.10817 0.00045 ( 1)
  60 F   0.88392 0.00000 0.11608 0.00000 ( 1)
  61 F   0.89239 0.00000 0.10761 0.00000 ( 1)
  62 T   0.88085 0.00000 0.11915 0.00000 ( 1)
  63 A   0.88301 0.00000 0.11699 0.00000 ( 1)
  64 A   0.88801 0.00000 0.11199 0.00000 ( 1)
  65 A   0.88210 0.00000 0.11790 0.00000 ( 1)
  66 L   0.87146 0.00000 0.12854 0.00000 ( 1)
  67 I   0.89178 0.00000 0.10822 0.00000 ( 1)
  68 G   0.86929 0.00000 0.13071 0.00000 ( 1)
  69 N   0.88027 0.00000 0.11973 0.00000 ( 1)
  70 G   0.86987 0.00000 0.13013 0.00000 ( 1)
  71 M   0.87779 0.00000 0.12221 0.00000 ( 1)
  72 V   0.88959 0.00000 0.11041 0.00000 ( 1)
  73 I   0.89404 0.00000 0.10596 0.00000 ( 1)
  74 F   0.87984 0.00000 0.12016 0.00000 ( 1)
  75 I   0.82918 0.00000 0.17082 0.00000 ( 1)
  76 F   0.88316 0.00000 0.11684 0.00000 ( 1)
  77 A   0.87135 0.00000 0.12865 0.00000 ( 1)
  78 S   0.88071 0.00000 0.11929 0.00000 ( 1)
  79 T   0.86815 0.00000 0.13185 0.00000 ( 1)
  80 K   0.88029 0.00000 0.11971 0.00000 ( 1)
  81 S   0.87719 0.00000 0.12281 0.00000 ( 1)
  82 L   0.87127 0.00000 0.12873 0.00000 ( 1)
  83 R   0.85015 0.00000 0.14985 0.00000 ( 1)
  84 T   0.88210 0.00000 0.11790 0.00000 ( 1)
  85 A   0.87772 0.00000 0.12228 0.00000 ( 1)
  86 S   0.88657 0.00000 0.11343 0.00000 ( 1)
  87 N   0.88978 0.00000 0.11022 0.00000 ( 1)
  88 L   0.25612 0.00000 0.74388 0.00000 ( 3)
  89 L   0.87695 0.00000 0.12305 0.00000 ( 1)
  90 I   0.78602 0.00000 0.21398 0.00000 ( 1)
  91 L   0.86188 0.00000 0.13812 0.00000 ( 1)
  92 N   0.88639 0.00000 0.11361 0.00000 ( 1)
  93 L   0.87570 0.00000 0.12430 0.00000 ( 1)
  94 A   0.88796 0.00000 0.11204 0.00000 ( 1)
  95 I   0.87161 0.00000 0.12839 0.00000 ( 1)
  96 F   0.34234 0.00000 0.65766 0.00000 ( 3)
  97 D   0.89092 0.00000 0.10908 0.00000 ( 1)
  98 F   0.88333 0.00000 0.11667 0.00000 ( 1)
  99 I   0.89414 0.00000 0.10586 0.00000 ( 1)
 100 M   0.90949 0.00000 0.09051 0.00000 ( 1)
 101 M   0.90949 0.00000 0.09051 0.00000 ( 1)
 102 L   0.88217 0.00000 0.11783 0.00000 ( 1)
 103 K   0.87934 0.00000 0.12066 0.00000 ( 1)
 104 A   0.88217 0.00000 0.11783 0.00000 ( 1)
 105 P   0.88007 0.00000 0.11993 0.00000 ( 1)
 106 I   0.89544 0.00000 0.10456 0.00000 ( 1)
 107 F   0.89237 0.00000 0.10763 0.00000 ( 1)
 108 I   0.89595 0.00000 0.10405 0.00000 ( 1)
 109 Y   0.87269 0.00000 0.12731 0.00000 ( 1)
 110 N   0.88988 0.00000 0.11012 0.00000 ( 1)
 111 S   0.87765 0.00000 0.12235 0.00000 ( 1)
 112 A   0.88222 0.00000 0.11778 0.00000 ( 1)
 113 M   0.90949 0.00000 0.09051 0.00000 ( 1)
 114 R   0.85494 0.00000 0.14506 0.00000 ( 1)
 115 G   0.87034 0.00000 0.12966 0.00000 ( 1)
 116 F   0.89225 0.00000 0.10775 0.00000 ( 1)
 117 A   0.88273 0.00000 0.11727 0.00000 ( 1)
 118 A   0.00000 0.82363 0.00000 0.17637 ( 2)
 119 G   0.87188 0.00000 0.12812 0.00000 ( 1)
 120 A   0.85214 0.00000 0.14786 0.00000 ( 1)
 121 L   0.00000 0.82363 0.00000 0.17637 ( 2)
 122 W   0.88008 0.00000 0.11992 0.00000 ( 1)
 123 C   0.86657 0.00000 0.13343 0.00000 ( 1)
 124 K   0.86328 0.00000 0.13672 0.00000 ( 1)
 125 I   0.86288 0.00000 0.13712 0.00000 ( 1)
 126 F   0.89195 0.00000 0.10805 0.00000 ( 1)
 127 A   0.88185 0.00000 0.11815 0.00000 ( 1)
 128 V   0.89238 0.00000 0.10762 0.00000 ( 1)
 129 M   0.90948 0.00000 0.09052 0.00000 ( 1)
 130 G   0.88018 0.00000 0.11982 0.00000 ( 1)
 131 S   0.88927 0.00000 0.11073 0.00000 ( 1)
 132 Y   0.87268 0.00000 0.12732 0.00000 ( 1)
 133 S   0.88656 0.00000 0.11344 0.00000 ( 1)
 134 G   0.87974 0.00000 0.12026 0.00000 ( 1)
 135 I   0.89597 0.00000 0.10403 0.00000 ( 1)
 136 G   0.87004 0.00000 0.12996 0.00000 ( 1)
 137 A   0.88809 0.00000 0.11191 0.00000 ( 1)
 138 A   0.18038 0.00000 0.81962 0.00000 ( 3)
 139 M   0.90945 0.00000 0.09055 0.00000 ( 1)
 140 T   0.88901 0.00000 0.11099 0.00000 ( 1)
 141 N   0.88984 0.00000 0.11016 0.00000 ( 1)
 142 A   0.87954 0.00000 0.12046 0.00000 ( 1)
 143 C   0.87344 0.00000 0.12656 0.00000 ( 1)
 144 I   0.89319 0.00000 0.10681 0.00000 ( 1)
 145 A   0.87909 0.00000 0.12091 0.00000 ( 1)
 146 Y   0.87190 0.00000 0.12810 0.00000 ( 1)
 147 D   0.89088 0.00000 0.10912 0.00000 ( 1)
 148 R   0.87375 0.00000 0.12625 0.00000 ( 1)
 149 H   0.87776 0.00000 0.12224 0.00000 ( 1)
 150 S   0.87030 0.00000 0.12970 0.00000 ( 1)
 151 T   0.88083 0.00000 0.11917 0.00000 ( 1)
 152 I   0.89579 0.00000 0.10421 0.00000 ( 1)
 153 T   0.88177 0.00000 0.11823 0.00000 ( 1)
 154 R   0.85813 0.00000 0.14187 0.00000 ( 1)
 155 P   0.87343 0.00000 0.12657 0.00000 ( 1)
 156 L   0.86173 0.00000 0.13827 0.00000 ( 1)
 157 D   0.89070 0.00000 0.10930 0.00000 ( 1)
 158 G   0.87312 0.00000 0.12688 0.00000 ( 1)
 159 R   0.85806 0.00000 0.14194 0.00000 ( 1)
 160 L   0.86173 0.00000 0.13827 0.00000 ( 1)
 161 S   0.87092 0.00000 0.12908 0.00000 ( 1)
 162 R   0.86557 0.00000 0.13443 0.00000 ( 1)
 163 G   0.87353 0.00000 0.12647 0.00000 ( 1)
 164 K   0.88033 0.00000 0.11967 0.00000 ( 1)
 165 V   0.88205 0.00000 0.11795 0.00000 ( 1)
 166 L   0.89196 0.00000 0.10804 0.00000 ( 1)
 167 L   0.86173 0.00000 0.13827 0.00000 ( 1)
 168 M   0.25316 0.00000 0.74684 0.00000 ( 3)
 169 I   0.88141 0.00000 0.11859 0.00000 ( 1)
 170 I   0.86180 0.00000 0.13820 0.00000 ( 1)
 171 C   0.20967 0.00000 0.79033 0.00000 ( 3)
 172 I   0.88270 0.00000 0.11730 0.00000 ( 1)
 173 W   0.86140 0.00000 0.13860 0.00000 ( 1)
 174 I   0.48524 0.00000 0.51476 0.00000 ( 3)
 175 Y   0.87269 0.00000 0.12731 0.00000 ( 1)
 176 T   0.32211 0.00000 0.67789 0.00000 ( 3)
 177 T   0.88174 0.00000 0.11826 0.00000 ( 1)
 178 P   0.87864 0.00000 0.12136 0.00000 ( 1)
 179 W   0.86140 0.00000 0.13860 0.00000 ( 1)
 180 S   0.88798 0.00000 0.11202 0.00000 ( 1)
 181 L   0.88259 0.00000 0.11741 0.00000 ( 1)
 182 M   0.86173 0.00000 0.13827 0.00000 ( 1)
 183 P   0.87085 0.00000 0.12915 0.00000 ( 1)
 184 L   0.88176 0.00000 0.11824 0.00000 ( 1)
 185 F   0.15007 0.00000 0.84993 0.00000 ( 3)
 186 R   0.86873 0.00000 0.13127 0.00000 ( 1)
 187 V   0.89587 0.00000 0.10413 0.00000 ( 1)
 188 W   0.86140 0.00000 0.13860 0.00000 ( 1)
 189 G   0.87943 0.00000 0.12057 0.00000 ( 1)
 190 R   0.86613 0.00000 0.13387 0.00000 ( 1)
 191 F   0.20483 0.00000 0.79517 0.00000 ( 3)
 192 V   0.88050 0.00000 0.11950 0.00000 ( 1)
 193 P   0.87240 0.00000 0.12760 0.00000 ( 1)
 194 E   0.88160 0.00000 0.11840 0.00000 ( 1)
 195 G   0.88018 0.00000 0.11982 0.00000 ( 1)
 196 Y   0.87269 0.00000 0.12731 0.00000 ( 1)
 197 L   0.86175 0.00000 0.13825 0.00000 ( 1)
 198 T   0.88165 0.00000 0.11835 0.00000 ( 1)
 199 S   0.87033 0.00000 0.12967 0.00000 ( 1)
 200 C   0.87341 0.00000 0.12659 0.00000 ( 1)
 201 T   0.88179 0.00000 0.11821 0.00000 ( 1)
 202 F   0.89239 0.00000 0.10761 0.00000 ( 1)
 203 D   0.89087 0.00000 0.10913 0.00000 ( 1)
 204 Y   0.87268 0.00000 0.12732 0.00000 ( 1)
 205 L   0.86269 0.00000 0.13731 0.00000 ( 1)
 206 T   0.88209 0.00000 0.11791 0.00000 ( 1)
 207 N   0.88980 0.00000 0.11020 0.00000 ( 1)
 208 S   0.88177 0.00000 0.11823 0.00000 ( 1)
 209 F   0.89237 0.00000 0.10763 0.00000 ( 1)
 210 D   0.89092 0.00000 0.10908 0.00000 ( 1)
 211 N   0.88178 0.00000 0.11822 0.00000 ( 1)
 212 K   0.88047 0.00000 0.11953 0.00000 ( 1)
 213 L   0.86172 0.00000 0.13828 0.00000 ( 1)
 214 F   0.89239 0.00000 0.10761 0.00000 ( 1)
 215 V   0.88294 0.00000 0.11706 0.00000 ( 1)
 216 G   0.88924 0.00000 0.11076 0.00000 ( 1)
 217 C   0.87344 0.00000 0.12656 0.00000 ( 1)
 218 I   0.89596 0.00000 0.10404 0.00000 ( 1)
 219 F   0.89242 0.00000 0.10758 0.00000 ( 1)
 220 T   0.00000 0.82363 0.00000 0.17637 ( 2)
 221 C   0.87344 0.00000 0.12656 0.00000 ( 1)
 222 S   0.88657 0.00000 0.11343 0.00000 ( 1)
 223 Y   0.87269 0.00000 0.12731 0.00000 ( 1)
 224 V   0.88929 0.00000 0.11071 0.00000 ( 1)
 225 F   0.22833 0.00000 0.77167 0.00000 ( 3)
 226 P   0.88018 0.00000 0.11982 0.00000 ( 1)
 227 M   0.90948 0.00000 0.09052 0.00000 ( 1)
 228 L   0.88355 0.00000 0.11645 0.00000 ( 1)
 229 C   0.46028 0.00000 0.53972 0.00000 ( 3)
 230 I   0.89590 0.00000 0.10410 0.00000 ( 1)
 231 I   0.25133 0.00000 0.74867 0.00000 ( 3)
 232 Y   0.87265 0.00000 0.12735 0.00000 ( 1)
 233 F   0.89242 0.00000 0.10758 0.00000 ( 1)
 234 Y   0.86581 0.00000 0.13419 0.00000 ( 1)
 235 S   0.88653 0.00000 0.11347 0.00000 ( 1)
 236 G   0.88014 0.00000 0.11986 0.00000 ( 1)
 237 I   0.89575 0.00000 0.10425 0.00000 ( 1)
 238 V   0.88940 0.00000 0.11060 0.00000 ( 1)
 239 K   0.88040 0.00000 0.11960 0.00000 ( 1)
 240 Q   0.86318 0.00000 0.13682 0.00000 ( 1)
 241 V   0.88262 0.00000 0.11738 0.00000 ( 1)
 242 F   0.89197 0.00000 0.10803 0.00000 ( 1)
 243 A   0.87915 0.00000 0.12085 0.00000 ( 1)
 244 H   0.87807 0.00000 0.12193 0.00000 ( 1)
 245 E   0.88143 0.00000 0.11857 0.00000 ( 1)
 246 A   0.88891 0.00000 0.11109 0.00000 ( 1)
 247 A   0.87906 0.00000 0.12094 0.00000 ( 1)
 248 L   0.88103 0.00000 0.11897 0.00000 ( 1)
 249 R   0.87424 0.00000 0.12576 0.00000 ( 1)
 250 E   0.87608 0.00000 0.12392 0.00000 ( 1)
 251 Q   0.86259 0.00000 0.13741 0.00000 ( 1)
 252 A   0.88134 0.00000 0.11866 0.00000 ( 1)
 253 K   0.88047 0.00000 0.11953 0.00000 ( 1)
 254 K   0.87876 0.00000 0.12124 0.00000 ( 1)
 255 M   0.90949 0.00000 0.09051 0.00000 ( 1)
 256 N   0.88541 0.00000 0.11459 0.00000 ( 1)
 257 V   0.86312 0.00000 0.13688 0.00000 ( 1)
 258 E   0.23149 0.00000 0.76851 0.00000 ( 3)
 259 S   0.87041 0.00000 0.12959 0.00000 ( 1)
 260 L   0.86173 0.00000 0.13827 0.00000 ( 1)
 261 R   0.86813 0.00000 0.13187 0.00000 ( 1)
 262 S   0.88218 0.00000 0.11782 0.00000 ( 1)
 263 N   0.88984 0.00000 0.11016 0.00000 ( 1)
 264 Q   0.86329 0.00000 0.13671 0.00000 ( 1)
 265 N   0.87618 0.00000 0.12382 0.00000 ( 1)
 266 A   0.23042 0.00000 0.76958 0.00000 ( 3)
 267 G   0.00293 0.82085 0.00044 0.17577 ( 2)
 268 A   0.86290 0.00000 0.13710 0.00000 ( 1)
 269 E   0.86190 0.00000 0.13810 0.00000 ( 1)
 270 S   0.87799 0.00000 0.12201 0.00000 ( 1)
 271 A   0.88218 0.00000 0.11782 0.00000 ( 1)
 272 E   0.88156 0.00000 0.11844 0.00000 ( 1)
 273 I   0.89594 0.00000 0.10406 0.00000 ( 1)
 274 R   0.86845 0.00000 0.13155 0.00000 ( 1)
 275 I   0.89572 0.00000 0.10428 0.00000 ( 1)
 276 A   0.88918 0.00000 0.11082 0.00000 ( 1)
 277 K   0.88034 0.00000 0.11966 0.00000 ( 1)
 278 A   0.88217 0.00000 0.11783 0.00000 ( 1)
 279 A   0.88217 0.00000 0.11783 0.00000 ( 1)
 280 L   0.88193 0.00000 0.11807 0.00000 ( 1)
 281 T   0.88895 0.00000 0.11105 0.00000 ( 1)
 282 V   0.88933 0.00000 0.11067 0.00000 ( 1)
 283 C   0.87344 0.00000 0.12656 0.00000 ( 1)
 284 F   0.89241 0.00000 0.10759 0.00000 ( 1)
 285 L   0.86173 0.00000 0.13827 0.00000 ( 1)
 286 F   0.89242 0.00000 0.10758 0.00000 ( 1)
 287 V   0.88182 0.00000 0.11818 0.00000 ( 1)
 288 A   0.88863 0.00000 0.11137 0.00000 ( 1)
 289 S   0.87037 0.00000 0.12963 0.00000 ( 1)
 290 W   0.86140 0.00000 0.13860 0.00000 ( 1)
 291 T   0.88093 0.00000 0.11907 0.00000 ( 1)
 292 P   0.87906 0.00000 0.12094 0.00000 ( 1)
 293 Y   0.87269 0.00000 0.12731 0.00000 ( 1)
 294 G   0.87968 0.00000 0.12032 0.00000 ( 1)
 295 V   0.86059 0.00000 0.13941 0.00000 ( 1)
 296 M   0.90949 0.00000 0.09051 0.00000 ( 1)
 297 S   0.87037 0.00000 0.12963 0.00000 ( 1)
 298 L   0.88204 0.00000 0.11796 0.00000 ( 1)
 299 I   0.89594 0.00000 0.10406 0.00000 ( 1)
 300 G   0.87044 0.00000 0.12956 0.00000 ( 1)
 301 A   0.88921 0.00000 0.11079 0.00000 ( 1)
 302 F   0.89240 0.00000 0.10760 0.00000 ( 1)
 303 G   0.86962 0.00000 0.13038 0.00000 ( 1)
 304 D   0.89088 0.00000 0.10912 0.00000 ( 1)
 305 Q   0.86328 0.00000 0.13672 0.00000 ( 1)
 306 E   0.85422 0.00006 0.14570 0.00001 ( 1)
 307 L   0.86172 0.00000 0.13828 0.00000 ( 1)
 308 L   0.88165 0.00000 0.11835 0.00000 ( 1)
 309 T   0.87884 0.00000 0.12116 0.00000 ( 1)
 310 P   0.87343 0.00000 0.12657 0.00000 ( 1)
 311 G   0.87323 0.00000 0.12677 0.00000 ( 1)
 312 V   0.88262 0.00000 0.11738 0.00000 ( 1)
 313 T   0.88177 0.00000 0.11823 0.00000 ( 1)
 314 M   0.90949 0.00000 0.09051 0.00000 ( 1)
 315 I   0.88582 0.00000 0.11418 0.00000 ( 1)
 316 P   0.87241 0.00000 0.12759 0.00000 ( 1)
 317 A   0.87911 0.00000 0.12089 0.00000 ( 1)
 318 I   0.88795 0.00000 0.11205 0.00000 ( 1)
 319 T   0.88789 0.00000 0.11211 0.00000 ( 1)
 320 C   0.87284 0.00000 0.12716 0.00000 ( 1)
 321 K   0.87916 0.00000 0.12084 0.00000 ( 1)
 322 A   0.88798 0.00000 0.11202 0.00000 ( 1)
 323 V   0.88271 0.00000 0.11729 0.00000 ( 1)
 324 A   0.88252 0.00000 0.11748 0.00000 ( 1)
 325 C   0.86664 0.00000 0.13336 0.00000 ( 1)
 326 I   0.89628 0.00000 0.10372 0.00000 ( 1)
 327 D   0.88176 0.00000 0.11824 0.00000 ( 1)
 328 P   0.87343 0.00000 0.12657 0.00000 ( 1)
 329 W   0.86140 0.00000 0.13860 0.00000 ( 1)
 330 V   0.87983 0.00000 0.12017 0.00000 ( 1)
 331 Y   0.87180 0.00000 0.12820 0.00000 ( 1)
 332 A   0.88746 0.00000 0.11254 0.00000 ( 1)
 333 I   0.89588 0.00000 0.10412 0.00000 ( 1)
 334 S   0.87720 0.00000 0.12280 0.00000 ( 1)
 335 H   0.86922 0.00000 0.13078 0.00000 ( 1)
 336 P   0.87003 0.00000 0.12997 0.00000 ( 1)
 337 K   0.38157 0.00000 0.61843 0.00000 ( 3)
 338 Y   0.87221 0.00000 0.12779 0.00000 ( 1)
 339 R   0.87423 0.00000 0.12577 0.00000 ( 1)
 340 Q   0.86168 0.00000 0.13832 0.00000 ( 1)
 341 E   0.88105 0.00000 0.11895 0.00000 ( 1)
 342 L   0.86299 0.00000 0.13701 0.00000 ( 1)
 343 Q   0.86318 0.00000 0.13682 0.00000 ( 1)
 344 R   0.79292 0.00000 0.20708 0.00000 ( 1)
 345 R   0.85805 0.00000 0.14195 0.00000 ( 1)
 346 M   0.90801 0.00000 0.09199 0.00000 ( 1)
 347 P   0.87319 0.00000 0.12681 0.00000 ( 1)
 348 W   0.86134 0.00000 0.13866 0.00000 ( 1)
 349 L   0.86183 0.00000 0.13817 0.00000 ( 1)
 350 Q   0.86269 0.00000 0.13731 0.00000 ( 1)
 351 I   0.89351 0.00000 0.10649 0.00000 ( 1)
 352 S   0.86742 0.00000 0.13258 0.00000 ( 1)
 353 E   0.88120 0.00000 0.11880 0.00000 ( 1)
 354 P   0.87926 0.00000 0.12074 0.00000 ( 1)
 355 D   0.38751 0.00000 0.61249 0.00000 ( 3)
 356 D   0.89032 0.00000 0.10968 0.00000 ( 1)
 357 N   0.05428 0.00000 0.94572 0.00000 ( 3)
 358 T   0.00000 0.82363 0.00000 0.17637 ( 2)
 359 S   0.87968 0.00000 0.12032 0.00000 ( 1)
 360 N   0.88144 0.00000 0.11856 0.00000 ( 1)
 361 T   0.88135 0.00000 0.11865 0.00000 ( 1)
 362 S   0.88810 0.00000 0.11190 0.00000 ( 1)
 363 N   0.83410 0.00000 0.16590 0.00000 ( 1)
 364 T   0.81402 0.00000 0.18598 0.00000 ( 1)
 365 T   0.38573 0.00000 0.61427 0.00000 ( 3)
 366 T   0.87659 0.00000 0.12341 0.00000 ( 1)
 367 N   0.85254 0.00000 0.14746 0.00000 ( 1)
 368 S   0.00000 0.82363 0.00000 0.17637 ( 2)
 369 A   0.00000 0.82363 0.00000 0.17637 ( 2)
 370 A   0.28463 0.00000 0.71537 0.00000 ( 3)
 371 P   0.32164 0.00000 0.67836 0.00000 ( 3)


lnL = -75804.817529

