Supplemental results for CODEML (seqf: align.fa  treef: tree.nwk)


MLEs of dN/dS (w) for site classes (K=11)

p:   0.10000  0.10000  0.10000  0.10000  0.10000  0.10000  0.10000  0.10000  0.10000  0.10000  0.00001
w:   0.00000  0.00006  0.00059  0.00268  0.00835  0.02092  0.04578  0.09253  0.18234  0.39293  9.73390
(note that p[10] is zero)


Naive Empirical Bayes (NEB) probabilities for 11 classes & postmean_w & P(w>1)
(amino acids refer to 1st sequence: ColCroc|LWS3)

   1 M   0.00000 0.00000 0.00111 0.06401 0.50840 0.41380 0.01266 0.00000 0.00000 0.00000 0.00000 ( 5)  0.014  0.000
   2 A   0.00000 0.00000 0.00000 0.00000 0.00000 0.00000 0.00000 0.00005 0.80484 0.19511 0.00000 ( 9)  0.223  0.000
   3 T   0.00000 0.00000 0.00000 0.00000 0.00000 0.00000 0.00000 0.00000 0.00011 0.99989 0.00000 (10)  0.393  0.000
   4 S   0.00000 0.00000 0.00000 0.00000 0.00000 0.00000 0.00000 0.00021 0.99831 0.00147 0.00000 ( 9)  0.183  0.000
   5 M   0.00000 0.00000 0.00000 0.00000 0.00000 0.00000 0.00002 0.10355 0.89642 0.00001 0.00000 ( 9)  0.173  0.000
   6 D   0.00000 0.00000 0.00056 0.03576 0.36999 0.54095 0.05266 0.00007 0.00000 0.00000 0.00000 ( 6)  0.017  0.000
   7 P   0.00000 0.00000 0.00000 0.00000 0.00000 0.00001 0.02190 0.91948 0.05862 0.00000 0.00000 ( 8)  0.097  0.000
   8 A   0.00000 0.00000 0.00009 0.00708 0.11730 0.48609 0.36730 0.02212 0.00001 0.00000 0.00000 ( 6)  0.030  0.000
   9 P   0.00000 0.00004 0.00345 0.05691 0.29877 0.48012 0.15653 0.00418 0.00000 0.00000 0.00000 ( 6)  0.020  0.000
  10 G   0.00000 0.00006 0.00540 0.08439 0.38341 0.44794 0.07814 0.00066 0.00000 0.00000 0.00000 ( 6)  0.016  0.000
  11 V   0.00000 0.00000 0.00000 0.00000 0.00000 0.00000 0.00000 0.00000 0.00136 0.99864 0.00000 (10)  0.393  0.000
  12 A   0.00000 0.00000 0.00033 0.02204 0.27116 0.58311 0.12265 0.00071 0.00000 0.00000 0.00000 ( 6)  0.020  0.000
  13 A   0.00000 0.00000 0.00001 0.00380 0.13656 0.63776 0.22039 0.00149 0.00000 0.00000 0.00000 ( 6)  0.025  0.000
  14 M   0.00000 0.00000 0.00000 0.00000 0.00000 0.00008 0.04747 0.87134 0.08111 0.00000 0.00000 ( 8)  0.098  0.000
  15 Q   0.00000 0.00000 0.00000 0.00000 0.00063 0.04777 0.50762 0.43774 0.00624 0.00000 0.00000 ( 7)  0.066  0.000
  16 T   0.00000 0.00000 0.00000 0.00000 0.00000 0.00012 0.06431 0.88522 0.05034 0.00000 0.00000 ( 8)  0.094  0.000
  17 W   0.00000 0.00000 0.00000 0.00061 0.03173 0.33355 0.56350 0.07052 0.00009 0.00000 0.00000 ( 7)  0.040  0.000
  18 G   0.00000 0.00000 0.00000 0.00025 0.03041 0.44282 0.51155 0.01497 0.00000 0.00000 0.00000 ( 7)  0.034  0.000
  19 G   0.00000 0.00000 0.00000 0.00000 0.00000 0.00207 0.29069 0.70449 0.00275 0.00000 0.00000 ( 8)  0.079  0.000
  20 H   0.00000 0.00000 0.00000 0.00000 0.00000 0.00000 0.00103 0.24511 0.75373 0.00013 0.00000 ( 9)  0.160  0.000
  21 A   0.00000 0.00000 0.00000 0.00000 0.00000 0.00000 0.00500 0.86902 0.12598 0.00000 0.00000 ( 8)  0.104  0.000
  22 E   0.00000 0.00000 0.00000 0.00000 0.00000 0.00054 0.16555 0.82706 0.00686 0.00000 0.00000 ( 8)  0.085  0.000
  23 A   0.00000 0.00011 0.00964 0.13787 0.49247 0.33885 0.02104 0.00003 0.00000 0.00000 0.00000 ( 5)  0.013  0.000
  24 Y   0.00000 0.00000 0.00000 0.00000 0.00000 0.00003 0.04632 0.92644 0.02720 0.00000 0.00000 ( 8)  0.093  0.000
  25 S   0.00000 0.00000 0.00000 0.00018 0.02328 0.38376 0.56651 0.02626 0.00000 0.00000 0.00000 ( 7)  0.037  0.000
  26 A   0.00000 0.00000 0.00000 0.00000 0.00000 0.00000 0.00020 0.44540 0.55440 0.00000 0.00000 ( 9)  0.142  0.000
  27 N   0.27159 0.26847 0.24197 0.16058 0.05283 0.00452 0.00004 0.00000 0.00000 0.00000 0.00000 ( 1)  0.001  0.000
  28 Q   0.00000 0.00000 0.00000 0.00000 0.00000 0.00000 0.00000 0.01824 0.98008 0.00167 0.00000 ( 9)  0.181  0.000
  29 T   0.27100 0.26792 0.24171 0.16104 0.05357 0.00470 0.00004 0.00000 0.00000 0.00000 0.00000 ( 1)  0.001  0.000
  30 V   0.27043 0.26739 0.24146 0.16149 0.05430 0.00489 0.00004 0.00000 0.00000 0.00000 0.00000 ( 1)  0.001  0.000
  31 V   0.00000 0.00013 0.01138 0.15792 0.51951 0.29809 0.01296 0.00001 0.00000 0.00000 0.00000 ( 5)  0.012  0.000
  32 D   0.27517 0.27182 0.24343 0.15756 0.04844 0.00357 0.00002 0.00000 0.00000 0.00000 0.00000 ( 1)  0.001  0.000
  33 K   0.00000 0.00000 0.00000 0.00000 0.00075 0.08519 0.72216 0.19174 0.00015 0.00000 0.00000 ( 7)  0.053  0.000
  34 V   0.26272 0.26012 0.23787 0.16715 0.06425 0.00777 0.00012 0.00000 0.00000 0.00000 0.00000 ( 1)  0.001  0.000
  35 L   0.00000 0.00000 0.00000 0.00000 0.00000 0.00000 0.00000 0.00000 0.23065 0.76934 0.00000 (10)  0.344  0.000
  36 P   0.00000 0.00000 0.00000 0.00070 0.03571 0.35707 0.54840 0.05807 0.00006 0.00000 0.00000 ( 7)  0.038  0.000
  37 E   0.00000 0.00000 0.00000 0.00000 0.00000 0.00000 0.00000 0.02898 0.97101 0.00001 0.00000 ( 9)  0.180  0.000
  38 M   0.00000 0.00000 0.00000 0.00000 0.00000 0.00113 0.49876 0.50009 0.00003 0.00000 0.00000 ( 8)  0.069  0.000
  39 L   0.00000 0.00000 0.00000 0.00000 0.00000 0.00001 0.01861 0.78568 0.19570 0.00000 0.00000 ( 8)  0.109  0.000
  40 H   0.00007 0.00991 0.09114 0.30555 0.41634 0.16710 0.00987 0.00002 0.00000 0.00000 0.00000 ( 5)  0.008  0.000
  41 L   0.00000 0.00000 0.00000 0.00000 0.00008 0.05751 0.87852 0.06390 0.00000 0.00000 0.00000 ( 7)  0.047  0.000
  42 I   0.00000 0.00000 0.00000 0.00000 0.00000 0.00000 0.00007 0.42894 0.57099 0.00000 0.00000 ( 9)  0.144  0.000
  43 D   0.26913 0.26617 0.24090 0.16253 0.05593 0.00529 0.00005 0.00000 0.00000 0.00000 0.00000 ( 1)  0.001  0.000
  44 A   0.00000 0.00000 0.00000 0.00007 0.01042 0.23623 0.65451 0.09868 0.00010 0.00000 0.00000 ( 7)  0.044  0.000
  45 H   0.00000 0.00000 0.00000 0.00000 0.00000 0.00000 0.01359 0.91715 0.06926 0.00000 0.00000 ( 8)  0.098  0.000
  46 W   0.23634 0.23489 0.22227 0.17875 0.09898 0.02674 0.00202 0.00002 0.00000 0.00000 0.00000 ( 1)  0.002  0.000
  47 Y   0.00006 0.00843 0.07829 0.27275 0.41246 0.20850 0.01941 0.00011 0.00000 0.00000 0.00000 ( 5)  0.009  0.000
  48 Q   0.22866 0.22746 0.21691 0.17984 0.10817 0.03510 0.00380 0.00006 0.00000 0.00000 0.00000 ( 1)  0.002  0.000
  49 F   0.00009 0.01270 0.11479 0.35876 0.40419 0.10668 0.00277 0.00000 0.00000 0.00000 0.00000 ( 5)  0.007  0.000
  50 P   0.23871 0.23719 0.22386 0.17820 0.09599 0.02441 0.00164 0.00001 0.00000 0.00000 0.00000 ( 1)  0.002  0.000
  51 P   0.24618 0.24436 0.22863 0.17584 0.08630 0.01788 0.00080 0.00000 0.00000 0.00000 0.00000 ( 1)  0.002  0.000
  52 M   0.00000 0.00022 0.01935 0.23920 0.57505 0.16439 0.00179 0.00000 0.00000 0.00000 0.00000 ( 5)  0.009  0.000
  53 N   0.00010 0.01357 0.12199 0.37323 0.39698 0.09226 0.00187 0.00000 0.00000 0.00000 0.00000 ( 5)  0.006  0.000
  54 P   0.00005 0.00737 0.06891 0.24698 0.40327 0.24162 0.03147 0.00032 0.00000 0.00000 0.00000 ( 5)  0.011  0.000
  55 L   0.00000 0.00000 0.00007 0.00520 0.09153 0.43297 0.42704 0.04311 0.00008 0.00000 0.00000 ( 6)  0.033  0.000
  56 W   0.23634 0.23489 0.22227 0.17875 0.09898 0.02674 0.00202 0.00002 0.00000 0.00000 0.00000 ( 1)  0.002  0.000
  57 Y   0.00008 0.01061 0.09715 0.31993 0.41531 0.14976 0.00716 0.00001 0.00000 0.00000 0.00000 ( 5)  0.008  0.000
  58 G   0.00000 0.00000 0.00000 0.00000 0.00000 0.00013 0.05015 0.82945 0.12027 0.00000 0.00000 ( 8)  0.101  0.000
  59 L   0.00000 0.00000 0.00000 0.00012 0.01716 0.32168 0.61428 0.04674 0.00001 0.00000 0.00000 ( 7)  0.039  0.000
  60 L   0.24975 0.24779 0.23078 0.17434 0.08154 0.01522 0.00056 0.00000 0.00000 0.00000 0.00000 ( 1)  0.002  0.000
  61 G   0.00006 0.00818 0.07612 0.26692 0.41080 0.21600 0.02178 0.00014 0.00000 0.00000 0.00000 ( 5)  0.010  0.000
  62 F   0.00012 0.01637 0.14462 0.41386 0.36728 0.05723 0.00053 0.00000 0.00000 0.00000 0.00000 ( 4)  0.005  0.000
  63 T   0.00000 0.00000 0.00000 0.00000 0.00000 0.00000 0.00000 0.01944 0.98052 0.00003 0.00000 ( 9)  0.181  0.000
  64 I   0.00000 0.00000 0.00000 0.00000 0.00211 0.24129 0.74248 0.01412 0.00000 0.00000 0.00000 ( 7)  0.040  0.000
  65 C   0.00000 0.00000 0.00000 0.00000 0.00000 0.00021 0.12051 0.87200 0.00728 0.00000 0.00000 ( 8)  0.088  0.000
  66 I   0.00000 0.00000 0.00000 0.00000 0.00000 0.00000 0.00000 0.00000 0.00003 0.99997 0.00000 (10)  0.393  0.000
  67 L   0.00000 0.00006 0.00529 0.08294 0.37931 0.45021 0.08144 0.00075 0.00000 0.00000 0.00000 ( 6)  0.017  0.000
  68 A   0.00000 0.00000 0.00000 0.00128 0.05836 0.46369 0.45531 0.02135 0.00000 0.00000 0.00000 ( 6)  0.033  0.000
  69 F   0.00000 0.00000 0.00000 0.00122 0.10645 0.71277 0.17924 0.00031 0.00000 0.00000 0.00000 ( 6)  0.024  0.000
  70 I   0.00000 0.00000 0.00000 0.00000 0.00000 0.00000 0.00000 0.09522 0.90478 0.00000 0.00000 ( 9)  0.174  0.000
  71 S   0.00005 0.00742 0.06938 0.24827 0.40377 0.23996 0.03084 0.00031 0.00000 0.00000 0.00000 ( 5)  0.011  0.000
  72 V   0.00000 0.00000 0.00000 0.00000 0.00000 0.00002 0.08495 0.91369 0.00133 0.00000 0.00000 ( 8)  0.089  0.000
  73 T   0.00000 0.00000 0.00000 0.00000 0.00000 0.00000 0.00000 0.00166 0.99654 0.00179 0.00000 ( 9)  0.183  0.000
  74 G   0.26285 0.26024 0.23794 0.16709 0.06407 0.00769 0.00012 0.00000 0.00000 0.00000 0.00000 ( 1)  0.001  0.000
  75 N   0.27203 0.26888 0.24215 0.16022 0.05229 0.00439 0.00003 0.00000 0.00000 0.00000 0.00000 ( 1)  0.001  0.000
  76 G   0.00000 0.00000 0.00012 0.00881 0.13926 0.51961 0.31916 0.01303 0.00000 0.00000 0.00000 ( 6)  0.028  0.000
  77 M   0.28644 0.28226 0.24729 0.14677 0.03567 0.00156 0.00000 0.00000 0.00000 0.00000 0.00000 ( 1)  0.001  0.000
  78 V   0.26912 0.26615 0.24088 0.16252 0.05596 0.00532 0.00005 0.00000 0.00000 0.00000 0.00000 ( 1)  0.001  0.000
  79 I   0.00000 0.00000 0.00000 0.00000 0.00000 0.00000 0.01051 0.97719 0.01229 0.00000 0.00000 ( 8)  0.093  0.000
  80 Y   0.00000 0.00000 0.00000 0.00002 0.00746 0.27140 0.68143 0.03968 0.00000 0.00000 0.00000 ( 7)  0.041  0.000
  81 I   0.27361 0.27036 0.24280 0.15888 0.05035 0.00398 0.00003 0.00000 0.00000 0.00000 0.00000 ( 1)  0.001  0.000
  82 F   0.27689 0.27342 0.24409 0.15603 0.04638 0.00317 0.00002 0.00000 0.00000 0.00000 0.00000 ( 1)  0.001  0.000
  83 S   0.00000 0.00000 0.00000 0.00000 0.00000 0.00000 0.00002 0.13431 0.86567 0.00000 0.00000 ( 9)  0.170  0.000
  84 T   0.00000 0.00000 0.00000 0.00000 0.00000 0.00000 0.00000 0.00006 0.76541 0.23453 0.00000 ( 9)  0.232  0.000
  85 T   0.25435 0.25218 0.23344 0.17215 0.07539 0.01215 0.00033 0.00000 0.00000 0.00000 0.00000 ( 1)  0.002  0.000
  86 K   0.25708 0.25478 0.23495 0.17068 0.07174 0.01054 0.00024 0.00000 0.00000 0.00000 0.00000 ( 1)  0.001  0.000
  87 S   0.00000 0.00000 0.00000 0.00000 0.00000 0.00000 0.00000 0.00000 0.00033 0.99967 0.00000 (10)  0.393  0.000
  88 L   0.25528 0.25306 0.23394 0.17163 0.07415 0.01163 0.00031 0.00000 0.00000 0.00000 0.00000 ( 1)  0.001  0.000
  89 K   0.00006 0.00811 0.07546 0.26515 0.41034 0.21828 0.02246 0.00015 0.00000 0.00000 0.00000 ( 5)  0.010  0.000
  90 T   0.25064 0.24864 0.23132 0.17397 0.08036 0.01457 0.00050 0.00000 0.00000 0.00000 0.00000 ( 1)  0.002  0.000
  91 P   0.23870 0.23717 0.22385 0.17820 0.09600 0.02443 0.00164 0.00001 0.00000 0.00000 0.00000 ( 1)  0.002  0.000
  92 S   0.23642 0.23497 0.22232 0.17871 0.09886 0.02668 0.00202 0.00002 0.00000 0.00000 0.00000 ( 1)  0.002  0.000
  93 N   0.27135 0.26825 0.24187 0.16077 0.05313 0.00459 0.00004 0.00000 0.00000 0.00000 0.00000 ( 1)  0.001  0.000
  94 L   0.00000 0.00005 0.00456 0.07276 0.35025 0.46562 0.10531 0.00146 0.00000 0.00000 0.00000 ( 6)  0.018  0.000
  95 L   0.00005 0.00680 0.06386 0.23239 0.39551 0.25997 0.04081 0.00060 0.00000 0.00000 0.00000 ( 5)  0.011  0.000
  96 V   0.00007 0.00986 0.09069 0.30435 0.41606 0.16867 0.01027 0.00003 0.00000 0.00000 0.00000 ( 5)  0.008  0.000
  97 V   0.00000 0.00000 0.00000 0.00022 0.02737 0.41797 0.53490 0.01954 0.00000 0.00000 0.00000 ( 7)  0.035  0.000
  98 N   0.25973 0.25730 0.23636 0.16909 0.06820 0.00915 0.00017 0.00000 0.00000 0.00000 0.00000 ( 1)  0.001  0.000
  99 L   0.24570 0.24391 0.22833 0.17601 0.08692 0.01827 0.00085 0.00000 0.00000 0.00000 0.00000 ( 1)  0.002  0.000
 100 A   0.25452 0.25234 0.23353 0.17206 0.07517 0.01206 0.00033 0.00000 0.00000 0.00000 0.00000 ( 1)  0.002  0.000
 101 F   0.00011 0.01497 0.13339 0.39457 0.38308 0.07288 0.00100 0.00000 0.00000 0.00000 0.00000 ( 4)  0.006  0.000
 102 S   0.25524 0.25303 0.23394 0.17168 0.07420 0.01161 0.00030 0.00000 0.00000 0.00000 0.00000 ( 1)  0.001  0.000
 103 D   0.26877 0.26582 0.24073 0.16281 0.05640 0.00541 0.00005 0.00000 0.00000 0.00000 0.00000 ( 1)  0.001  0.000
 104 F   0.00000 0.00000 0.00000 0.00138 0.11648 0.72462 0.15732 0.00021 0.00000 0.00000 0.00000 ( 6)  0.023  0.000
 105 L   0.00000 0.00000 0.00000 0.00000 0.00001 0.00994 0.43409 0.55342 0.00254 0.00000 0.00000 ( 8)  0.072  0.000
 106 M   0.00000 0.00022 0.01947 0.24037 0.57532 0.16287 0.00174 0.00000 0.00000 0.00000 0.00000 ( 5)  0.009  0.000
 107 M   0.00014 0.01881 0.16385 0.44297 0.33682 0.03724 0.00017 0.00000 0.00000 0.00000 0.00000 ( 4)  0.005  0.000
 108 A   0.00000 0.00000 0.00000 0.00000 0.00000 0.00000 0.00000 0.00004 0.92531 0.07465 0.00000 ( 9)  0.198  0.000
 109 M   0.00000 0.00000 0.00000 0.00000 0.00000 0.00000 0.00000 0.00000 0.00000 1.00000 0.00000 (10)  0.393  0.000
 110 M   0.28644 0.28226 0.24729 0.14677 0.03567 0.00156 0.00000 0.00000 0.00000 0.00000 0.00000 ( 1)  0.001  0.000
 111 A   0.00000 0.00000 0.00000 0.00000 0.00000 0.00003 0.03092 0.87209 0.09695 0.00000 0.00000 ( 8)  0.100  0.000
 112 P   0.00000 0.00000 0.00000 0.00000 0.00000 0.00166 0.20101 0.78344 0.01389 0.00000 0.00000 ( 8)  0.084  0.000
 113 P   0.00000 0.00000 0.00000 0.00000 0.00000 0.00000 0.00000 0.00001 0.48442 0.51558 0.00000 (10)  0.291  0.000
 114 L   0.00000 0.00000 0.00006 0.01435 0.33750 0.61502 0.03306 0.00001 0.00000 0.00000 0.00000 ( 6)  0.017  0.000
 115 C   0.00000 0.00000 0.00000 0.00000 0.00038 0.07798 0.78416 0.13746 0.00003 0.00000 0.00000 ( 7)  0.050  0.000
 116 I   0.00000 0.00000 0.00000 0.00000 0.00000 0.00000 0.00000 0.00065 0.99721 0.00215 0.00000 ( 9)  0.183  0.000
 117 N   0.00000 0.00000 0.00000 0.00003 0.01033 0.32899 0.63765 0.02300 0.00000 0.00000 0.00000 ( 7)  0.038  0.000
 118 S   0.00000 0.00000 0.00000 0.00084 0.04155 0.38931 0.52497 0.04330 0.00003 0.00000 0.00000 ( 7)  0.037  0.000
 119 Y   0.00000 0.00000 0.00000 0.00017 0.02218 0.37353 0.57527 0.02885 0.00000 0.00000 0.00000 ( 7)  0.037  0.000
 120 Y   0.00000 0.00000 0.00000 0.00000 0.00000 0.00000 0.00001 0.11255 0.88744 0.00000 0.00000 ( 9)  0.172  0.000
 121 Q   0.00006 0.00814 0.07575 0.26594 0.41061 0.21726 0.02210 0.00014 0.00000 0.00000 0.00000 ( 5)  0.010  0.000
 122 T   0.00006 0.00869 0.08055 0.27870 0.41369 0.20088 0.01734 0.00008 0.00000 0.00000 0.00000 ( 5)  0.009  0.000
 123 W   0.23634 0.23489 0.22227 0.17875 0.09898 0.02674 0.00202 0.00002 0.00000 0.00000 0.00000 ( 1)  0.002  0.000
 124 V   0.00000 0.00000 0.00000 0.00000 0.00000 0.00001 0.01931 0.85801 0.12267 0.00000 0.00000 ( 8)  0.103  0.000
 125 F   0.00000 0.00000 0.00000 0.00000 0.00000 0.00197 0.35349 0.64373 0.00081 0.00000 0.00000 ( 8)  0.076  0.000
 126 G   0.23863 0.23710 0.22380 0.17822 0.09610 0.02449 0.00165 0.00001 0.00000 0.00000 0.00000 ( 1)  0.002  0.000
 127 P   0.00000 0.00000 0.00000 0.00000 0.00000 0.00000 0.00000 0.00126 0.97233 0.02641 0.00000 ( 9)  0.188  0.000
 128 V   0.00000 0.00000 0.00000 0.00000 0.00000 0.00000 0.00000 0.02429 0.97557 0.00014 0.00000 ( 9)  0.180  0.000
 129 A   0.00000 0.00007 0.00630 0.09641 0.41342 0.42544 0.05804 0.00031 0.00000 0.00000 0.00000 ( 6)  0.015  0.000
 130 C   0.24403 0.24230 0.22730 0.17663 0.08913 0.01961 0.00099 0.00000 0.00000 0.00000 0.00000 ( 1)  0.002  0.000
 131 Q   0.00000 0.00000 0.00000 0.00113 0.05313 0.44325 0.47654 0.02594 0.00001 0.00000 0.00000 ( 7)  0.034  0.000
 132 F   0.00000 0.00000 0.00000 0.00000 0.00000 0.00000 0.00001 0.04865 0.95124 0.00010 0.00000 ( 9)  0.178  0.000
 133 Y   0.25598 0.25373 0.23435 0.17129 0.07321 0.01116 0.00027 0.00000 0.00000 0.00000 0.00000 ( 1)  0.001  0.000
 134 A   0.00000 0.00000 0.00001 0.00232 0.09379 0.56920 0.32894 0.00575 0.00000 0.00000 0.00000 ( 6)  0.028  0.000
 135 C   0.00000 0.00006 0.00550 0.08582 0.38739 0.44560 0.07504 0.00058 0.00000 0.00000 0.00000 ( 6)  0.016  0.000
 136 F   0.00000 0.00000 0.00000 0.00000 0.00000 0.00000 0.00000 0.00002 0.83028 0.16970 0.00000 ( 9)  0.218  0.000
 137 G   0.25180 0.24974 0.23199 0.17343 0.07882 0.01378 0.00044 0.00000 0.00000 0.00000 0.00000 ( 1)  0.002  0.000
 138 S   0.23773 0.23624 0.22320 0.17842 0.09722 0.02538 0.00180 0.00001 0.00000 0.00000 0.00000 ( 1)  0.002  0.000
 139 L   0.00004 0.00590 0.05579 0.20812 0.37885 0.28894 0.06079 0.00156 0.00000 0.00000 0.00000 ( 5)  0.013  0.000
 140 F   0.00000 0.00000 0.00000 0.00004 0.01528 0.46165 0.51882 0.00421 0.00000 0.00000 0.00000 ( 7)  0.034  0.000
 141 G   0.24764 0.24576 0.22952 0.17527 0.08436 0.01675 0.00069 0.00000 0.00000 0.00000 0.00000 ( 1)  0.002  0.000
 142 C   0.00000 0.00000 0.00019 0.01330 0.18998 0.56708 0.22532 0.00413 0.00000 0.00000 0.00000 ( 6)  0.024  0.000
 143 V   0.00000 0.00000 0.00000 0.00000 0.00000 0.00000 0.00000 0.00224 0.99715 0.00061 0.00000 ( 9)  0.182  0.000
 144 S   0.24801 0.24612 0.22974 0.17511 0.08387 0.01648 0.00067 0.00000 0.00000 0.00000 0.00000 ( 1)  0.002  0.000
 145 I   0.27091 0.26783 0.24167 0.16112 0.05370 0.00474 0.00004 0.00000 0.00000 0.00000 0.00000 ( 1)  0.001  0.000
 146 W   0.23634 0.23489 0.22227 0.17875 0.09898 0.02674 0.00202 0.00002 0.00000 0.00000 0.00000 ( 1)  0.002  0.000
 147 T   0.00000 0.00000 0.00000 0.00000 0.00004 0.02515 0.65482 0.31975 0.00024 0.00000 0.00000 ( 7)  0.060  0.000
 148 M   0.28644 0.28226 0.24729 0.14677 0.03567 0.00156 0.00000 0.00000 0.00000 0.00000 0.00000 ( 1)  0.001  0.000
 149 T   0.25325 0.25113 0.23281 0.17270 0.07687 0.01285 0.00038 0.00000 0.00000 0.00000 0.00000 ( 1)  0.002  0.000
 150 A   0.00000 0.00000 0.00000 0.00000 0.00136 0.25392 0.73880 0.00592 0.00000 0.00000 0.00000 ( 7)  0.040  0.000
 151 I   0.27248 0.26931 0.24233 0.15982 0.05174 0.00429 0.00003 0.00000 0.00000 0.00000 0.00000 ( 1)  0.001  0.000
 152 A   0.26722 0.26437 0.24002 0.16397 0.05839 0.00597 0.00007 0.00000 0.00000 0.00000 0.00000 ( 1)  0.001  0.000
 153 F   0.27921 0.27558 0.24495 0.15389 0.04366 0.00269 0.00001 0.00000 0.00000 0.00000 0.00000 ( 1)  0.001  0.000
 154 D   0.27289 0.26969 0.24251 0.15951 0.05122 0.00416 0.00003 0.00000 0.00000 0.00000 0.00000 ( 1)  0.001  0.000
 155 R   0.23149 0.23021 0.21892 0.17955 0.10486 0.03189 0.00304 0.00004 0.00000 0.00000 0.00000 ( 1)  0.002  0.000
 156 Y   0.25864 0.25626 0.23578 0.16976 0.06965 0.00970 0.00020 0.00000 0.00000 0.00000 0.00000 ( 1)  0.001  0.000
 157 N   0.26338 0.26074 0.23820 0.16672 0.06338 0.00747 0.00011 0.00000 0.00000 0.00000 0.00000 ( 1)  0.001  0.000
 158 V   0.26904 0.26607 0.24084 0.16259 0.05607 0.00534 0.00005 0.00000 0.00000 0.00000 0.00000 ( 1)  0.001  0.000
 159 I   0.28230 0.27844 0.24601 0.15093 0.04016 0.00215 0.00001 0.00000 0.00000 0.00000 0.00000 ( 1)  0.001  0.000
 160 V   0.25700 0.25470 0.23490 0.17069 0.07184 0.01062 0.00025 0.00000 0.00000 0.00000 0.00000 ( 1)  0.001  0.000
 161 K   0.00007 0.00913 0.08441 0.28863 0.41509 0.18829 0.01432 0.00006 0.00000 0.00000 0.00000 ( 5)  0.009  0.000
 162 G   0.24418 0.24245 0.22739 0.17658 0.08893 0.01949 0.00098 0.00000 0.00000 0.00000 0.00000 ( 1)  0.002  0.000
 163 I   0.00012 0.01583 0.14034 0.40667 0.37346 0.06290 0.00068 0.00000 0.00000 0.00000 0.00000 ( 4)  0.006  0.000
 164 A   0.27079 0.26772 0.24162 0.16121 0.05384 0.00477 0.00004 0.00000 0.00000 0.00000 0.00000 ( 1)  0.001  0.000
 165 A   0.00009 0.01300 0.11722 0.36362 0.40173 0.10186 0.00248 0.00000 0.00000 0.00000 0.00000 ( 5)  0.007  0.000
 166 K   0.00000 0.00007 0.00617 0.09469 0.40958 0.42897 0.06018 0.00033 0.00000 0.00000 0.00000 ( 6)  0.015  0.000
 167 P   0.24641 0.24459 0.22878 0.17575 0.08599 0.01769 0.00078 0.00000 0.00000 0.00000 0.00000 ( 1)  0.002  0.000
 168 L   0.00000 0.00000 0.00000 0.00000 0.00100 0.21026 0.77890 0.00984 0.00000 0.00000 0.00000 ( 7)  0.041  0.000
 169 T   0.00000 0.00000 0.00000 0.00000 0.00000 0.00000 0.00007 0.34956 0.65038 0.00000 0.00000 ( 9)  0.151  0.000
 170 V   0.00000 0.00000 0.00000 0.00000 0.00000 0.00000 0.01896 0.97380 0.00724 0.00000 0.00000 ( 8)  0.092  0.000
 171 N   0.00000 0.00000 0.00000 0.00000 0.00080 0.13075 0.81127 0.05717 0.00000 0.00000 0.00000 ( 7)  0.045  0.000
 172 G   0.00005 0.00645 0.06071 0.22310 0.38988 0.27144 0.04752 0.00085 0.00000 0.00000 0.00000 ( 5)  0.012  0.000
 173 A   0.25615 0.25389 0.23444 0.17118 0.07298 0.01108 0.00027 0.00000 0.00000 0.00000 0.00000 ( 1)  0.001  0.000
 174 L   0.00000 0.00000 0.00000 0.00000 0.00171 0.10097 0.66140 0.23525 0.00067 0.00000 0.00000 ( 7)  0.054  0.000
 175 L   0.00000 0.00000 0.00000 0.00000 0.00000 0.00071 0.11712 0.83263 0.04954 0.00000 0.00000 ( 8)  0.091  0.000
 176 Q   0.00004 0.00529 0.05024 0.19071 0.36392 0.30779 0.07910 0.00290 0.00000 0.00000 0.00000 ( 5)  0.014  0.000
 177 I   0.00000 0.00013 0.01176 0.16215 0.52416 0.28995 0.01183 0.00001 0.00000 0.00000 0.00000 ( 5)  0.011  0.000
 178 F   0.00000 0.00000 0.00000 0.00000 0.00000 0.00000 0.00410 0.68003 0.31587 0.00000 0.00000 ( 8)  0.121  0.000
 179 G   0.00000 0.00000 0.00000 0.00000 0.00013 0.03599 0.63927 0.32410 0.00051 0.00000 0.00000 ( 7)  0.060  0.000
 180 V   0.00000 0.00000 0.00000 0.00000 0.00425 0.36121 0.63022 0.00432 0.00000 0.00000 0.00000 ( 7)  0.037  0.000
 181 W   0.23634 0.23489 0.22227 0.17875 0.09898 0.02674 0.00202 0.00002 0.00000 0.00000 0.00000 ( 1)  0.002  0.000
 182 A   0.00000 0.00000 0.00000 0.00000 0.00000 0.00000 0.00000 0.00000 0.00000 1.00000 0.00000 (10)  0.393  0.000
 183 F   0.27990 0.27622 0.24519 0.15325 0.04287 0.00256 0.00001 0.00000 0.00000 0.00000 0.00000 ( 1)  0.001  0.000
 184 S   0.00000 0.00000 0.00000 0.00000 0.00000 0.00000 0.00489 0.54961 0.44550 0.00001 0.00000 ( 8)  0.132  0.000
 185 L   0.00000 0.00000 0.00000 0.00000 0.00000 0.00057 0.13559 0.84574 0.01810 0.00000 0.00000 ( 8)  0.088  0.000
 186 A   0.00000 0.00000 0.00000 0.00000 0.00000 0.00000 0.00000 0.00011 0.92669 0.07320 0.00000 ( 9)  0.198  0.000
 187 W   0.23634 0.23489 0.22227 0.17875 0.09898 0.02674 0.00202 0.00002 0.00000 0.00000 0.00000 ( 1)  0.002  0.000
 188 T   0.25680 0.25451 0.23479 0.17082 0.07212 0.01072 0.00025 0.00000 0.00000 0.00000 0.00000 ( 1)  0.001  0.000
 189 L   0.00000 0.00000 0.00000 0.00000 0.00000 0.00000 0.00000 0.00441 0.99410 0.00149 0.00000 ( 9)  0.182  0.000
 190 A   0.00007 0.00920 0.08505 0.29032 0.41542 0.18613 0.01375 0.00005 0.00000 0.00000 0.00000 ( 5)  0.009  0.000
 191 P   0.23672 0.23526 0.22252 0.17866 0.09850 0.02637 0.00196 0.00002 0.00000 0.00000 0.00000 ( 1)  0.002  0.000
 192 I   0.00000 0.00000 0.00000 0.00000 0.00000 0.00013 0.18368 0.81579 0.00040 0.00000 0.00000 ( 8)  0.084  0.000
 193 F   0.00000 0.00000 0.00000 0.00044 0.05907 0.66802 0.27181 0.00066 0.00000 0.00000 0.00000 ( 6)  0.027  0.000
 194 G   0.24836 0.24645 0.22996 0.17497 0.08341 0.01620 0.00064 0.00000 0.00000 0.00000 0.00000 ( 1)  0.002  0.000
 195 W   0.23634 0.23489 0.22227 0.17875 0.09898 0.02674 0.00202 0.00002 0.00000 0.00000 0.00000 ( 1)  0.002  0.000
 196 S   0.00000 0.00000 0.00002 0.00636 0.19817 0.67222 0.12298 0.00025 0.00000 0.00000 0.00000 ( 6)  0.021  0.000
 197 R   0.00000 0.00000 0.00000 0.00006 0.00891 0.21353 0.65760 0.11973 0.00017 0.00000 0.00000 ( 7)  0.046  0.000
 198 Y   0.24769 0.24581 0.22956 0.17525 0.08430 0.01671 0.00069 0.00000 0.00000 0.00000 0.00000 ( 1)  0.002  0.000
 199 V   0.00000 0.00008 0.00730 0.10927 0.44178 0.39923 0.04220 0.00014 0.00000 0.00000 0.00000 ( 5)  0.014  0.000
 200 P   0.24530 0.24352 0.22809 0.17618 0.08746 0.01857 0.00087 0.00000 0.00000 0.00000 0.00000 ( 1)  0.002  0.000
 201 E   0.25052 0.24852 0.23125 0.17404 0.08053 0.01463 0.00051 0.00000 0.00000 0.00000 0.00000 ( 1)  0.002  0.000
 202 G   0.24818 0.24629 0.22985 0.17504 0.08364 0.01634 0.00066 0.00000 0.00000 0.00000 0.00000 ( 1)  0.002  0.000
 203 N   0.27426 0.27097 0.24307 0.15834 0.04953 0.00379 0.00002 0.00000 0.00000 0.00000 0.00000 ( 1)  0.001  0.000
 204 M   0.28644 0.28226 0.24729 0.14677 0.03567 0.00156 0.00000 0.00000 0.00000 0.00000 0.00000 ( 1)  0.001  0.000
 205 T   0.00000 0.00010 0.00905 0.13084 0.48141 0.35361 0.02496 0.00004 0.00000 0.00000 0.00000 ( 5)  0.013  0.000
 206 A   0.00000 0.00010 0.00892 0.12933 0.47885 0.35679 0.02596 0.00004 0.00000 0.00000 0.00000 ( 5)  0.013  0.000
 207 C   0.25309 0.25098 0.23274 0.17281 0.07709 0.01292 0.00038 0.00000 0.00000 0.00000 0.00000 ( 1)  0.002  0.000
 208 G   0.23942 0.23787 0.22433 0.17801 0.09508 0.02374 0.00154 0.00001 0.00000 0.00000 0.00000 ( 1)  0.002  0.000
 209 T   0.26142 0.25890 0.23722 0.16801 0.06596 0.00835 0.00014 0.00000 0.00000 0.00000 0.00000 ( 1)  0.001  0.000
 210 D   0.27447 0.27116 0.24316 0.15816 0.04929 0.00374 0.00002 0.00000 0.00000 0.00000 0.00000 ( 1)  0.001  0.000
 211 Y   0.25696 0.25466 0.23488 0.17074 0.07190 0.01061 0.00024 0.00000 0.00000 0.00000 0.00000 ( 1)  0.001  0.000
 212 L   0.00000 0.00000 0.00000 0.00123 0.05752 0.46892 0.45416 0.01816 0.00000 0.00000 0.00000 ( 6)  0.033  0.000
 213 S   0.00000 0.00000 0.00000 0.00000 0.00000 0.00000 0.00000 0.00000 0.00016 0.99984 0.00000 (10)  0.393  0.000
 214 K   0.00007 0.01009 0.09270 0.30934 0.41621 0.16248 0.00909 0.00002 0.00000 0.00000 0.00000 ( 5)  0.008  0.000
 215 D   0.00000 0.00000 0.00000 0.00000 0.00000 0.00000 0.00000 0.06188 0.93811 0.00000 0.00000 ( 9)  0.177  0.000
 216 L   0.00000 0.00000 0.00000 0.00000 0.00015 0.02520 0.46098 0.50792 0.00575 0.00000 0.00000 ( 8)  0.070  0.000
 217 L   0.00000 0.00000 0.00000 0.00000 0.00000 0.00000 0.00000 0.00000 0.01006 0.98994 0.00000 (10)  0.391  0.000
 218 S   0.00000 0.00000 0.00002 0.00533 0.17496 0.66659 0.15265 0.00046 0.00000 0.00000 0.00000 ( 6)  0.022  0.000
 219 Q   0.00000 0.00000 0.00000 0.00003 0.00532 0.14945 0.63328 0.21096 0.00095 0.00000 0.00000 ( 7)  0.052  0.000
 220 I   0.00000 0.00000 0.00002 0.00478 0.16191 0.65968 0.17293 0.00068 0.00000 0.00000 0.00000 ( 6)  0.023  0.000
 221 Y   0.25862 0.25624 0.23577 0.16977 0.06968 0.00971 0.00020 0.00000 0.00000 0.00000 0.00000 ( 1)  0.001  0.000
 222 I   0.28274 0.27885 0.24615 0.15050 0.03967 0.00208 0.00001 0.00000 0.00000 0.00000 0.00000 ( 1)  0.001  0.000
 223 I   0.00000 0.00000 0.00000 0.00000 0.00007 0.02121 0.51603 0.46075 0.00194 0.00000 0.00000 ( 7)  0.067  0.000
 224 T   0.00000 0.00000 0.00000 0.00000 0.00000 0.00000 0.00000 0.00620 0.99380 0.00000 0.00000 ( 9)  0.182  0.000
 225 Y   0.25776 0.25543 0.23532 0.17028 0.07083 0.01017 0.00022 0.00000 0.00000 0.00000 0.00000 ( 1)  0.001  0.000
 226 S   0.00000 0.00000 0.00000 0.00001 0.00289 0.14633 0.70817 0.14247 0.00013 0.00000 0.00000 ( 7)  0.049  0.000
 227 I   0.00000 0.00000 0.00000 0.00000 0.00000 0.00010 0.12848 0.86967 0.00175 0.00000 0.00000 ( 8)  0.087  0.000
 228 A   0.00000 0.00000 0.00000 0.00000 0.00013 0.07881 0.87992 0.04114 0.00000 0.00000 0.00000 ( 7)  0.046  0.000
 229 C   0.00000 0.00000 0.00000 0.00000 0.00000 0.00000 0.00000 0.00030 0.99883 0.00087 0.00000 ( 9)  0.182  0.000
 230 Y   0.25760 0.25527 0.23523 0.17037 0.07105 0.01026 0.00023 0.00000 0.00000 0.00000 0.00000 ( 1)  0.001  0.000
 231 F   0.00000 0.00000 0.00000 0.00000 0.00304 0.29899 0.69023 0.00774 0.00000 0.00000 0.00000 ( 7)  0.039  0.000
 232 L   0.00000 0.00000 0.00000 0.00000 0.00000 0.00000 0.00000 0.00000 0.00056 0.99944 0.00000 (10)  0.393  0.000
 233 P   0.24246 0.24080 0.22630 0.17715 0.09117 0.02096 0.00115 0.00001 0.00000 0.00000 0.00000 ( 1)  0.002  0.000
 234 L   0.24488 0.24312 0.22782 0.17631 0.08800 0.01893 0.00092 0.00000 0.00000 0.00000 0.00000 ( 1)  0.002  0.000
 235 A   0.00000 0.00000 0.00000 0.00000 0.00000 0.00000 0.00000 0.00587 0.99366 0.00047 0.00000 ( 9)  0.182  0.000
 236 L   0.00000 0.00009 0.00784 0.11612 0.45557 0.38483 0.03546 0.00009 0.00000 0.00000 0.00000 ( 5)  0.014  0.000
 237 I   0.28307 0.27915 0.24625 0.15018 0.03931 0.00203 0.00001 0.00000 0.00000 0.00000 0.00000 ( 1)  0.001  0.000
 238 V   0.00000 0.00000 0.00000 0.00020 0.04903 0.68505 0.26523 0.00050 0.00000 0.00000 0.00000 ( 6)  0.027  0.000
 239 Y   0.25589 0.25364 0.23430 0.17134 0.07333 0.01122 0.00028 0.00000 0.00000 0.00000 0.00000 ( 1)  0.001  0.000
 240 S   0.24823 0.24633 0.22988 0.17503 0.08357 0.01629 0.00065 0.00000 0.00000 0.00000 0.00000 ( 1)  0.002  0.000
 241 Y   0.25673 0.25445 0.23476 0.17087 0.07220 0.01074 0.00025 0.00000 0.00000 0.00000 0.00000 ( 1)  0.001  0.000
 242 F   0.00000 0.00000 0.00000 0.00000 0.00000 0.00527 0.67974 0.31498 0.00002 0.00000 0.00000 ( 7)  0.060  0.000
 243 F   0.00000 0.00000 0.00000 0.00015 0.04069 0.64320 0.31507 0.00089 0.00000 0.00000 0.00000 ( 6)  0.028  0.000
 244 I   0.26844 0.26552 0.24058 0.16306 0.05682 0.00553 0.00006 0.00000 0.00000 0.00000 0.00000 ( 1)  0.001  0.000
 245 V   0.00000 0.00000 0.00000 0.00000 0.00008 0.04061 0.75939 0.19987 0.00005 0.00000 0.00000 ( 7)  0.054  0.000
 246 Q   0.00000 0.00000 0.00008 0.00610 0.10433 0.46218 0.39718 0.03010 0.00003 0.00000 0.00000 ( 6)  0.032  0.000
 247 A   0.00000 0.00000 0.00040 0.02658 0.30692 0.57397 0.09181 0.00032 0.00000 0.00000 0.00000 ( 6)  0.019  0.000
 248 V   0.24490 0.24314 0.22784 0.17630 0.08797 0.01892 0.00092 0.00000 0.00000 0.00000 0.00000 ( 1)  0.002  0.000
 249 A   0.00000 0.00000 0.00000 0.00000 0.00000 0.00033 0.09394 0.86267 0.04306 0.00000 0.00000 ( 8)  0.092  0.000
 250 A   0.00000 0.00000 0.00029 0.01979 0.25222 0.58499 0.14167 0.00104 0.00000 0.00000 0.00000 ( 6)  0.021  0.000
 251 H   0.26061 0.25813 0.23681 0.16856 0.06703 0.00871 0.00016 0.00000 0.00000 0.00000 0.00000 ( 1)  0.001  0.000
 252 E   0.25324 0.25112 0.23282 0.17273 0.07688 0.01283 0.00038 0.00000 0.00000 0.00000 0.00000 ( 1)  0.002  0.000
 253 K   0.00000 0.00000 0.00000 0.00000 0.00000 0.00000 0.00343 0.64559 0.35099 0.00000 0.00000 ( 8)  0.124  0.000
 254 A   0.00000 0.00000 0.00000 0.00000 0.00000 0.00000 0.00000 0.00041 0.99198 0.00761 0.00000 ( 9)  0.184  0.000
 255 M   0.28644 0.28226 0.24729 0.14677 0.03567 0.00156 0.00000 0.00000 0.00000 0.00000 0.00000 ( 1)  0.001  0.000
 256 R   0.24917 0.24723 0.23045 0.17464 0.08233 0.01559 0.00058 0.00000 0.00000 0.00000 0.00000 ( 1)  0.002  0.000
 257 E   0.24588 0.24408 0.22845 0.17597 0.08670 0.01810 0.00082 0.00000 0.00000 0.00000 0.00000 ( 1)  0.002  0.000
 258 Q   0.22912 0.22791 0.21724 0.17979 0.10763 0.03458 0.00368 0.00006 0.00000 0.00000 0.00000 ( 1)  0.002  0.000
 259 A   0.26202 0.25946 0.23751 0.16761 0.06518 0.00809 0.00013 0.00000 0.00000 0.00000 0.00000 ( 1)  0.001  0.000
 260 K   0.25557 0.25334 0.23413 0.17152 0.07376 0.01140 0.00029 0.00000 0.00000 0.00000 0.00000 ( 1)  0.001  0.000
 261 K   0.24568 0.24389 0.22833 0.17604 0.08696 0.01826 0.00084 0.00000 0.00000 0.00000 0.00000 ( 1)  0.002  0.000
 262 M   0.28644 0.28226 0.24729 0.14677 0.03567 0.00156 0.00000 0.00000 0.00000 0.00000 0.00000 ( 1)  0.001  0.000
 263 N   0.27068 0.26762 0.24158 0.16132 0.05398 0.00479 0.00004 0.00000 0.00000 0.00000 0.00000 ( 1)  0.001  0.000
 264 V   0.25869 0.25630 0.23580 0.16970 0.06960 0.00971 0.00020 0.00000 0.00000 0.00000 0.00000 ( 1)  0.001  0.000
 265 A   0.00008 0.01068 0.09776 0.32131 0.41495 0.14820 0.00700 0.00001 0.00000 0.00000 0.00000 ( 5)  0.008  0.000
 266 S   0.25132 0.24929 0.23171 0.17366 0.07945 0.01409 0.00047 0.00000 0.00000 0.00000 0.00000 ( 1)  0.002  0.000
 267 L   0.25578 0.25354 0.23423 0.17136 0.07348 0.01132 0.00029 0.00000 0.00000 0.00000 0.00000 ( 1)  0.001  0.000
 268 R   0.23863 0.23710 0.22380 0.17821 0.09609 0.02450 0.00165 0.00001 0.00000 0.00000 0.00000 ( 1)  0.002  0.000
 269 S   0.23601 0.23458 0.22204 0.17878 0.09936 0.02711 0.00210 0.00002 0.00000 0.00000 0.00000 ( 1)  0.002  0.000
 270 S   0.00000 0.00000 0.00000 0.00000 0.00000 0.00169 0.20265 0.78141 0.01424 0.00000 0.00000 ( 8)  0.084  0.000
 271 E   0.00000 0.00000 0.00000 0.00000 0.00077 0.08667 0.72507 0.18735 0.00014 0.00000 0.00000 ( 7)  0.052  0.000
 272 Q   0.00000 0.00000 0.00000 0.00000 0.00000 0.00000 0.00001 0.05527 0.94467 0.00005 0.00000 ( 9)  0.177  0.000
 273 A   0.00000 0.00000 0.00000 0.00000 0.00049 0.09296 0.79701 0.10952 0.00002 0.00000 0.00000 ( 7)  0.049  0.000
 274 N   0.27242 0.26925 0.24232 0.15990 0.05180 0.00428 0.00003 0.00000 0.00000 0.00000 0.00000 ( 1)  0.001  0.000
 275 T   0.00010 0.01330 0.11969 0.36864 0.39933 0.09680 0.00214 0.00000 0.00000 0.00000 0.00000 ( 5)  0.007  0.000
 276 S   0.00009 0.01292 0.11655 0.36242 0.40262 0.10290 0.00250 0.00000 0.00000 0.00000 0.00000 ( 5)  0.007  0.000
 277 A   0.00000 0.00000 0.00034 0.02302 0.27939 0.58223 0.11444 0.00057 0.00000 0.00000 0.00000 ( 6)  0.020  0.000
 278 E   0.25141 0.24937 0.23177 0.17363 0.07934 0.01402 0.00046 0.00000 0.00000 0.00000 0.00000 ( 1)  0.002  0.000
 279 C   0.00000 0.00000 0.00000 0.00037 0.03689 0.47644 0.47552 0.01078 0.00000 0.00000 0.00000 ( 6)  0.033  0.000
 280 K   0.24228 0.24062 0.22619 0.17721 0.09141 0.02112 0.00117 0.00001 0.00000 0.00000 0.00000 ( 1)  0.002  0.000
 281 L   0.24113 0.23951 0.22543 0.17753 0.09289 0.02218 0.00132 0.00001 0.00000 0.00000 0.00000 ( 1)  0.002  0.000
 282 A   0.25952 0.25709 0.23623 0.16921 0.06849 0.00928 0.00018 0.00000 0.00000 0.00000 0.00000 ( 1)  0.001  0.000
 283 K   0.25673 0.25445 0.23476 0.17087 0.07220 0.01073 0.00025 0.00000 0.00000 0.00000 0.00000 ( 1)  0.001  0.000
 284 V   0.25386 0.25171 0.23316 0.17240 0.07606 0.01247 0.00036 0.00000 0.00000 0.00000 0.00000 ( 1)  0.002  0.000
 285 A   0.25232 0.25024 0.23229 0.17317 0.07812 0.01345 0.00042 0.00000 0.00000 0.00000 0.00000 ( 1)  0.002  0.000
 286 L   0.24015 0.23857 0.22479 0.17777 0.09413 0.02311 0.00146 0.00001 0.00000 0.00000 0.00000 ( 1)  0.002  0.000
 287 M   0.00000 0.00023 0.01980 0.24339 0.57597 0.15899 0.00161 0.00000 0.00000 0.00000 0.00000 ( 5)  0.009  0.000
 288 T   0.27251 0.26934 0.24235 0.15981 0.05169 0.00427 0.00003 0.00000 0.00000 0.00000 0.00000 ( 1)  0.001  0.000
 289 I   0.27423 0.27094 0.24305 0.15834 0.04959 0.00382 0.00002 0.00000 0.00000 0.00000 0.00000 ( 1)  0.001  0.000
 290 S   0.24894 0.24701 0.23031 0.17472 0.08263 0.01578 0.00061 0.00000 0.00000 0.00000 0.00000 ( 1)  0.002  0.000
 291 L   0.23873 0.23720 0.22386 0.17817 0.09595 0.02443 0.00165 0.00001 0.00000 0.00000 0.00000 ( 1)  0.002  0.000
 292 W   0.23634 0.23489 0.22227 0.17875 0.09898 0.02674 0.00202 0.00002 0.00000 0.00000 0.00000 ( 1)  0.002  0.000
 293 F   0.28034 0.27663 0.24535 0.15283 0.04236 0.00248 0.00001 0.00000 0.00000 0.00000 0.00000 ( 1)  0.001  0.000
 294 M   0.00014 0.01885 0.16415 0.44338 0.33632 0.03699 0.00017 0.00000 0.00000 0.00000 0.00000 ( 4)  0.005  0.000
 295 A   0.25571 0.25347 0.23419 0.17141 0.07358 0.01136 0.00029 0.00000 0.00000 0.00000 0.00000 ( 1)  0.001  0.000
 296 W   0.23634 0.23489 0.22227 0.17875 0.09898 0.02674 0.00202 0.00002 0.00000 0.00000 0.00000 ( 1)  0.002  0.000
 297 T   0.25448 0.25231 0.23351 0.17208 0.07522 0.01207 0.00033 0.00000 0.00000 0.00000 0.00000 ( 1)  0.002  0.000
 298 P   0.23692 0.23546 0.22266 0.17862 0.09824 0.02617 0.00192 0.00001 0.00000 0.00000 0.00000 ( 1)  0.002  0.000
 299 Y   0.25629 0.25402 0.23452 0.17112 0.07280 0.01099 0.00026 0.00000 0.00000 0.00000 0.00000 ( 1)  0.001  0.000
 300 L   0.24416 0.24243 0.22738 0.17657 0.08895 0.01953 0.00099 0.00000 0.00000 0.00000 0.00000 ( 1)  0.002  0.000
 301 V   0.00000 0.00000 0.00001 0.00365 0.13256 0.63295 0.22912 0.00170 0.00000 0.00000 0.00000 ( 6)  0.025  0.000
 302 I   0.28411 0.28011 0.24658 0.14914 0.03817 0.00188 0.00001 0.00000 0.00000 0.00000 0.00000 ( 1)  0.001  0.000
 303 N   0.27364 0.27039 0.24282 0.15887 0.05029 0.00395 0.00003 0.00000 0.00000 0.00000 0.00000 ( 1)  0.001  0.000
 304 F   0.00000 0.00000 0.00000 0.00000 0.00000 0.00005 0.06322 0.92164 0.01509 0.00000 0.00000 ( 8)  0.091  0.000
 305 A   0.00000 0.00000 0.00000 0.00000 0.00000 0.00000 0.00024 0.40200 0.59777 0.00000 0.00000 ( 9)  0.146  0.000
 306 G   0.24152 0.23989 0.22569 0.17742 0.09238 0.02181 0.00127 0.00001 0.00000 0.00000 0.00000 ( 1)  0.002  0.000
 307 V   0.00000 0.00000 0.00000 0.00004 0.01449 0.39656 0.57623 0.01268 0.00000 0.00000 0.00000 ( 7)  0.036  0.000
 308 F   0.00012 0.01608 0.14237 0.41014 0.37060 0.06010 0.00060 0.00000 0.00000 0.00000 0.00000 ( 4)  0.006  0.000
 309 E   0.00000 0.00000 0.00028 0.01895 0.24490 0.58517 0.14951 0.00119 0.00000 0.00000 0.00000 ( 6)  0.021  0.000
 310 T   0.00000 0.00000 0.00000 0.00000 0.00000 0.00704 0.54927 0.44347 0.00022 0.00000 0.00000 ( 7)  0.066  0.000
 311 A   0.00000 0.00000 0.00000 0.00000 0.00000 0.00000 0.00000 0.00014 0.99472 0.00514 0.00000 ( 9)  0.183  0.000
 312 P   0.00000 0.00000 0.00000 0.00000 0.00000 0.00000 0.00000 0.00797 0.99188 0.00015 0.00000 ( 9)  0.182  0.000
 313 I   0.00013 0.01766 0.15487 0.42991 0.35140 0.04573 0.00030 0.00000 0.00000 0.00000 0.00000 ( 4)  0.005  0.000
 314 S   0.00000 0.00000 0.00000 0.00000 0.00000 0.00000 0.02227 0.96095 0.01679 0.00000 0.00000 ( 8)  0.093  0.000
 315 P   0.24586 0.24406 0.22844 0.17597 0.08672 0.01812 0.00083 0.00000 0.00000 0.00000 0.00000 ( 1)  0.002  0.000
 316 L   0.25350 0.25136 0.23295 0.17257 0.07654 0.01271 0.00037 0.00000 0.00000 0.00000 0.00000 ( 1)  0.002  0.000
 317 S   0.00000 0.00000 0.00000 0.00000 0.00000 0.01114 0.65880 0.32998 0.00008 0.00000 0.00000 ( 7)  0.061  0.000
 318 T   0.27094 0.26786 0.24168 0.16110 0.05366 0.00473 0.00004 0.00000 0.00000 0.00000 0.00000 ( 1)  0.001  0.000
 319 I   0.00013 0.01788 0.15654 0.43241 0.34872 0.04405 0.00027 0.00000 0.00000 0.00000 0.00000 ( 4)  0.005  0.000
 320 W   0.23634 0.23489 0.22227 0.17875 0.09898 0.02674 0.00202 0.00002 0.00000 0.00000 0.00000 ( 1)  0.002  0.000
 321 G   0.00007 0.00964 0.08883 0.29972 0.41582 0.17443 0.01146 0.00004 0.00000 0.00000 0.00000 ( 5)  0.009  0.000
 322 S   0.24117 0.23955 0.22546 0.17750 0.09283 0.02216 0.00132 0.00001 0.00000 0.00000 0.00000 ( 1)  0.002  0.000
 323 V   0.00000 0.00000 0.00000 0.00000 0.00002 0.02491 0.75100 0.22403 0.00003 0.00000 0.00000 ( 7)  0.056  0.000
 324 F   0.27738 0.27388 0.24428 0.15558 0.04580 0.00307 0.00001 0.00000 0.00000 0.00000 0.00000 ( 1)  0.001  0.000
 325 A   0.26696 0.26412 0.23990 0.16417 0.05872 0.00606 0.00007 0.00000 0.00000 0.00000 0.00000 ( 1)  0.001  0.000
 326 K   0.25392 0.25177 0.23321 0.17239 0.07597 0.01239 0.00035 0.00000 0.00000 0.00000 0.00000 ( 1)  0.002  0.000
 327 A   0.25787 0.25552 0.23536 0.17020 0.07069 0.01013 0.00022 0.00000 0.00000 0.00000 0.00000 ( 1)  0.001  0.000
 328 N   0.26486 0.26215 0.23892 0.16570 0.06143 0.00684 0.00009 0.00000 0.00000 0.00000 0.00000 ( 1)  0.001  0.000
 329 A   0.00010 0.01343 0.12082 0.37082 0.39803 0.09475 0.00204 0.00000 0.00000 0.00000 0.00000 ( 5)  0.006  0.000
 330 V   0.00011 0.01455 0.13001 0.38839 0.38740 0.07832 0.00122 0.00000 0.00000 0.00000 0.00000 ( 4)  0.006  0.000
 331 Y   0.25684 0.25455 0.23482 0.17081 0.07206 0.01068 0.00025 0.00000 0.00000 0.00000 0.00000 ( 1)  0.001  0.000
 332 N   0.26319 0.26057 0.23811 0.16685 0.06362 0.00755 0.00011 0.00000 0.00000 0.00000 0.00000 ( 1)  0.001  0.000
 333 P   0.24479 0.24303 0.22777 0.17637 0.08814 0.01899 0.00092 0.00000 0.00000 0.00000 0.00000 ( 1)  0.002  0.000
 334 I   0.26526 0.26252 0.23911 0.16541 0.06092 0.00670 0.00009 0.00000 0.00000 0.00000 0.00000 ( 1)  0.001  0.000
 335 V   0.24283 0.24115 0.22653 0.17700 0.09068 0.02067 0.00112 0.00000 0.00000 0.00000 0.00000 ( 1)  0.002  0.000
 336 Y   0.24215 0.24049 0.22610 0.17724 0.09158 0.02124 0.00119 0.00001 0.00000 0.00000 0.00000 ( 1)  0.002  0.000
 337 G   0.25013 0.24815 0.23102 0.17421 0.08104 0.01491 0.00053 0.00000 0.00000 0.00000 0.00000 ( 1)  0.002  0.000
 338 I   0.28412 0.28012 0.24659 0.14913 0.03816 0.00188 0.00001 0.00000 0.00000 0.00000 0.00000 ( 1)  0.001  0.000
 339 S   0.26821 0.26530 0.24049 0.16325 0.05710 0.00559 0.00006 0.00000 0.00000 0.00000 0.00000 ( 1)  0.001  0.000
 340 H   0.25284 0.25074 0.23260 0.17294 0.07741 0.01307 0.00039 0.00000 0.00000 0.00000 0.00000 ( 1)  0.002  0.000
 341 P   0.24683 0.24499 0.22904 0.17561 0.08544 0.01735 0.00075 0.00000 0.00000 0.00000 0.00000 ( 1)  0.002  0.000
 342 K   0.00000 0.00005 0.00447 0.07163 0.34717 0.46758 0.10760 0.00150 0.00000 0.00000 0.00000 ( 6)  0.018  0.000
 343 Y   0.25786 0.25552 0.23537 0.17022 0.07069 0.01011 0.00022 0.00000 0.00000 0.00000 0.00000 ( 1)  0.001  0.000
 344 R   0.00000 0.00000 0.00000 0.00051 0.02742 0.30460 0.57656 0.09072 0.00019 0.00000 0.00000 ( 7)  0.041  0.000
 345 A   0.00000 0.00000 0.00000 0.00000 0.00000 0.00657 0.43364 0.55842 0.00136 0.00000 0.00000 ( 8)  0.072  0.000
 346 A   0.00000 0.00000 0.00000 0.00000 0.00023 0.05431 0.72800 0.21735 0.00012 0.00000 0.00000 ( 7)  0.055  0.000
 347 L   0.23871 0.23718 0.22385 0.17818 0.09598 0.02444 0.00165 0.00001 0.00000 0.00000 0.00000 ( 1)  0.002  0.000
 348 Y   0.00000 0.00000 0.00032 0.02158 0.26782 0.58467 0.12490 0.00071 0.00000 0.00000 0.00000 ( 6)  0.020  0.000
 349 Q   0.00000 0.00000 0.00000 0.00000 0.00000 0.00000 0.00001 0.04151 0.95839 0.00009 0.00000 ( 9)  0.179  0.000
 350 R   0.00000 0.00000 0.00000 0.00000 0.00000 0.00000 0.00040 0.31145 0.68816 0.00000 0.00000 ( 9)  0.154  0.000
 351 F   0.28206 0.27822 0.24593 0.15118 0.04042 0.00219 0.00001 0.00000 0.00000 0.00000 0.00000 ( 1)  0.001  0.000
 352 P   0.24706 0.24521 0.22917 0.17551 0.08514 0.01718 0.00073 0.00000 0.00000 0.00000 0.00000 ( 1)  0.002  0.000
 353 S   0.00000 0.00000 0.00000 0.00000 0.00000 0.00000 0.00000 0.00014 0.92531 0.07455 0.00000 ( 9)  0.198  0.000
 354 L   0.24094 0.23933 0.22532 0.17758 0.09313 0.02235 0.00134 0.00001 0.00000 0.00000 0.00000 ( 1)  0.002  0.000
 355 A   0.00000 0.00000 0.00000 0.00000 0.00000 0.00022 0.09489 0.88150 0.02338 0.00000 0.00000 ( 8)  0.090  0.000
 356 C   0.25907 0.25666 0.23601 0.16951 0.06908 0.00948 0.00019 0.00000 0.00000 0.00000 0.00000 ( 1)  0.001  0.000
 357 Q   0.00000 0.00000 0.00000 0.00000 0.00000 0.00000 0.00000 0.00714 0.98857 0.00428 0.00000 ( 9)  0.183  0.000
 358 P   0.00000 0.00000 0.00000 0.00000 0.00000 0.00000 0.00000 0.00001 0.56159 0.43840 0.00000 ( 9)  0.275  0.000
 359 S   0.00000 0.00000 0.00000 0.00000 0.00000 0.00000 0.00000 0.00973 0.98901 0.00127 0.00000 ( 9)  0.182  0.000
 360 P   0.00000 0.00000 0.00000 0.00000 0.00000 0.00000 0.00000 0.02114 0.97869 0.00017 0.00000 ( 9)  0.180  0.000
 361 E   0.00000 0.00000 0.00000 0.00000 0.00000 0.00000 0.00180 0.88080 0.11739 0.00000 0.00000 ( 8)  0.103  0.000
 362 E   0.00000 0.00000 0.00000 0.00000 0.00000 0.00000 0.00387 0.83571 0.16042 0.00000 0.00000 ( 8)  0.107  0.000
 363 T   0.00000 0.00000 0.00000 0.00000 0.00000 0.00000 0.00000 0.00000 0.00004 0.99996 0.00000 (10)  0.393  0.000
 364 G   0.00000 0.00000 0.00000 0.00000 0.00000 0.00000 0.00008 0.26349 0.73643 0.00000 0.00000 ( 9)  0.159  0.000
 365 S   0.25837 0.25600 0.23563 0.16990 0.07001 0.00986 0.00021 0.00000 0.00000 0.00000 0.00000 ( 1)  0.001  0.000
 366 V   0.00000 0.00000 0.00000 0.00000 0.00000 0.00002 0.04066 0.93823 0.02109 0.00000 0.00000 ( 8)  0.093  0.000
 367 A   0.00000 0.00011 0.00955 0.13679 0.49078 0.34110 0.02164 0.00003 0.00000 0.00000 0.00000 ( 5)  0.013  0.000
 368 S   0.25608 0.25382 0.23438 0.17119 0.07309 0.01116 0.00028 0.00000 0.00000 0.00000 0.00000 ( 1)  0.001  0.000
 369 A   0.00000 0.00000 0.00000 0.00000 0.00000 0.00000 0.00033 0.40067 0.59901 0.00000 0.00000 ( 9)  0.146  0.000
 370 A   0.00000 0.00000 0.00000 0.00000 0.00000 0.00000 0.00000 0.03241 0.96758 0.00000 0.00000 ( 9)  0.179  0.000
 371 T   0.27222 0.26906 0.24223 0.16005 0.05206 0.00435 0.00003 0.00000 0.00000 0.00000 0.00000 ( 1)  0.001  0.000
 372 A   0.00000 0.00000 0.00000 0.00000 0.00027 0.09124 0.84772 0.06076 0.00000 0.00000 0.00000 ( 7)  0.046  0.000
 373 C   0.00000 0.00000 0.00000 0.00000 0.00000 0.00000 0.00001 0.17463 0.82535 0.00000 0.00000 ( 9)  0.167  0.000
 374 T   0.00000 0.00000 0.00000 0.00000 0.00000 0.00021 0.11862 0.87335 0.00782 0.00000 0.00000 ( 8)  0.088  0.000
 375 E   0.00000 0.00000 0.00000 0.00000 0.00000 0.00033 0.12260 0.86450 0.01258 0.00000 0.00000 ( 8)  0.088  0.000
 376 E   0.25818 0.25582 0.23554 0.17003 0.07027 0.00995 0.00021 0.00000 0.00000 0.00000 0.00000 ( 1)  0.001  0.000
 377 K   0.25365 0.25151 0.23305 0.17253 0.07634 0.01257 0.00036 0.00000 0.00000 0.00000 0.00000 ( 1)  0.002  0.000
 378 P   0.00000 0.00000 0.00019 0.01372 0.19446 0.56994 0.21799 0.00370 0.00000 0.00000 0.00000 ( 6)  0.024  0.000
 379 S   0.00000 0.00000 0.00000 0.00000 0.00002 0.01918 0.69049 0.29022 0.00009 0.00000 0.00000 ( 7)  0.059  0.000
 380 A   0.26162 0.25909 0.23732 0.16788 0.06569 0.00825 0.00014 0.00000 0.00000 0.00000 0.00000 ( 1)  0.001  0.000

Positively selected sites

	Prob(w>1)  mean w



lnL = -67200.179480

Bayes Empirical Bayes (BEB) probabilities for 11 classes (class) & postmean_w
(amino acids refer to 1st sequence: ColCroc|LWS3)

   1 M   1.00000 0.00000 0.00000 0.00000 0.00000 0.00000 0.00000 0.00000 0.00000 0.00000 0.00000 ( 1)  0.050 +-  0.000
   2 A   0.00000 0.04446 0.83174 0.12193 0.00186 0.00001 0.00000 0.00000 0.00000 0.00000 0.00000 ( 3)  0.258 +-  0.041
   3 T   0.00000 0.00000 0.03626 0.57497 0.35353 0.03420 0.00102 0.00001 0.00000 0.00000 0.00000 ( 4)  0.389 +-  0.062
   4 S   0.00000 0.28118 0.71028 0.00853 0.00001 0.00000 0.00000 0.00000 0.00000 0.00000 0.00000 ( 3)  0.223 +-  0.046
   5 M   0.00113 0.95701 0.04179 0.00007 0.00000 0.00000 0.00000 0.00000 0.00000 0.00000 0.00000 ( 2)  0.154 +-  0.020
   6 D   1.00000 0.00000 0.00000 0.00000 0.00000 0.00000 0.00000 0.00000 0.00000 0.00000 0.00000 ( 1)  0.050 +-  0.000
   7 P   0.68527 0.31448 0.00025 0.00000 0.00000 0.00000 0.00000 0.00000 0.00000 0.00000 0.00000 ( 1)  0.081 +-  0.047
   8 A   0.99995 0.00005 0.00000 0.00000 0.00000 0.00000 0.00000 0.00000 0.00000 0.00000 0.00000 ( 1)  0.050 +-  0.001
   9 P   0.99999 0.00001 0.00000 0.00000 0.00000 0.00000 0.00000 0.00000 0.00000 0.00000 0.00000 ( 1)  0.050 +-  0.000
  10 G   1.00000 0.00000 0.00000 0.00000 0.00000 0.00000 0.00000 0.00000 0.00000 0.00000 0.00000 ( 1)  0.050 +-  0.000
  11 V   0.00000 0.00002 0.17381 0.73440 0.09020 0.00155 0.00001 0.00000 0.00000 0.00000 0.00000 ( 4)  0.342 +-  0.051
  12 A   1.00000 0.00000 0.00000 0.00000 0.00000 0.00000 0.00000 0.00000 0.00000 0.00000 0.00000 ( 1)  0.050 +-  0.000
  13 A   1.00000 0.00000 0.00000 0.00000 0.00000 0.00000 0.00000 0.00000 0.00000 0.00000 0.00000 ( 1)  0.050 +-  0.000
  14 M   0.79461 0.20490 0.00049 0.00000 0.00000 0.00000 0.00000 0.00000 0.00000 0.00000 0.00000 ( 1)  0.071 +-  0.041
  15 Q   0.99583 0.00416 0.00001 0.00000 0.00000 0.00000 0.00000 0.00000 0.00000 0.00000 0.00000 ( 1)  0.050 +-  0.006
  16 T   0.87425 0.12557 0.00018 0.00000 0.00000 0.00000 0.00000 0.00000 0.00000 0.00000 0.00000 ( 1)  0.063 +-  0.033
  17 W   0.99985 0.00015 0.00000 0.00000 0.00000 0.00000 0.00000 0.00000 0.00000 0.00000 0.00000 ( 1)  0.050 +-  0.001
  18 G   1.00000 0.00000 0.00000 0.00000 0.00000 0.00000 0.00000 0.00000 0.00000 0.00000 0.00000 ( 1)  0.050 +-  0.000
  19 G   0.99482 0.00518 0.00000 0.00000 0.00000 0.00000 0.00000 0.00000 0.00000 0.00000 0.00000 ( 1)  0.051 +-  0.007
  20 H   0.03445 0.90507 0.06004 0.00044 0.00000 0.00000 0.00000 0.00000 0.00000 0.00000 0.00000 ( 2)  0.153 +-  0.031
  21 A   0.25011 0.74910 0.00079 0.00000 0.00000 0.00000 0.00000 0.00000 0.00000 0.00000 0.00000 ( 2)  0.125 +-  0.043
  22 E   0.98366 0.01633 0.00000 0.00000 0.00000 0.00000 0.00000 0.00000 0.00000 0.00000 0.00000 ( 1)  0.052 +-  0.013
  23 A   1.00000 0.00000 0.00000 0.00000 0.00000 0.00000 0.00000 0.00000 0.00000 0.00000 0.00000 ( 1)  0.050 +-  0.000
  24 Y   0.87760 0.12235 0.00005 0.00000 0.00000 0.00000 0.00000 0.00000 0.00000 0.00000 0.00000 ( 1)  0.062 +-  0.033
  25 S   0.99999 0.00001 0.00000 0.00000 0.00000 0.00000 0.00000 0.00000 0.00000 0.00000 0.00000 ( 1)  0.050 +-  0.000
  26 A   0.00745 0.98840 0.00415 0.00000 0.00000 0.00000 0.00000 0.00000 0.00000 0.00000 0.00000 ( 2)  0.150 +-  0.011
  27 N   1.00000 0.00000 0.00000 0.00000 0.00000 0.00000 0.00000 0.00000 0.00000 0.00000 0.00000 ( 1)  0.050 +-  0.000
  28 Q   0.00018 0.69344 0.30082 0.00554 0.00002 0.00000 0.00000 0.00000 0.00000 0.00000 0.00000 ( 2)  0.181 +-  0.048
  29 T   1.00000 0.00000 0.00000 0.00000 0.00000 0.00000 0.00000 0.00000 0.00000 0.00000 0.00000 ( 1)  0.050 +-  0.000
  30 V   1.00000 0.00000 0.00000 0.00000 0.00000 0.00000 0.00000 0.00000 0.00000 0.00000 0.00000 ( 1)  0.050 +-  0.000
  31 V   1.00000 0.00000 0.00000 0.00000 0.00000 0.00000 0.00000 0.00000 0.00000 0.00000 0.00000 ( 1)  0.050 +-  0.000
  32 D   1.00000 0.00000 0.00000 0.00000 0.00000 0.00000 0.00000 0.00000 0.00000 0.00000 0.00000 ( 1)  0.050 +-  0.000
  33 K   0.99977 0.00023 0.00000 0.00000 0.00000 0.00000 0.00000 0.00000 0.00000 0.00000 0.00000 ( 1)  0.050 +-  0.002
  34 V   1.00000 0.00000 0.00000 0.00000 0.00000 0.00000 0.00000 0.00000 0.00000 0.00000 0.00000 ( 1)  0.050 +-  0.000
  35 L   0.00000 0.00946 0.64699 0.32720 0.01614 0.00021 0.00000 0.00000 0.00000 0.00000 0.00000 ( 3)  0.285 +-  0.053
  36 P   0.99989 0.00011 0.00000 0.00000 0.00000 0.00000 0.00000 0.00000 0.00000 0.00000 0.00000 ( 1)  0.050 +-  0.001
  37 E   0.00005 0.93919 0.06068 0.00008 0.00000 0.00000 0.00000 0.00000 0.00000 0.00000 0.00000 ( 2)  0.156 +-  0.024
  38 M   0.99983 0.00017 0.00000 0.00000 0.00000 0.00000 0.00000 0.00000 0.00000 0.00000 0.00000 ( 1)  0.050 +-  0.001
  39 L   0.48604 0.51098 0.00298 0.00000 0.00000 0.00000 0.00000 0.00000 0.00000 0.00000 0.00000 ( 2)  0.102 +-  0.051
  40 H   1.00000 0.00000 0.00000 0.00000 0.00000 0.00000 0.00000 0.00000 0.00000 0.00000 0.00000 ( 1)  0.050 +-  0.000
  41 L   1.00000 0.00000 0.00000 0.00000 0.00000 0.00000 0.00000 0.00000 0.00000 0.00000 0.00000 ( 1)  0.050 +-  0.000
  42 I   0.00260 0.99500 0.00240 0.00000 0.00000 0.00000 0.00000 0.00000 0.00000 0.00000 0.00000 ( 2)  0.150 +-  0.007
  43 D   1.00000 0.00000 0.00000 0.00000 0.00000 0.00000 0.00000 0.00000 0.00000 0.00000 0.00000 ( 1)  0.050 +-  0.000
  44 A   0.99985 0.00015 0.00000 0.00000 0.00000 0.00000 0.00000 0.00000 0.00000 0.00000 0.00000 ( 1)  0.050 +-  0.001
  45 H   0.55079 0.44890 0.00031 0.00000 0.00000 0.00000 0.00000 0.00000 0.00000 0.00000 0.00000 ( 1)  0.095 +-  0.050
  46 W   1.00000 0.00000 0.00000 0.00000 0.00000 0.00000 0.00000 0.00000 0.00000 0.00000 0.00000 ( 1)  0.050 +-  0.000
  47 Y   1.00000 0.00000 0.00000 0.00000 0.00000 0.00000 0.00000 0.00000 0.00000 0.00000 0.00000 ( 1)  0.050 +-  0.000
  48 Q   0.99999 0.00001 0.00000 0.00000 0.00000 0.00000 0.00000 0.00000 0.00000 0.00000 0.00000 ( 1)  0.050 +-  0.000
  49 F   1.00000 0.00000 0.00000 0.00000 0.00000 0.00000 0.00000 0.00000 0.00000 0.00000 0.00000 ( 1)  0.050 +-  0.000
  50 P   1.00000 0.00000 0.00000 0.00000 0.00000 0.00000 0.00000 0.00000 0.00000 0.00000 0.00000 ( 1)  0.050 +-  0.000
  51 P   1.00000 0.00000 0.00000 0.00000 0.00000 0.00000 0.00000 0.00000 0.00000 0.00000 0.00000 ( 1)  0.050 +-  0.000
  52 M   1.00000 0.00000 0.00000 0.00000 0.00000 0.00000 0.00000 0.00000 0.00000 0.00000 0.00000 ( 1)  0.050 +-  0.000
  53 N   1.00000 0.00000 0.00000 0.00000 0.00000 0.00000 0.00000 0.00000 0.00000 0.00000 0.00000 ( 1)  0.050 +-  0.000
  54 P   1.00000 0.00000 0.00000 0.00000 0.00000 0.00000 0.00000 0.00000 0.00000 0.00000 0.00000 ( 1)  0.050 +-  0.000
  55 L   0.99985 0.00015 0.00000 0.00000 0.00000 0.00000 0.00000 0.00000 0.00000 0.00000 0.00000 ( 1)  0.050 +-  0.001
  56 W   1.00000 0.00000 0.00000 0.00000 0.00000 0.00000 0.00000 0.00000 0.00000 0.00000 0.00000 ( 1)  0.050 +-  0.000
  57 Y   1.00000 0.00000 0.00000 0.00000 0.00000 0.00000 0.00000 0.00000 0.00000 0.00000 0.00000 ( 1)  0.050 +-  0.000
  58 G   0.76519 0.23369 0.00112 0.00000 0.00000 0.00000 0.00000 0.00000 0.00000 0.00000 0.00000 ( 1)  0.074 +-  0.043
  59 L   0.99996 0.00004 0.00000 0.00000 0.00000 0.00000 0.00000 0.00000 0.00000 0.00000 0.00000 ( 1)  0.050 +-  0.001
  60 L   1.00000 0.00000 0.00000 0.00000 0.00000 0.00000 0.00000 0.00000 0.00000 0.00000 0.00000 ( 1)  0.050 +-  0.000
  61 G   1.00000 0.00000 0.00000 0.00000 0.00000 0.00000 0.00000 0.00000 0.00000 0.00000 0.00000 ( 1)  0.050 +-  0.000
  62 F   1.00000 0.00000 0.00000 0.00000 0.00000 0.00000 0.00000 0.00000 0.00000 0.00000 0.00000 ( 1)  0.050 +-  0.000
  63 T   0.00004 0.89189 0.10780 0.00028 0.00000 0.00000 0.00000 0.00000 0.00000 0.00000 0.00000 ( 2)  0.161 +-  0.031
  64 I   1.00000 0.00000 0.00000 0.00000 0.00000 0.00000 0.00000 0.00000 0.00000 0.00000 0.00000 ( 1)  0.050 +-  0.000
  65 C   0.97650 0.02350 0.00000 0.00000 0.00000 0.00000 0.00000 0.00000 0.00000 0.00000 0.00000 ( 1)  0.052 +-  0.015
  66 I   0.00000 0.00000 0.02580 0.62950 0.32443 0.01992 0.00034 0.00000 0.00000 0.00000 0.00000 ( 4)  0.384 +-  0.056
  67 L   1.00000 0.00000 0.00000 0.00000 0.00000 0.00000 0.00000 0.00000 0.00000 0.00000 0.00000 ( 1)  0.050 +-  0.000
  68 A   0.99998 0.00002 0.00000 0.00000 0.00000 0.00000 0.00000 0.00000 0.00000 0.00000 0.00000 ( 1)  0.050 +-  0.000
  69 F   1.00000 0.00000 0.00000 0.00000 0.00000 0.00000 0.00000 0.00000 0.00000 0.00000 0.00000 ( 1)  0.050 +-  0.000
  70 I   0.00005 0.99323 0.00671 0.00000 0.00000 0.00000 0.00000 0.00000 0.00000 0.00000 0.00000 ( 2)  0.151 +-  0.008
  71 S   1.00000 0.00000 0.00000 0.00000 0.00000 0.00000 0.00000 0.00000 0.00000 0.00000 0.00000 ( 1)  0.050 +-  0.000
  72 V   0.98805 0.01195 0.00000 0.00000 0.00000 0.00000 0.00000 0.00000 0.00000 0.00000 0.00000 ( 1)  0.051 +-  0.011
  73 T   0.00000 0.46924 0.52255 0.00819 0.00002 0.00000 0.00000 0.00000 0.00000 0.00000 0.00000 ( 3)  0.204 +-  0.051
  74 G   1.00000 0.00000 0.00000 0.00000 0.00000 0.00000 0.00000 0.00000 0.00000 0.00000 0.00000 ( 1)  0.050 +-  0.000
  75 N   1.00000 0.00000 0.00000 0.00000 0.00000 0.00000 0.00000 0.00000 0.00000 0.00000 0.00000 ( 1)  0.050 +-  0.000
  76 G   0.99998 0.00002 0.00000 0.00000 0.00000 0.00000 0.00000 0.00000 0.00000 0.00000 0.00000 ( 1)  0.050 +-  0.000
  77 M   1.00000 0.00000 0.00000 0.00000 0.00000 0.00000 0.00000 0.00000 0.00000 0.00000 0.00000 ( 1)  0.050 +-  0.000
  78 V   1.00000 0.00000 0.00000 0.00000 0.00000 0.00000 0.00000 0.00000 0.00000 0.00000 0.00000 ( 1)  0.050 +-  0.000
  79 I   0.73154 0.26845 0.00001 0.00000 0.00000 0.00000 0.00000 0.00000 0.00000 0.00000 0.00000 ( 1)  0.077 +-  0.044
  80 Y   0.99999 0.00001 0.00000 0.00000 0.00000 0.00000 0.00000 0.00000 0.00000 0.00000 0.00000 ( 1)  0.050 +-  0.000
  81 I   1.00000 0.00000 0.00000 0.00000 0.00000 0.00000 0.00000 0.00000 0.00000 0.00000 0.00000 ( 1)  0.050 +-  0.000
  82 F   1.00000 0.00000 0.00000 0.00000 0.00000 0.00000 0.00000 0.00000 0.00000 0.00000 0.00000 ( 1)  0.050 +-  0.000
  83 S   0.00082 0.97985 0.01932 0.00001 0.00000 0.00000 0.00000 0.00000 0.00000 0.00000 0.00000 ( 2)  0.152 +-  0.014
  84 T   0.00000 0.04448 0.81576 0.13714 0.00261 0.00001 0.00000 0.00000 0.00000 0.00000 0.00000 ( 3)  0.260 +-  0.043
  85 T   1.00000 0.00000 0.00000 0.00000 0.00000 0.00000 0.00000 0.00000 0.00000 0.00000 0.00000 ( 1)  0.050 +-  0.000
  86 K   1.00000 0.00000 0.00000 0.00000 0.00000 0.00000 0.00000 0.00000 0.00000 0.00000 0.00000 ( 1)  0.050 +-  0.000
  87 S   0.00000 0.00001 0.08954 0.73865 0.16694 0.00483 0.00004 0.00000 0.00000 0.00000 0.00000 ( 4)  0.359 +-  0.052
  88 L   1.00000 0.00000 0.00000 0.00000 0.00000 0.00000 0.00000 0.00000 0.00000 0.00000 0.00000 ( 1)  0.050 +-  0.000
  89 K   1.00000 0.00000 0.00000 0.00000 0.00000 0.00000 0.00000 0.00000 0.00000 0.00000 0.00000 ( 1)  0.050 +-  0.000
  90 T   1.00000 0.00000 0.00000 0.00000 0.00000 0.00000 0.00000 0.00000 0.00000 0.00000 0.00000 ( 1)  0.050 +-  0.000
  91 P   1.00000 0.00000 0.00000 0.00000 0.00000 0.00000 0.00000 0.00000 0.00000 0.00000 0.00000 ( 1)  0.050 +-  0.000
  92 S   1.00000 0.00000 0.00000 0.00000 0.00000 0.00000 0.00000 0.00000 0.00000 0.00000 0.00000 ( 1)  0.050 +-  0.000
  93 N   1.00000 0.00000 0.00000 0.00000 0.00000 0.00000 0.00000 0.00000 0.00000 0.00000 0.00000 ( 1)  0.050 +-  0.000
  94 L   1.00000 0.00000 0.00000 0.00000 0.00000 0.00000 0.00000 0.00000 0.00000 0.00000 0.00000 ( 1)  0.050 +-  0.000
  95 L   0.99999 0.00001 0.00000 0.00000 0.00000 0.00000 0.00000 0.00000 0.00000 0.00000 0.00000 ( 1)  0.050 +-  0.000
  96 V   1.00000 0.00000 0.00000 0.00000 0.00000 0.00000 0.00000 0.00000 0.00000 0.00000 0.00000 ( 1)  0.050 +-  0.000
  97 V   0.99999 0.00001 0.00000 0.00000 0.00000 0.00000 0.00000 0.00000 0.00000 0.00000 0.00000 ( 1)  0.050 +-  0.000
  98 N   1.00000 0.00000 0.00000 0.00000 0.00000 0.00000 0.00000 0.00000 0.00000 0.00000 0.00000 ( 1)  0.050 +-  0.000
  99 L   1.00000 0.00000 0.00000 0.00000 0.00000 0.00000 0.00000 0.00000 0.00000 0.00000 0.00000 ( 1)  0.050 +-  0.000
 100 A   1.00000 0.00000 0.00000 0.00000 0.00000 0.00000 0.00000 0.00000 0.00000 0.00000 0.00000 ( 1)  0.050 +-  0.000
 101 F   1.00000 0.00000 0.00000 0.00000 0.00000 0.00000 0.00000 0.00000 0.00000 0.00000 0.00000 ( 1)  0.050 +-  0.000
 102 S   1.00000 0.00000 0.00000 0.00000 0.00000 0.00000 0.00000 0.00000 0.00000 0.00000 0.00000 ( 1)  0.050 +-  0.000
 103 D   1.00000 0.00000 0.00000 0.00000 0.00000 0.00000 0.00000 0.00000 0.00000 0.00000 0.00000 ( 1)  0.050 +-  0.000
 104 F   1.00000 0.00000 0.00000 0.00000 0.00000 0.00000 0.00000 0.00000 0.00000 0.00000 0.00000 ( 1)  0.050 +-  0.000
 105 L   0.99696 0.00304 0.00000 0.00000 0.00000 0.00000 0.00000 0.00000 0.00000 0.00000 0.00000 ( 1)  0.050 +-  0.006
 106 M   1.00000 0.00000 0.00000 0.00000 0.00000 0.00000 0.00000 0.00000 0.00000 0.00000 0.00000 ( 1)  0.050 +-  0.000
 107 M   1.00000 0.00000 0.00000 0.00000 0.00000 0.00000 0.00000 0.00000 0.00000 0.00000 0.00000 ( 1)  0.050 +-  0.000
 108 A   0.00000 0.05530 0.87332 0.07089 0.00049 0.00000 0.00000 0.00000 0.00000 0.00000 0.00000 ( 3)  0.252 +-  0.036
 109 M   0.00000 0.00000 0.00000 0.00015 0.03803 0.36686 0.44725 0.13345 0.01380 0.00046 0.00000 ( 7)  0.622 +-  0.080
 110 M   1.00000 0.00000 0.00000 0.00000 0.00000 0.00000 0.00000 0.00000 0.00000 0.00000 0.00000 ( 1)  0.050 +-  0.000
 111 A   0.69578 0.30351 0.00070 0.00000 0.00000 0.00000 0.00000 0.00000 0.00000 0.00000 0.00000 ( 1)  0.080 +-  0.046
 112 P   0.97957 0.02042 0.00001 0.00000 0.00000 0.00000 0.00000 0.00000 0.00000 0.00000 0.00000 ( 1)  0.052 +-  0.014
 113 P   0.00000 0.01313 0.77240 0.20984 0.00460 0.00002 0.00000 0.00000 0.00000 0.00000 0.00000 ( 3)  0.271 +-  0.045
 114 L   1.00000 0.00000 0.00000 0.00000 0.00000 0.00000 0.00000 0.00000 0.00000 0.00000 0.00000 ( 1)  0.050 +-  0.000
 115 C   0.99993 0.00007 0.00000 0.00000 0.00000 0.00000 0.00000 0.00000 0.00000 0.00000 0.00000 ( 1)  0.050 +-  0.001
 116 I   0.00000 0.37077 0.61933 0.00988 0.00002 0.00000 0.00000 0.00000 0.00000 0.00000 0.00000 ( 3)  0.214 +-  0.050
 117 N   1.00000 0.00000 0.00000 0.00000 0.00000 0.00000 0.00000 0.00000 0.00000 0.00000 0.00000 ( 1)  0.050 +-  0.000
 118 S   0.99994 0.00006 0.00000 0.00000 0.00000 0.00000 0.00000 0.00000 0.00000 0.00000 0.00000 ( 1)  0.050 +-  0.001
 119 Y   0.99999 0.00001 0.00000 0.00000 0.00000 0.00000 0.00000 0.00000 0.00000 0.00000 0.00000 ( 1)  0.050 +-  0.000
 120 Y   0.00033 0.98493 0.01474 0.00000 0.00000 0.00000 0.00000 0.00000 0.00000 0.00000 0.00000 ( 2)  0.151 +-  0.012
 121 Q   1.00000 0.00000 0.00000 0.00000 0.00000 0.00000 0.00000 0.00000 0.00000 0.00000 0.00000 ( 1)  0.050 +-  0.000
 122 T   1.00000 0.00000 0.00000 0.00000 0.00000 0.00000 0.00000 0.00000 0.00000 0.00000 0.00000 ( 1)  0.050 +-  0.000
 123 W   1.00000 0.00000 0.00000 0.00000 0.00000 0.00000 0.00000 0.00000 0.00000 0.00000 0.00000 ( 1)  0.050 +-  0.000
 124 V   0.55848 0.44040 0.00112 0.00000 0.00000 0.00000 0.00000 0.00000 0.00000 0.00000 0.00000 ( 1)  0.094 +-  0.050
 125 F   0.99803 0.00197 0.00000 0.00000 0.00000 0.00000 0.00000 0.00000 0.00000 0.00000 0.00000 ( 1)  0.050 +-  0.004
 126 G   1.00000 0.00000 0.00000 0.00000 0.00000 0.00000 0.00000 0.00000 0.00000 0.00000 0.00000 ( 1)  0.050 +-  0.000
 127 P   0.00000 0.24680 0.70946 0.04331 0.00043 0.00000 0.00000 0.00000 0.00000 0.00000 0.00000 ( 3)  0.230 +-  0.050
 128 V   0.00011 0.85759 0.14154 0.00076 0.00000 0.00000 0.00000 0.00000 0.00000 0.00000 0.00000 ( 2)  0.164 +-  0.035
 129 A   1.00000 0.00000 0.00000 0.00000 0.00000 0.00000 0.00000 0.00000 0.00000 0.00000 0.00000 ( 1)  0.050 +-  0.000
 130 C   1.00000 0.00000 0.00000 0.00000 0.00000 0.00000 0.00000 0.00000 0.00000 0.00000 0.00000 ( 1)  0.050 +-  0.000
 131 Q   0.99997 0.00003 0.00000 0.00000 0.00000 0.00000 0.00000 0.00000 0.00000 0.00000 0.00000 ( 1)  0.050 +-  0.001
 132 F   0.00044 0.89808 0.10099 0.00049 0.00000 0.00000 0.00000 0.00000 0.00000 0.00000 0.00000 ( 2)  0.160 +-  0.031
 133 Y   1.00000 0.00000 0.00000 0.00000 0.00000 0.00000 0.00000 0.00000 0.00000 0.00000 0.00000 ( 1)  0.050 +-  0.000
 134 A   1.00000 0.00000 0.00000 0.00000 0.00000 0.00000 0.00000 0.00000 0.00000 0.00000 0.00000 ( 1)  0.050 +-  0.000
 135 C   1.00000 0.00000 0.00000 0.00000 0.00000 0.00000 0.00000 0.00000 0.00000 0.00000 0.00000 ( 1)  0.050 +-  0.000
 136 F   0.00000 0.02955 0.86421 0.10523 0.00101 0.00000 0.00000 0.00000 0.00000 0.00000 0.00000 ( 3)  0.258 +-  0.036
 137 G   1.00000 0.00000 0.00000 0.00000 0.00000 0.00000 0.00000 0.00000 0.00000 0.00000 0.00000 ( 1)  0.050 +-  0.000
 138 S   1.00000 0.00000 0.00000 0.00000 0.00000 0.00000 0.00000 0.00000 0.00000 0.00000 0.00000 ( 1)  0.050 +-  0.000
 139 L   0.99998 0.00002 0.00000 0.00000 0.00000 0.00000 0.00000 0.00000 0.00000 0.00000 0.00000 ( 1)  0.050 +-  0.000
 140 F   1.00000 0.00000 0.00000 0.00000 0.00000 0.00000 0.00000 0.00000 0.00000 0.00000 0.00000 ( 1)  0.050 +-  0.000
 141 G   1.00000 0.00000 0.00000 0.00000 0.00000 0.00000 0.00000 0.00000 0.00000 0.00000 0.00000 ( 1)  0.050 +-  0.000
 142 C   1.00000 0.00000 0.00000 0.00000 0.00000 0.00000 0.00000 0.00000 0.00000 0.00000 0.00000 ( 1)  0.050 +-  0.000
 143 V   0.00000 0.59031 0.40590 0.00378 0.00001 0.00000 0.00000 0.00000 0.00000 0.00000 0.00000 ( 2)  0.191 +-  0.050
 144 S   1.00000 0.00000 0.00000 0.00000 0.00000 0.00000 0.00000 0.00000 0.00000 0.00000 0.00000 ( 1)  0.050 +-  0.000
 145 I   1.00000 0.00000 0.00000 0.00000 0.00000 0.00000 0.00000 0.00000 0.00000 0.00000 0.00000 ( 1)  0.050 +-  0.000
 146 W   1.00000 0.00000 0.00000 0.00000 0.00000 0.00000 0.00000 0.00000 0.00000 0.00000 0.00000 ( 1)  0.050 +-  0.000
 147 T   0.99960 0.00040 0.00000 0.00000 0.00000 0.00000 0.00000 0.00000 0.00000 0.00000 0.00000 ( 1)  0.050 +-  0.002
 148 M   1.00000 0.00000 0.00000 0.00000 0.00000 0.00000 0.00000 0.00000 0.00000 0.00000 0.00000 ( 1)  0.050 +-  0.000
 149 T   1.00000 0.00000 0.00000 0.00000 0.00000 0.00000 0.00000 0.00000 0.00000 0.00000 0.00000 ( 1)  0.050 +-  0.000
 150 A   1.00000 0.00000 0.00000 0.00000 0.00000 0.00000 0.00000 0.00000 0.00000 0.00000 0.00000 ( 1)  0.050 +-  0.000
 151 I   1.00000 0.00000 0.00000 0.00000 0.00000 0.00000 0.00000 0.00000 0.00000 0.00000 0.00000 ( 1)  0.050 +-  0.000
 152 A   1.00000 0.00000 0.00000 0.00000 0.00000 0.00000 0.00000 0.00000 0.00000 0.00000 0.00000 ( 1)  0.050 +-  0.000
 153 F   1.00000 0.00000 0.00000 0.00000 0.00000 0.00000 0.00000 0.00000 0.00000 0.00000 0.00000 ( 1)  0.050 +-  0.000
 154 D   1.00000 0.00000 0.00000 0.00000 0.00000 0.00000 0.00000 0.00000 0.00000 0.00000 0.00000 ( 1)  0.050 +-  0.000
 155 R   0.99999 0.00001 0.00000 0.00000 0.00000 0.00000 0.00000 0.00000 0.00000 0.00000 0.00000 ( 1)  0.050 +-  0.000
 156 Y   1.00000 0.00000 0.00000 0.00000 0.00000 0.00000 0.00000 0.00000 0.00000 0.00000 0.00000 ( 1)  0.050 +-  0.000
 157 N   1.00000 0.00000 0.00000 0.00000 0.00000 0.00000 0.00000 0.00000 0.00000 0.00000 0.00000 ( 1)  0.050 +-  0.000
 158 V   1.00000 0.00000 0.00000 0.00000 0.00000 0.00000 0.00000 0.00000 0.00000 0.00000 0.00000 ( 1)  0.050 +-  0.000
 159 I   1.00000 0.00000 0.00000 0.00000 0.00000 0.00000 0.00000 0.00000 0.00000 0.00000 0.00000 ( 1)  0.050 +-  0.000
 160 V   1.00000 0.00000 0.00000 0.00000 0.00000 0.00000 0.00000 0.00000 0.00000 0.00000 0.00000 ( 1)  0.050 +-  0.000
 161 K   1.00000 0.00000 0.00000 0.00000 0.00000 0.00000 0.00000 0.00000 0.00000 0.00000 0.00000 ( 1)  0.050 +-  0.000
 162 G   1.00000 0.00000 0.00000 0.00000 0.00000 0.00000 0.00000 0.00000 0.00000 0.00000 0.00000 ( 1)  0.050 +-  0.000
 163 I   1.00000 0.00000 0.00000 0.00000 0.00000 0.00000 0.00000 0.00000 0.00000 0.00000 0.00000 ( 1)  0.050 +-  0.000
 164 A   1.00000 0.00000 0.00000 0.00000 0.00000 0.00000 0.00000 0.00000 0.00000 0.00000 0.00000 ( 1)  0.050 +-  0.000
 165 A   1.00000 0.00000 0.00000 0.00000 0.00000 0.00000 0.00000 0.00000 0.00000 0.00000 0.00000 ( 1)  0.050 +-  0.000
 166 K   1.00000 0.00000 0.00000 0.00000 0.00000 0.00000 0.00000 0.00000 0.00000 0.00000 0.00000 ( 1)  0.050 +-  0.000
 167 P   1.00000 0.00000 0.00000 0.00000 0.00000 0.00000 0.00000 0.00000 0.00000 0.00000 0.00000 ( 1)  0.050 +-  0.000
 168 L   1.00000 0.00000 0.00000 0.00000 0.00000 0.00000 0.00000 0.00000 0.00000 0.00000 0.00000 ( 1)  0.050 +-  0.000
 169 T   0.00254 0.99308 0.00438 0.00000 0.00000 0.00000 0.00000 0.00000 0.00000 0.00000 0.00000 ( 2)  0.150 +-  0.008
 170 V   0.86929 0.13071 0.00000 0.00000 0.00000 0.00000 0.00000 0.00000 0.00000 0.00000 0.00000 ( 1)  0.063 +-  0.034
 171 N   0.99999 0.00001 0.00000 0.00000 0.00000 0.00000 0.00000 0.00000 0.00000 0.00000 0.00000 ( 1)  0.050 +-  0.000
 172 G   0.99999 0.00001 0.00000 0.00000 0.00000 0.00000 0.00000 0.00000 0.00000 0.00000 0.00000 ( 1)  0.050 +-  0.000
 173 A   1.00000 0.00000 0.00000 0.00000 0.00000 0.00000 0.00000 0.00000 0.00000 0.00000 0.00000 ( 1)  0.050 +-  0.000
 174 L   0.99934 0.00066 0.00000 0.00000 0.00000 0.00000 0.00000 0.00000 0.00000 0.00000 0.00000 ( 1)  0.050 +-  0.003
 175 L   0.92786 0.07196 0.00017 0.00000 0.00000 0.00000 0.00000 0.00000 0.00000 0.00000 0.00000 ( 1)  0.057 +-  0.026
 176 Q   0.99996 0.00004 0.00000 0.00000 0.00000 0.00000 0.00000 0.00000 0.00000 0.00000 0.00000 ( 1)  0.050 +-  0.001
 177 I   1.00000 0.00000 0.00000 0.00000 0.00000 0.00000 0.00000 0.00000 0.00000 0.00000 0.00000 ( 1)  0.050 +-  0.000
 178 F   0.14595 0.84905 0.00499 0.00000 0.00000 0.00000 0.00000 0.00000 0.00000 0.00000 0.00000 ( 2)  0.136 +-  0.036
 179 G   0.99935 0.00065 0.00000 0.00000 0.00000 0.00000 0.00000 0.00000 0.00000 0.00000 0.00000 ( 1)  0.050 +-  0.003
 180 V   1.00000 0.00000 0.00000 0.00000 0.00000 0.00000 0.00000 0.00000 0.00000 0.00000 0.00000 ( 1)  0.050 +-  0.000
 181 W   1.00000 0.00000 0.00000 0.00000 0.00000 0.00000 0.00000 0.00000 0.00000 0.00000 0.00000 ( 1)  0.050 +-  0.000
 182 A   0.00000 0.00000 0.00000 0.00000 0.00000 0.00037 0.02189 0.20661 0.48658 0.27996 0.00459 ( 9)  0.856 +-  0.088
 183 F   1.00000 0.00000 0.00000 0.00000 0.00000 0.00000 0.00000 0.00000 0.00000 0.00000 0.00000 ( 1)  0.050 +-  0.000
 184 S   0.14917 0.83693 0.01388 0.00003 0.00000 0.00000 0.00000 0.00000 0.00000 0.00000 0.00000 ( 2)  0.136 +-  0.038
 185 L   0.96438 0.03560 0.00002 0.00000 0.00000 0.00000 0.00000 0.00000 0.00000 0.00000 0.00000 ( 1)  0.054 +-  0.019
 186 A   0.00000 0.08078 0.84524 0.07328 0.00070 0.00000 0.00000 0.00000 0.00000 0.00000 0.00000 ( 3)  0.249 +-  0.040
 187 W   1.00000 0.00000 0.00000 0.00000 0.00000 0.00000 0.00000 0.00000 0.00000 0.00000 0.00000 ( 1)  0.050 +-  0.000
 188 T   1.00000 0.00000 0.00000 0.00000 0.00000 0.00000 0.00000 0.00000 0.00000 0.00000 0.00000 ( 1)  0.050 +-  0.000
 189 L   0.00000 0.59163 0.40210 0.00625 0.00002 0.00000 0.00000 0.00000 0.00000 0.00000 0.00000 ( 2)  0.191 +-  0.051
 190 A   1.00000 0.00000 0.00000 0.00000 0.00000 0.00000 0.00000 0.00000 0.00000 0.00000 0.00000 ( 1)  0.050 +-  0.000
 191 P   1.00000 0.00000 0.00000 0.00000 0.00000 0.00000 0.00000 0.00000 0.00000 0.00000 0.00000 ( 1)  0.050 +-  0.000
 192 I   0.99733 0.00267 0.00000 0.00000 0.00000 0.00000 0.00000 0.00000 0.00000 0.00000 0.00000 ( 1)  0.050 +-  0.005
 193 F   1.00000 0.00000 0.00000 0.00000 0.00000 0.00000 0.00000 0.00000 0.00000 0.00000 0.00000 ( 1)  0.050 +-  0.000
 194 G   1.00000 0.00000 0.00000 0.00000 0.00000 0.00000 0.00000 0.00000 0.00000 0.00000 0.00000 ( 1)  0.050 +-  0.000
 195 W   1.00000 0.00000 0.00000 0.00000 0.00000 0.00000 0.00000 0.00000 0.00000 0.00000 0.00000 ( 1)  0.050 +-  0.000
 196 S   1.00000 0.00000 0.00000 0.00000 0.00000 0.00000 0.00000 0.00000 0.00000 0.00000 0.00000 ( 1)  0.050 +-  0.000
 197 R   0.99977 0.00023 0.00000 0.00000 0.00000 0.00000 0.00000 0.00000 0.00000 0.00000 0.00000 ( 1)  0.050 +-  0.002
 198 Y   1.00000 0.00000 0.00000 0.00000 0.00000 0.00000 0.00000 0.00000 0.00000 0.00000 0.00000 ( 1)  0.050 +-  0.000
 199 V   1.00000 0.00000 0.00000 0.00000 0.00000 0.00000 0.00000 0.00000 0.00000 0.00000 0.00000 ( 1)  0.050 +-  0.000
 200 P   1.00000 0.00000 0.00000 0.00000 0.00000 0.00000 0.00000 0.00000 0.00000 0.00000 0.00000 ( 1)  0.050 +-  0.000
 201 E   1.00000 0.00000 0.00000 0.00000 0.00000 0.00000 0.00000 0.00000 0.00000 0.00000 0.00000 ( 1)  0.050 +-  0.000
 202 G   1.00000 0.00000 0.00000 0.00000 0.00000 0.00000 0.00000 0.00000 0.00000 0.00000 0.00000 ( 1)  0.050 +-  0.000
 203 N   1.00000 0.00000 0.00000 0.00000 0.00000 0.00000 0.00000 0.00000 0.00000 0.00000 0.00000 ( 1)  0.050 +-  0.000
 204 M   1.00000 0.00000 0.00000 0.00000 0.00000 0.00000 0.00000 0.00000 0.00000 0.00000 0.00000 ( 1)  0.050 +-  0.000
 205 T   1.00000 0.00000 0.00000 0.00000 0.00000 0.00000 0.00000 0.00000 0.00000 0.00000 0.00000 ( 1)  0.050 +-  0.000
 206 A   1.00000 0.00000 0.00000 0.00000 0.00000 0.00000 0.00000 0.00000 0.00000 0.00000 0.00000 ( 1)  0.050 +-  0.000
 207 C   1.00000 0.00000 0.00000 0.00000 0.00000 0.00000 0.00000 0.00000 0.00000 0.00000 0.00000 ( 1)  0.050 +-  0.000
 208 G   1.00000 0.00000 0.00000 0.00000 0.00000 0.00000 0.00000 0.00000 0.00000 0.00000 0.00000 ( 1)  0.050 +-  0.000
 209 T   1.00000 0.00000 0.00000 0.00000 0.00000 0.00000 0.00000 0.00000 0.00000 0.00000 0.00000 ( 1)  0.050 +-  0.000
 210 D   1.00000 0.00000 0.00000 0.00000 0.00000 0.00000 0.00000 0.00000 0.00000 0.00000 0.00000 ( 1)  0.050 +-  0.000
 211 Y   1.00000 0.00000 0.00000 0.00000 0.00000 0.00000 0.00000 0.00000 0.00000 0.00000 0.00000 ( 1)  0.050 +-  0.000
 212 L   0.99999 0.00001 0.00000 0.00000 0.00000 0.00000 0.00000 0.00000 0.00000 0.00000 0.00000 ( 1)  0.050 +-  0.000
 213 S   0.00000 0.00000 0.08891 0.81039 0.09962 0.00107 0.00000 0.00000 0.00000 0.00000 0.00000 ( 4)  0.351 +-  0.044
 214 K   1.00000 0.00000 0.00000 0.00000 0.00000 0.00000 0.00000 0.00000 0.00000 0.00000 0.00000 ( 1)  0.050 +-  0.000
 215 D   0.00011 0.97501 0.02486 0.00001 0.00000 0.00000 0.00000 0.00000 0.00000 0.00000 0.00000 ( 2)  0.152 +-  0.016
 216 L   0.99538 0.00461 0.00000 0.00000 0.00000 0.00000 0.00000 0.00000 0.00000 0.00000 0.00000 ( 1)  0.050 +-  0.007
 217 L   0.00000 0.00009 0.38555 0.59058 0.02365 0.00013 0.00000 0.00000 0.00000 0.00000 0.00000 ( 4)  0.314 +-  0.053
 218 S   1.00000 0.00000 0.00000 0.00000 0.00000 0.00000 0.00000 0.00000 0.00000 0.00000 0.00000 ( 1)  0.050 +-  0.000
 219 Q   0.99918 0.00082 0.00000 0.00000 0.00000 0.00000 0.00000 0.00000 0.00000 0.00000 0.00000 ( 1)  0.050 +-  0.003
 220 I   1.00000 0.00000 0.00000 0.00000 0.00000 0.00000 0.00000 0.00000 0.00000 0.00000 0.00000 ( 1)  0.050 +-  0.000
 221 Y   1.00000 0.00000 0.00000 0.00000 0.00000 0.00000 0.00000 0.00000 0.00000 0.00000 0.00000 ( 1)  0.050 +-  0.000
 222 I   1.00000 0.00000 0.00000 0.00000 0.00000 0.00000 0.00000 0.00000 0.00000 0.00000 0.00000 ( 1)  0.050 +-  0.000
 223 I   0.99795 0.00205 0.00000 0.00000 0.00000 0.00000 0.00000 0.00000 0.00000 0.00000 0.00000 ( 1)  0.050 +-  0.005
 224 T   0.00000 0.94168 0.05829 0.00002 0.00000 0.00000 0.00000 0.00000 0.00000 0.00000 0.00000 ( 2)  0.156 +-  0.023
 225 Y   1.00000 0.00000 0.00000 0.00000 0.00000 0.00000 0.00000 0.00000 0.00000 0.00000 0.00000 ( 1)  0.050 +-  0.000
 226 S   0.99981 0.00019 0.00000 0.00000 0.00000 0.00000 0.00000 0.00000 0.00000 0.00000 0.00000 ( 1)  0.050 +-  0.001
 227 I   0.99069 0.00931 0.00000 0.00000 0.00000 0.00000 0.00000 0.00000 0.00000 0.00000 0.00000 ( 1)  0.051 +-  0.010
 228 A   1.00000 0.00000 0.00000 0.00000 0.00000 0.00000 0.00000 0.00000 0.00000 0.00000 0.00000 ( 1)  0.050 +-  0.000
 229 C   0.00000 0.37565 0.61847 0.00588 0.00001 0.00000 0.00000 0.00000 0.00000 0.00000 0.00000 ( 3)  0.213 +-  0.049
 230 Y   1.00000 0.00000 0.00000 0.00000 0.00000 0.00000 0.00000 0.00000 0.00000 0.00000 0.00000 ( 1)  0.050 +-  0.000
 231 F   1.00000 0.00000 0.00000 0.00000 0.00000 0.00000 0.00000 0.00000 0.00000 0.00000 0.00000 ( 1)  0.050 +-  0.000
 232 L   0.00000 0.00000 0.17495 0.78740 0.03750 0.00015 0.00000 0.00000 0.00000 0.00000 0.00000 ( 4)  0.336 +-  0.044
 233 P   1.00000 0.00000 0.00000 0.00000 0.00000 0.00000 0.00000 0.00000 0.00000 0.00000 0.00000 ( 1)  0.050 +-  0.000
 234 L   1.00000 0.00000 0.00000 0.00000 0.00000 0.00000 0.00000 0.00000 0.00000 0.00000 0.00000 ( 1)  0.050 +-  0.000
 235 A   0.00001 0.70316 0.29423 0.00259 0.00000 0.00000 0.00000 0.00000 0.00000 0.00000 0.00000 ( 2)  0.180 +-  0.046
 236 L   1.00000 0.00000 0.00000 0.00000 0.00000 0.00000 0.00000 0.00000 0.00000 0.00000 0.00000 ( 1)  0.050 +-  0.000
 237 I   1.00000 0.00000 0.00000 0.00000 0.00000 0.00000 0.00000 0.00000 0.00000 0.00000 0.00000 ( 1)  0.050 +-  0.000
 238 V   1.00000 0.00000 0.00000 0.00000 0.00000 0.00000 0.00000 0.00000 0.00000 0.00000 0.00000 ( 1)  0.050 +-  0.000
 239 Y   1.00000 0.00000 0.00000 0.00000 0.00000 0.00000 0.00000 0.00000 0.00000 0.00000 0.00000 ( 1)  0.050 +-  0.000
 240 S   1.00000 0.00000 0.00000 0.00000 0.00000 0.00000 0.00000 0.00000 0.00000 0.00000 0.00000 ( 1)  0.050 +-  0.000
 241 Y   1.00000 0.00000 0.00000 0.00000 0.00000 0.00000 0.00000 0.00000 0.00000 0.00000 0.00000 ( 1)  0.050 +-  0.000
 242 F   0.99993 0.00007 0.00000 0.00000 0.00000 0.00000 0.00000 0.00000 0.00000 0.00000 0.00000 ( 1)  0.050 +-  0.001
 243 F   1.00000 0.00000 0.00000 0.00000 0.00000 0.00000 0.00000 0.00000 0.00000 0.00000 0.00000 ( 1)  0.050 +-  0.000
 244 I   1.00000 0.00000 0.00000 0.00000 0.00000 0.00000 0.00000 0.00000 0.00000 0.00000 0.00000 ( 1)  0.050 +-  0.000
 245 V   0.99989 0.00011 0.00000 0.00000 0.00000 0.00000 0.00000 0.00000 0.00000 0.00000 0.00000 ( 1)  0.050 +-  0.001
 246 Q   0.99992 0.00008 0.00000 0.00000 0.00000 0.00000 0.00000 0.00000 0.00000 0.00000 0.00000 ( 1)  0.050 +-  0.001
 247 A   1.00000 0.00000 0.00000 0.00000 0.00000 0.00000 0.00000 0.00000 0.00000 0.00000 0.00000 ( 1)  0.050 +-  0.000
 248 V   1.00000 0.00000 0.00000 0.00000 0.00000 0.00000 0.00000 0.00000 0.00000 0.00000 0.00000 ( 1)  0.050 +-  0.000
 249 A   0.91765 0.08222 0.00013 0.00000 0.00000 0.00000 0.00000 0.00000 0.00000 0.00000 0.00000 ( 1)  0.058 +-  0.028
 250 A   1.00000 0.00000 0.00000 0.00000 0.00000 0.00000 0.00000 0.00000 0.00000 0.00000 0.00000 ( 1)  0.050 +-  0.000
 251 H   1.00000 0.00000 0.00000 0.00000 0.00000 0.00000 0.00000 0.00000 0.00000 0.00000 0.00000 ( 1)  0.050 +-  0.000
 252 E   1.00000 0.00000 0.00000 0.00000 0.00000 0.00000 0.00000 0.00000 0.00000 0.00000 0.00000 ( 1)  0.050 +-  0.000
 253 K   0.11927 0.87527 0.00546 0.00000 0.00000 0.00000 0.00000 0.00000 0.00000 0.00000 0.00000 ( 2)  0.139 +-  0.033
 254 A   0.00000 0.25442 0.72418 0.02132 0.00009 0.00000 0.00000 0.00000 0.00000 0.00000 0.00000 ( 3)  0.227 +-  0.047
 255 M   1.00000 0.00000 0.00000 0.00000 0.00000 0.00000 0.00000 0.00000 0.00000 0.00000 0.00000 ( 1)  0.050 +-  0.000
 256 R   1.00000 0.00000 0.00000 0.00000 0.00000 0.00000 0.00000 0.00000 0.00000 0.00000 0.00000 ( 1)  0.050 +-  0.000
 257 E   1.00000 0.00000 0.00000 0.00000 0.00000 0.00000 0.00000 0.00000 0.00000 0.00000 0.00000 ( 1)  0.050 +-  0.000
 258 Q   0.99999 0.00001 0.00000 0.00000 0.00000 0.00000 0.00000 0.00000 0.00000 0.00000 0.00000 ( 1)  0.050 +-  0.000
 259 A   1.00000 0.00000 0.00000 0.00000 0.00000 0.00000 0.00000 0.00000 0.00000 0.00000 0.00000 ( 1)  0.050 +-  0.000
 260 K   1.00000 0.00000 0.00000 0.00000 0.00000 0.00000 0.00000 0.00000 0.00000 0.00000 0.00000 ( 1)  0.050 +-  0.000
 261 K   1.00000 0.00000 0.00000 0.00000 0.00000 0.00000 0.00000 0.00000 0.00000 0.00000 0.00000 ( 1)  0.050 +-  0.000
 262 M   1.00000 0.00000 0.00000 0.00000 0.00000 0.00000 0.00000 0.00000 0.00000 0.00000 0.00000 ( 1)  0.050 +-  0.000
 263 N   1.00000 0.00000 0.00000 0.00000 0.00000 0.00000 0.00000 0.00000 0.00000 0.00000 0.00000 ( 1)  0.050 +-  0.000
 264 V   1.00000 0.00000 0.00000 0.00000 0.00000 0.00000 0.00000 0.00000 0.00000 0.00000 0.00000 ( 1)  0.050 +-  0.000
 265 A   1.00000 0.00000 0.00000 0.00000 0.00000 0.00000 0.00000 0.00000 0.00000 0.00000 0.00000 ( 1)  0.050 +-  0.000
 266 S   1.00000 0.00000 0.00000 0.00000 0.00000 0.00000 0.00000 0.00000 0.00000 0.00000 0.00000 ( 1)  0.050 +-  0.000
 267 L   1.00000 0.00000 0.00000 0.00000 0.00000 0.00000 0.00000 0.00000 0.00000 0.00000 0.00000 ( 1)  0.050 +-  0.000
 268 R   1.00000 0.00000 0.00000 0.00000 0.00000 0.00000 0.00000 0.00000 0.00000 0.00000 0.00000 ( 1)  0.050 +-  0.000
 269 S   1.00000 0.00000 0.00000 0.00000 0.00000 0.00000 0.00000 0.00000 0.00000 0.00000 0.00000 ( 1)  0.050 +-  0.000
 270 S   0.97954 0.02045 0.00001 0.00000 0.00000 0.00000 0.00000 0.00000 0.00000 0.00000 0.00000 ( 1)  0.052 +-  0.014
 271 E   0.99978 0.00022 0.00000 0.00000 0.00000 0.00000 0.00000 0.00000 0.00000 0.00000 0.00000 ( 1)  0.050 +-  0.001
 272 Q   0.00049 0.91671 0.08251 0.00029 0.00000 0.00000 0.00000 0.00000 0.00000 0.00000 0.00000 ( 2)  0.158 +-  0.028
 273 A   0.99996 0.00004 0.00000 0.00000 0.00000 0.00000 0.00000 0.00000 0.00000 0.00000 0.00000 ( 1)  0.050 +-  0.001
 274 N   1.00000 0.00000 0.00000 0.00000 0.00000 0.00000 0.00000 0.00000 0.00000 0.00000 0.00000 ( 1)  0.050 +-  0.000
 275 T   1.00000 0.00000 0.00000 0.00000 0.00000 0.00000 0.00000 0.00000 0.00000 0.00000 0.00000 ( 1)  0.050 +-  0.000
 276 S   1.00000 0.00000 0.00000 0.00000 0.00000 0.00000 0.00000 0.00000 0.00000 0.00000 0.00000 ( 1)  0.050 +-  0.000
 277 A   1.00000 0.00000 0.00000 0.00000 0.00000 0.00000 0.00000 0.00000 0.00000 0.00000 0.00000 ( 1)  0.050 +-  0.000
 278 E   1.00000 0.00000 0.00000 0.00000 0.00000 0.00000 0.00000 0.00000 0.00000 0.00000 0.00000 ( 1)  0.050 +-  0.000
 279 C   1.00000 0.00000 0.00000 0.00000 0.00000 0.00000 0.00000 0.00000 0.00000 0.00000 0.00000 ( 1)  0.050 +-  0.000
 280 K   1.00000 0.00000 0.00000 0.00000 0.00000 0.00000 0.00000 0.00000 0.00000 0.00000 0.00000 ( 1)  0.050 +-  0.000
 281 L   1.00000 0.00000 0.00000 0.00000 0.00000 0.00000 0.00000 0.00000 0.00000 0.00000 0.00000 ( 1)  0.050 +-  0.000
 282 A   1.00000 0.00000 0.00000 0.00000 0.00000 0.00000 0.00000 0.00000 0.00000 0.00000 0.00000 ( 1)  0.050 +-  0.000
 283 K   1.00000 0.00000 0.00000 0.00000 0.00000 0.00000 0.00000 0.00000 0.00000 0.00000 0.00000 ( 1)  0.050 +-  0.000
 284 V   1.00000 0.00000 0.00000 0.00000 0.00000 0.00000 0.00000 0.00000 0.00000 0.00000 0.00000 ( 1)  0.050 +-  0.000
 285 A   1.00000 0.00000 0.00000 0.00000 0.00000 0.00000 0.00000 0.00000 0.00000 0.00000 0.00000 ( 1)  0.050 +-  0.000
 286 L   1.00000 0.00000 0.00000 0.00000 0.00000 0.00000 0.00000 0.00000 0.00000 0.00000 0.00000 ( 1)  0.050 +-  0.000
 287 M   1.00000 0.00000 0.00000 0.00000 0.00000 0.00000 0.00000 0.00000 0.00000 0.00000 0.00000 ( 1)  0.050 +-  0.000
 288 T   1.00000 0.00000 0.00000 0.00000 0.00000 0.00000 0.00000 0.00000 0.00000 0.00000 0.00000 ( 1)  0.050 +-  0.000
 289 I   1.00000 0.00000 0.00000 0.00000 0.00000 0.00000 0.00000 0.00000 0.00000 0.00000 0.00000 ( 1)  0.050 +-  0.000
 290 S   1.00000 0.00000 0.00000 0.00000 0.00000 0.00000 0.00000 0.00000 0.00000 0.00000 0.00000 ( 1)  0.050 +-  0.000
 291 L   1.00000 0.00000 0.00000 0.00000 0.00000 0.00000 0.00000 0.00000 0.00000 0.00000 0.00000 ( 1)  0.050 +-  0.000
 292 W   1.00000 0.00000 0.00000 0.00000 0.00000 0.00000 0.00000 0.00000 0.00000 0.00000 0.00000 ( 1)  0.050 +-  0.000
 293 F   1.00000 0.00000 0.00000 0.00000 0.00000 0.00000 0.00000 0.00000 0.00000 0.00000 0.00000 ( 1)  0.050 +-  0.000
 294 M   1.00000 0.00000 0.00000 0.00000 0.00000 0.00000 0.00000 0.00000 0.00000 0.00000 0.00000 ( 1)  0.050 +-  0.000
 295 A   1.00000 0.00000 0.00000 0.00000 0.00000 0.00000 0.00000 0.00000 0.00000 0.00000 0.00000 ( 1)  0.050 +-  0.000
 296 W   1.00000 0.00000 0.00000 0.00000 0.00000 0.00000 0.00000 0.00000 0.00000 0.00000 0.00000 ( 1)  0.050 +-  0.000
 297 T   1.00000 0.00000 0.00000 0.00000 0.00000 0.00000 0.00000 0.00000 0.00000 0.00000 0.00000 ( 1)  0.050 +-  0.000
 298 P   1.00000 0.00000 0.00000 0.00000 0.00000 0.00000 0.00000 0.00000 0.00000 0.00000 0.00000 ( 1)  0.050 +-  0.000
 299 Y   1.00000 0.00000 0.00000 0.00000 0.00000 0.00000 0.00000 0.00000 0.00000 0.00000 0.00000 ( 1)  0.050 +-  0.000
 300 L   1.00000 0.00000 0.00000 0.00000 0.00000 0.00000 0.00000 0.00000 0.00000 0.00000 0.00000 ( 1)  0.050 +-  0.000
 301 V   1.00000 0.00000 0.00000 0.00000 0.00000 0.00000 0.00000 0.00000 0.00000 0.00000 0.00000 ( 1)  0.050 +-  0.000
 302 I   1.00000 0.00000 0.00000 0.00000 0.00000 0.00000 0.00000 0.00000 0.00000 0.00000 0.00000 ( 1)  0.050 +-  0.000
 303 N   1.00000 0.00000 0.00000 0.00000 0.00000 0.00000 0.00000 0.00000 0.00000 0.00000 0.00000 ( 1)  0.050 +-  0.000
 304 F   0.93305 0.06693 0.00001 0.00000 0.00000 0.00000 0.00000 0.00000 0.00000 0.00000 0.00000 ( 1)  0.057 +-  0.025
 305 A   0.00859 0.98499 0.00642 0.00000 0.00000 0.00000 0.00000 0.00000 0.00000 0.00000 0.00000 ( 2)  0.150 +-  0.012
 306 G   1.00000 0.00000 0.00000 0.00000 0.00000 0.00000 0.00000 0.00000 0.00000 0.00000 0.00000 ( 1)  0.050 +-  0.000
 307 V   1.00000 0.00000 0.00000 0.00000 0.00000 0.00000 0.00000 0.00000 0.00000 0.00000 0.00000 ( 1)  0.050 +-  0.000
 308 F   1.00000 0.00000 0.00000 0.00000 0.00000 0.00000 0.00000 0.00000 0.00000 0.00000 0.00000 ( 1)  0.050 +-  0.000
 309 E   1.00000 0.00000 0.00000 0.00000 0.00000 0.00000 0.00000 0.00000 0.00000 0.00000 0.00000 ( 1)  0.050 +-  0.000
 310 T   0.99950 0.00050 0.00000 0.00000 0.00000 0.00000 0.00000 0.00000 0.00000 0.00000 0.00000 ( 1)  0.050 +-  0.002
 311 A   0.00000 0.19275 0.78977 0.01744 0.00004 0.00000 0.00000 0.00000 0.00000 0.00000 0.00000 ( 3)  0.232 +-  0.042
 312 P   0.00001 0.78153 0.21737 0.00109 0.00000 0.00000 0.00000 0.00000 0.00000 0.00000 0.00000 ( 2)  0.172 +-  0.042
 313 I   1.00000 0.00000 0.00000 0.00000 0.00000 0.00000 0.00000 0.00000 0.00000 0.00000 0.00000 ( 1)  0.050 +-  0.000
 314 S   0.82242 0.17756 0.00002 0.00000 0.00000 0.00000 0.00000 0.00000 0.00000 0.00000 0.00000 ( 1)  0.068 +-  0.038
 315 P   1.00000 0.00000 0.00000 0.00000 0.00000 0.00000 0.00000 0.00000 0.00000 0.00000 0.00000 ( 1)  0.050 +-  0.000
 316 L   1.00000 0.00000 0.00000 0.00000 0.00000 0.00000 0.00000 0.00000 0.00000 0.00000 0.00000 ( 1)  0.050 +-  0.000
 317 S   0.99980 0.00020 0.00000 0.00000 0.00000 0.00000 0.00000 0.00000 0.00000 0.00000 0.00000 ( 1)  0.050 +-  0.001
 318 T   1.00000 0.00000 0.00000 0.00000 0.00000 0.00000 0.00000 0.00000 0.00000 0.00000 0.00000 ( 1)  0.050 +-  0.000
 319 I   1.00000 0.00000 0.00000 0.00000 0.00000 0.00000 0.00000 0.00000 0.00000 0.00000 0.00000 ( 1)  0.050 +-  0.000
 320 W   1.00000 0.00000 0.00000 0.00000 0.00000 0.00000 0.00000 0.00000 0.00000 0.00000 0.00000 ( 1)  0.050 +-  0.000
 321 G   1.00000 0.00000 0.00000 0.00000 0.00000 0.00000 0.00000 0.00000 0.00000 0.00000 0.00000 ( 1)  0.050 +-  0.000
 322 S   1.00000 0.00000 0.00000 0.00000 0.00000 0.00000 0.00000 0.00000 0.00000 0.00000 0.00000 ( 1)  0.050 +-  0.000
 323 V   0.99991 0.00009 0.00000 0.00000 0.00000 0.00000 0.00000 0.00000 0.00000 0.00000 0.00000 ( 1)  0.050 +-  0.001
 324 F   1.00000 0.00000 0.00000 0.00000 0.00000 0.00000 0.00000 0.00000 0.00000 0.00000 0.00000 ( 1)  0.050 +-  0.000
 325 A   1.00000 0.00000 0.00000 0.00000 0.00000 0.00000 0.00000 0.00000 0.00000 0.00000 0.00000 ( 1)  0.050 +-  0.000
 326 K   1.00000 0.00000 0.00000 0.00000 0.00000 0.00000 0.00000 0.00000 0.00000 0.00000 0.00000 ( 1)  0.050 +-  0.000
 327 A   1.00000 0.00000 0.00000 0.00000 0.00000 0.00000 0.00000 0.00000 0.00000 0.00000 0.00000 ( 1)  0.050 +-  0.000
 328 N   1.00000 0.00000 0.00000 0.00000 0.00000 0.00000 0.00000 0.00000 0.00000 0.00000 0.00000 ( 1)  0.050 +-  0.000
 329 A   1.00000 0.00000 0.00000 0.00000 0.00000 0.00000 0.00000 0.00000 0.00000 0.00000 0.00000 ( 1)  0.050 +-  0.000
 330 V   1.00000 0.00000 0.00000 0.00000 0.00000 0.00000 0.00000 0.00000 0.00000 0.00000 0.00000 ( 1)  0.050 +-  0.000
 331 Y   1.00000 0.00000 0.00000 0.00000 0.00000 0.00000 0.00000 0.00000 0.00000 0.00000 0.00000 ( 1)  0.050 +-  0.000
 332 N   1.00000 0.00000 0.00000 0.00000 0.00000 0.00000 0.00000 0.00000 0.00000 0.00000 0.00000 ( 1)  0.050 +-  0.000
 333 P   1.00000 0.00000 0.00000 0.00000 0.00000 0.00000 0.00000 0.00000 0.00000 0.00000 0.00000 ( 1)  0.050 +-  0.000
 334 I   1.00000 0.00000 0.00000 0.00000 0.00000 0.00000 0.00000 0.00000 0.00000 0.00000 0.00000 ( 1)  0.050 +-  0.000
 335 V   1.00000 0.00000 0.00000 0.00000 0.00000 0.00000 0.00000 0.00000 0.00000 0.00000 0.00000 ( 1)  0.050 +-  0.000
 336 Y   1.00000 0.00000 0.00000 0.00000 0.00000 0.00000 0.00000 0.00000 0.00000 0.00000 0.00000 ( 1)  0.050 +-  0.000
 337 G   1.00000 0.00000 0.00000 0.00000 0.00000 0.00000 0.00000 0.00000 0.00000 0.00000 0.00000 ( 1)  0.050 +-  0.000
 338 I   1.00000 0.00000 0.00000 0.00000 0.00000 0.00000 0.00000 0.00000 0.00000 0.00000 0.00000 ( 1)  0.050 +-  0.000
 339 S   1.00000 0.00000 0.00000 0.00000 0.00000 0.00000 0.00000 0.00000 0.00000 0.00000 0.00000 ( 1)  0.050 +-  0.000
 340 H   1.00000 0.00000 0.00000 0.00000 0.00000 0.00000 0.00000 0.00000 0.00000 0.00000 0.00000 ( 1)  0.050 +-  0.000
 341 P   1.00000 0.00000 0.00000 0.00000 0.00000 0.00000 0.00000 0.00000 0.00000 0.00000 0.00000 ( 1)  0.050 +-  0.000
 342 K   1.00000 0.00000 0.00000 0.00000 0.00000 0.00000 0.00000 0.00000 0.00000 0.00000 0.00000 ( 1)  0.050 +-  0.000
 343 Y   1.00000 0.00000 0.00000 0.00000 0.00000 0.00000 0.00000 0.00000 0.00000 0.00000 0.00000 ( 1)  0.050 +-  0.000
 344 R   0.99975 0.00025 0.00000 0.00000 0.00000 0.00000 0.00000 0.00000 0.00000 0.00000 0.00000 ( 1)  0.050 +-  0.002
 345 A   0.99791 0.00209 0.00000 0.00000 0.00000 0.00000 0.00000 0.00000 0.00000 0.00000 0.00000 ( 1)  0.050 +-  0.005
 346 A   0.99979 0.00021 0.00000 0.00000 0.00000 0.00000 0.00000 0.00000 0.00000 0.00000 0.00000 ( 1)  0.050 +-  0.001
 347 L   1.00000 0.00000 0.00000 0.00000 0.00000 0.00000 0.00000 0.00000 0.00000 0.00000 0.00000 ( 1)  0.050 +-  0.000
 348 Y   1.00000 0.00000 0.00000 0.00000 0.00000 0.00000 0.00000 0.00000 0.00000 0.00000 0.00000 ( 1)  0.050 +-  0.000
 349 Q   0.00034 0.89134 0.10784 0.00047 0.00000 0.00000 0.00000 0.00000 0.00000 0.00000 0.00000 ( 2)  0.161 +-  0.031
 350 R   0.01395 0.96830 0.01773 0.00002 0.00000 0.00000 0.00000 0.00000 0.00000 0.00000 0.00000 ( 2)  0.150 +-  0.018
 351 F   1.00000 0.00000 0.00000 0.00000 0.00000 0.00000 0.00000 0.00000 0.00000 0.00000 0.00000 ( 1)  0.050 +-  0.000
 352 P   1.00000 0.00000 0.00000 0.00000 0.00000 0.00000 0.00000 0.00000 0.00000 0.00000 0.00000 ( 1)  0.050 +-  0.000
 353 S   0.00000 0.08782 0.83659 0.07483 0.00076 0.00000 0.00000 0.00000 0.00000 0.00000 0.00000 ( 3)  0.249 +-  0.041
 354 L   1.00000 0.00000 0.00000 0.00000 0.00000 0.00000 0.00000 0.00000 0.00000 0.00000 0.00000 ( 1)  0.050 +-  0.000
 355 A   0.94183 0.05813 0.00004 0.00000 0.00000 0.00000 0.00000 0.00000 0.00000 0.00000 0.00000 ( 1)  0.056 +-  0.023
 356 C   1.00000 0.00000 0.00000 0.00000 0.00000 0.00000 0.00000 0.00000 0.00000 0.00000 0.00000 ( 1)  0.050 +-  0.000
 357 Q   0.00003 0.53817 0.44938 0.01235 0.00007 0.00000 0.00000 0.00000 0.00000 0.00000 0.00000 ( 2)  0.197 +-  0.052
 358 P   0.00000 0.01468 0.79768 0.18424 0.00339 0.00002 0.00000 0.00000 0.00000 0.00000 0.00000 ( 3)  0.268 +-  0.043
 359 S   0.00003 0.66708 0.32790 0.00497 0.00002 0.00000 0.00000 0.00000 0.00000 0.00000 0.00000 ( 2)  0.184 +-  0.048
 360 P   0.00008 0.84473 0.15429 0.00090 0.00000 0.00000 0.00000 0.00000 0.00000 0.00000 0.00000 ( 2)  0.166 +-  0.037
 361 E   0.11267 0.88694 0.00039 0.00000 0.00000 0.00000 0.00000 0.00000 0.00000 0.00000 0.00000 ( 2)  0.139 +-  0.032
 362 E   0.18301 0.81597 0.00102 0.00000 0.00000 0.00000 0.00000 0.00000 0.00000 0.00000 0.00000 ( 2)  0.132 +-  0.039
 363 T   0.00000 0.00000 0.04114 0.73978 0.21306 0.00597 0.00004 0.00000 0.00000 0.00000 0.00000 ( 4)  0.368 +-  0.049
 364 G   0.00296 0.98722 0.00982 0.00000 0.00000 0.00000 0.00000 0.00000 0.00000 0.00000 0.00000 ( 2)  0.151 +-  0.011
 365 S   1.00000 0.00000 0.00000 0.00000 0.00000 0.00000 0.00000 0.00000 0.00000 0.00000 0.00000 ( 1)  0.050 +-  0.000
 366 V   0.88126 0.11871 0.00003 0.00000 0.00000 0.00000 0.00000 0.00000 0.00000 0.00000 0.00000 ( 1)  0.062 +-  0.032
 367 A   1.00000 0.00000 0.00000 0.00000 0.00000 0.00000 0.00000 0.00000 0.00000 0.00000 0.00000 ( 1)  0.050 +-  0.000
 368 S   1.00000 0.00000 0.00000 0.00000 0.00000 0.00000 0.00000 0.00000 0.00000 0.00000 0.00000 ( 1)  0.050 +-  0.000
 369 A   0.01167 0.98048 0.00785 0.00000 0.00000 0.00000 0.00000 0.00000 0.00000 0.00000 0.00000 ( 2)  0.150 +-  0.014
 370 A   0.00002 0.97356 0.02641 0.00001 0.00000 0.00000 0.00000 0.00000 0.00000 0.00000 0.00000 ( 2)  0.153 +-  0.016
 371 T   1.00000 0.00000 0.00000 0.00000 0.00000 0.00000 0.00000 0.00000 0.00000 0.00000 0.00000 ( 1)  0.050 +-  0.000
 372 A   0.99999 0.00001 0.00000 0.00000 0.00000 0.00000 0.00000 0.00000 0.00000 0.00000 0.00000 ( 1)  0.050 +-  0.000
 373 C   0.00062 0.98990 0.00948 0.00000 0.00000 0.00000 0.00000 0.00000 0.00000 0.00000 0.00000 ( 2)  0.151 +-  0.010
 374 T   0.97519 0.02481 0.00000 0.00000 0.00000 0.00000 0.00000 0.00000 0.00000 0.00000 0.00000 ( 1)  0.052 +-  0.016
 375 E   0.96805 0.03194 0.00001 0.00000 0.00000 0.00000 0.00000 0.00000 0.00000 0.00000 0.00000 ( 1)  0.053 +-  0.018
 376 E   1.00000 0.00000 0.00000 0.00000 0.00000 0.00000 0.00000 0.00000 0.00000 0.00000 0.00000 ( 1)  0.050 +-  0.000
 377 K   1.00000 0.00000 0.00000 0.00000 0.00000 0.00000 0.00000 0.00000 0.00000 0.00000 0.00000 ( 1)  0.050 +-  0.000
 378 P   1.00000 0.00000 0.00000 0.00000 0.00000 0.00000 0.00000 0.00000 0.00000 0.00000 0.00000 ( 1)  0.050 +-  0.000
 379 S   0.99980 0.00020 0.00000 0.00000 0.00000 0.00000 0.00000 0.00000 0.00000 0.00000 0.00000 ( 1)  0.050 +-  0.001
 380 A   1.00000 0.00000 0.00000 0.00000 0.00000 0.00000 0.00000 0.00000 0.00000 0.00000 0.00000 ( 1)  0.050 +-  0.000

Positively selected sites

	Prob(w>1)  mean w

