Supplemental results for CODEML (seqf: align.fa  treef: tree.nwk)


MLEs of dN/dS (w) for site classes (K=4)

site class             0        1       2a       2b
proportion       0.95162  0.02857  0.01923  0.00058
background w     0.04067  1.00000  0.04067  1.00000
foreground w     0.04067  1.00000  2.97985  2.97985

Naive Empirical Bayes (NEB) probabilities for 4 classes
(amino acids refer to 1st sequence: ColCroc|LWS3)

   1 M   0.99724 0.00000 0.00276 0.00000 ( 1)
   2 A   0.99393 0.00022 0.00585 0.00000 ( 1)
   3 T   0.00000 0.98974 0.00000 0.01026 ( 2)
   4 S   0.99348 0.00000 0.00652 0.00000 ( 1)
   5 M   0.99181 0.00000 0.00819 0.00000 ( 1)
   6 D   0.99567 0.00000 0.00433 0.00000 ( 1)
   7 P   0.99585 0.00000 0.00415 0.00000 ( 1)
   8 A   0.99394 0.00000 0.00606 0.00000 ( 1)
   9 P   0.99141 0.00000 0.00859 0.00000 ( 1)
  10 G   0.99079 0.00000 0.00921 0.00000 ( 1)
  11 V   0.00000 0.99388 0.00000 0.00612 ( 2)
  12 A   0.99414 0.00000 0.00586 0.00000 ( 1)
  13 A   0.99560 0.00000 0.00440 0.00000 ( 1)
  14 M   0.99724 0.00000 0.00276 0.00000 ( 1)
  15 Q   0.99041 0.00000 0.00959 0.00000 ( 1)
  16 T   0.99238 0.00000 0.00762 0.00000 ( 1)
  17 W   0.99273 0.00000 0.00727 0.00000 ( 1)
  18 G   0.99330 0.00000 0.00670 0.00000 ( 1)
  19 G   0.99078 0.00000 0.00922 0.00000 ( 1)
  20 H   0.99061 0.00000 0.00939 0.00000 ( 1)
  21 A   0.99400 0.00000 0.00600 0.00000 ( 1)
  22 E   0.99456 0.00000 0.00544 0.00000 ( 1)
  23 A   0.99450 0.00000 0.00550 0.00000 ( 1)
  24 Y   0.99251 0.00000 0.00749 0.00000 ( 1)
  25 S   0.99077 0.00000 0.00923 0.00000 ( 1)
  26 A   0.99453 0.00000 0.00547 0.00000 ( 1)
  27 N   0.99643 0.00000 0.00357 0.00000 ( 1)
  28 Q   0.99255 0.00000 0.00745 0.00000 ( 1)
  29 T   0.99612 0.00000 0.00388 0.00000 ( 1)
  30 V   0.99583 0.00000 0.00417 0.00000 ( 1)
  31 V   0.99451 0.00000 0.00549 0.00000 ( 1)
  32 D   0.99652 0.00000 0.00348 0.00000 ( 1)
  33 K   0.99337 0.00000 0.00663 0.00000 ( 1)
  34 V   0.99457 0.00000 0.00543 0.00000 ( 1)
  35 L   0.09958 0.88923 0.00086 0.01033 ( 2)
  36 P   0.99141 0.00000 0.00859 0.00000 ( 1)
  37 E   0.74813 0.00000 0.25187 0.00000 ( 1)
  38 M   0.99724 0.00000 0.00276 0.00000 ( 1)
  39 L   0.99367 0.00000 0.00633 0.00000 ( 1)
  40 H   0.99329 0.00000 0.00671 0.00000 ( 1)
  41 L   0.99724 0.00000 0.00276 0.00000 ( 1)
  42 I   0.99362 0.00000 0.00638 0.00000 ( 1)
  43 D   0.99489 0.00000 0.00511 0.00000 ( 1)
  44 A   0.99336 0.00000 0.00664 0.00000 ( 1)
  45 H   0.99560 0.00000 0.00440 0.00000 ( 1)
  46 W   0.99273 0.00000 0.00727 0.00000 ( 1)
  47 Y   0.99514 0.00000 0.00486 0.00000 ( 1)
  48 Q   0.99253 0.00000 0.00747 0.00000 ( 1)
  49 F   0.99513 0.00000 0.00487 0.00000 ( 1)
  50 P   0.99336 0.00000 0.00664 0.00000 ( 1)
  51 P   0.99141 0.00000 0.00859 0.00000 ( 1)
  52 M   0.99724 0.00000 0.00276 0.00000 ( 1)
  53 N   0.99650 0.00000 0.00350 0.00000 ( 1)
  54 P   0.99141 0.00000 0.00859 0.00000 ( 1)
  55 L   0.99367 0.00000 0.00633 0.00000 ( 1)
  56 W   0.99273 0.00000 0.00727 0.00000 ( 1)
  57 Y   0.99560 0.00000 0.00440 0.00000 ( 1)
  58 G   0.99077 0.00000 0.00923 0.00000 ( 1)
  59 L   0.99484 0.00000 0.00516 0.00000 ( 1)
  60 L   0.99452 0.00000 0.00548 0.00000 ( 1)
  61 G   0.99077 0.00000 0.00923 0.00000 ( 1)
  62 F   0.99667 0.00000 0.00333 0.00000 ( 1)
  63 T   0.99408 0.00000 0.00592 0.00000 ( 1)
  64 I   0.99550 0.00000 0.00450 0.00000 ( 1)
  65 C   0.99583 0.00000 0.00417 0.00000 ( 1)
  66 I   0.00000 0.98979 0.00000 0.01021 ( 2)
  67 L   0.99367 0.00000 0.00633 0.00000 ( 1)
  68 A   0.99398 0.00000 0.00602 0.00000 ( 1)
  69 F   0.99667 0.00000 0.00333 0.00000 ( 1)
  70 I   0.99663 0.00000 0.00337 0.00000 ( 1)
  71 S   0.99348 0.00000 0.00652 0.00000 ( 1)
  72 V   0.99663 0.00000 0.00337 0.00000 ( 1)
  73 T   0.99409 0.00000 0.00591 0.00000 ( 1)
  74 G   0.99583 0.00000 0.00417 0.00000 ( 1)
  75 N   0.99470 0.00000 0.00530 0.00000 ( 1)
  76 G   0.99583 0.00000 0.00417 0.00000 ( 1)
  77 M   0.99724 0.00000 0.00276 0.00000 ( 1)
  78 V   0.99585 0.00000 0.00415 0.00000 ( 1)
  79 I   0.99362 0.00000 0.00638 0.00000 ( 1)
  80 Y   0.99508 0.00000 0.00492 0.00000 ( 1)
  81 I   0.99517 0.00000 0.00483 0.00000 ( 1)
  82 F   0.99667 0.00000 0.00333 0.00000 ( 1)
  83 S   0.99724 0.00000 0.00276 0.00000 ( 1)
  84 T   0.99358 0.00112 0.00529 0.00001 ( 1)
  85 T   0.99486 0.00000 0.00514 0.00000 ( 1)
  86 K   0.99505 0.00000 0.00495 0.00000 ( 1)
  87 S   0.00000 0.99197 0.00000 0.00803 ( 2)
  88 L   0.99367 0.00000 0.00633 0.00000 ( 1)
  89 K   0.99337 0.00000 0.00663 0.00000 ( 1)
  90 T   0.99409 0.00000 0.00591 0.00000 ( 1)
  91 P   0.99141 0.00000 0.00859 0.00000 ( 1)
  92 S   0.99192 0.00000 0.00808 0.00000 ( 1)
  93 N   0.99650 0.00000 0.00350 0.00000 ( 1)
  94 L   0.99273 0.00000 0.00727 0.00000 ( 1)
  95 L   0.99182 0.00000 0.00818 0.00000 ( 1)
  96 V   0.99240 0.00000 0.00760 0.00000 ( 1)
  97 V   0.99457 0.00000 0.00543 0.00000 ( 1)
  98 N   0.99469 0.00000 0.00531 0.00000 ( 1)
  99 L   0.99596 0.00000 0.00404 0.00000 ( 1)
 100 A   0.99405 0.00000 0.00595 0.00000 ( 1)
 101 F   0.99667 0.00000 0.00333 0.00000 ( 1)
 102 S   0.99520 0.00000 0.00480 0.00000 ( 1)
 103 D   0.99596 0.00000 0.00404 0.00000 ( 1)
 104 F   0.99509 0.00000 0.00491 0.00000 ( 1)
 105 L   0.99319 0.00000 0.00681 0.00000 ( 1)
 106 M   0.99724 0.00000 0.00276 0.00000 ( 1)
 107 M   0.99724 0.00000 0.00276 0.00000 ( 1)
 108 A   0.99543 0.00001 0.00457 0.00000 ( 1)
 109 M   0.00000 0.99056 0.00000 0.00944 ( 2)
 110 M   0.99724 0.00000 0.00276 0.00000 ( 1)
 111 A   0.99348 0.00000 0.00652 0.00000 ( 1)
 112 P   0.02216 0.00000 0.97784 0.00000 ( 3)
 113 P   0.56918 0.07816 0.35012 0.00255 ( 1)
 114 L   0.99724 0.00000 0.00276 0.00000 ( 1)
 115 C   0.99400 0.00000 0.00600 0.00000 ( 1)
 116 I   0.65759 0.00000 0.34241 0.00000 ( 1)
 117 N   0.99561 0.00000 0.00439 0.00000 ( 1)
 118 S   0.99297 0.00000 0.00703 0.00000 ( 1)
 119 Y   0.99251 0.00000 0.00749 0.00000 ( 1)
 120 Y   0.71293 0.00000 0.28707 0.00000 ( 1)
 121 Q   0.99368 0.00000 0.00632 0.00000 ( 1)
 122 T   0.99408 0.00000 0.00592 0.00000 ( 1)
 123 W   0.99273 0.00000 0.00727 0.00000 ( 1)
 124 V   0.99400 0.00000 0.00600 0.00000 ( 1)
 125 F   0.99273 0.00000 0.00727 0.00000 ( 1)
 126 G   0.99330 0.00000 0.00670 0.00000 ( 1)
 127 P   0.99207 0.00000 0.00793 0.00000 ( 1)
 128 V   0.99503 0.00000 0.00497 0.00000 ( 1)
 129 A   0.99237 0.00000 0.00763 0.00000 ( 1)
 130 C   0.99297 0.00000 0.00703 0.00000 ( 1)
 131 Q   0.99368 0.00000 0.00632 0.00000 ( 1)
 132 F   0.99663 0.00000 0.00337 0.00000 ( 1)
 133 Y   0.99512 0.00000 0.00488 0.00000 ( 1)
 134 A   0.99405 0.00000 0.00595 0.00000 ( 1)
 135 C   0.99543 0.00000 0.00457 0.00000 ( 1)
 136 F   0.99234 0.00063 0.00702 0.00001 ( 1)
 137 G   0.99377 0.00000 0.00623 0.00000 ( 1)
 138 S   0.99348 0.00000 0.00652 0.00000 ( 1)
 139 L   0.99090 0.00000 0.00910 0.00000 ( 1)
 140 F   0.99665 0.00000 0.00335 0.00000 ( 1)
 141 G   0.99330 0.00000 0.00670 0.00000 ( 1)
 142 C   0.99376 0.00000 0.00624 0.00000 ( 1)
 143 V   0.99538 0.00000 0.00462 0.00000 ( 1)
 144 S   0.99316 0.00000 0.00684 0.00000 ( 1)
 145 I   0.99389 0.00000 0.00611 0.00000 ( 1)
 146 W   0.99273 0.00000 0.00727 0.00000 ( 1)
 147 T   0.99614 0.00000 0.00386 0.00000 ( 1)
 148 M   0.99724 0.00000 0.00276 0.00000 ( 1)
 149 T   0.99373 0.00000 0.00627 0.00000 ( 1)
 150 A   0.99724 0.00000 0.00276 0.00000 ( 1)
 151 I   0.99353 0.00000 0.00647 0.00000 ( 1)
 152 A   0.99450 0.00000 0.00550 0.00000 ( 1)
 153 F   0.99667 0.00000 0.00333 0.00000 ( 1)
 154 D   0.99655 0.00000 0.00345 0.00000 ( 1)
 155 R   0.99440 0.00000 0.00560 0.00000 ( 1)
 156 Y   0.99514 0.00000 0.00486 0.00000 ( 1)
 157 N   0.99537 0.00000 0.00463 0.00000 ( 1)
 158 V   0.99584 0.00000 0.00416 0.00000 ( 1)
 159 I   0.99661 0.00000 0.00339 0.00000 ( 1)
 160 V   0.99457 0.00000 0.00543 0.00000 ( 1)
 161 K   0.99306 0.00000 0.00694 0.00000 ( 1)
 162 G   0.99330 0.00000 0.00670 0.00000 ( 1)
 163 I   0.99662 0.00000 0.00338 0.00000 ( 1)
 164 A   0.99600 0.00000 0.00400 0.00000 ( 1)
 165 A   0.99498 0.00000 0.00502 0.00000 ( 1)
 166 K   0.99416 0.00000 0.00584 0.00000 ( 1)
 167 P   0.99141 0.00000 0.00859 0.00000 ( 1)
 168 L   0.99724 0.00000 0.00276 0.00000 ( 1)
 169 T   0.99614 0.00000 0.00386 0.00000 ( 1)
 170 V   0.99650 0.00000 0.00350 0.00000 ( 1)
 171 N   0.99478 0.00000 0.00522 0.00000 ( 1)
 172 G   0.99077 0.00000 0.00923 0.00000 ( 1)
 173 A   0.99405 0.00000 0.00595 0.00000 ( 1)
 174 L   0.99247 0.00000 0.00753 0.00000 ( 1)
 175 L   0.99182 0.00000 0.00818 0.00000 ( 1)
 176 Q   0.99440 0.00000 0.00560 0.00000 ( 1)
 177 I   0.99242 0.00000 0.00758 0.00000 ( 1)
 178 F   0.99368 0.00000 0.00632 0.00000 ( 1)
 179 G   0.99077 0.00000 0.00923 0.00000 ( 1)
 180 V   0.99660 0.00000 0.00340 0.00000 ( 1)
 181 W   0.99273 0.00000 0.00727 0.00000 ( 1)
 182 A   0.00000 0.92986 0.00000 0.07014 ( 2)
 183 F   0.99667 0.00000 0.00333 0.00000 ( 1)
 184 S   0.99033 0.00000 0.00967 0.00000 ( 1)
 185 L   0.99176 0.00000 0.00824 0.00000 ( 1)
 186 A   0.72105 0.00001 0.27894 0.00000 ( 1)
 187 W   0.99273 0.00000 0.00727 0.00000 ( 1)
 188 T   0.99409 0.00000 0.00591 0.00000 ( 1)
 189 L   0.99487 0.00000 0.00513 0.00000 ( 1)
 190 A   0.99292 0.00000 0.00708 0.00000 ( 1)
 191 P   0.99336 0.00000 0.00664 0.00000 ( 1)
 192 I   0.99667 0.00000 0.00333 0.00000 ( 1)
 193 F   0.99667 0.00000 0.00333 0.00000 ( 1)
 194 G   0.99583 0.00000 0.00417 0.00000 ( 1)
 195 W   0.99273 0.00000 0.00727 0.00000 ( 1)
 196 S   0.99650 0.00000 0.00350 0.00000 ( 1)
 197 R   0.99149 0.00000 0.00851 0.00000 ( 1)
 198 Y   0.99251 0.00000 0.00749 0.00000 ( 1)
 199 V   0.99457 0.00000 0.00543 0.00000 ( 1)
 200 P   0.99356 0.00000 0.00644 0.00000 ( 1)
 201 E   0.99368 0.00000 0.00632 0.00000 ( 1)
 202 G   0.99077 0.00000 0.00923 0.00000 ( 1)
 203 N   0.99650 0.00000 0.00350 0.00000 ( 1)
 204 M   0.99724 0.00000 0.00276 0.00000 ( 1)
 205 T   0.99327 0.00000 0.00673 0.00000 ( 1)
 206 A   0.99236 0.00000 0.00764 0.00000 ( 1)
 207 C   0.99543 0.00000 0.00457 0.00000 ( 1)
 208 G   0.99326 0.00000 0.00674 0.00000 ( 1)
 209 T   0.99613 0.00000 0.00387 0.00000 ( 1)
 210 D   0.99655 0.00000 0.00345 0.00000 ( 1)
 211 Y   0.99392 0.00000 0.00608 0.00000 ( 1)
 212 L   0.99453 0.00000 0.00547 0.00000 ( 1)
 213 S   0.00000 0.99083 0.00000 0.00917 ( 2)
 214 K   0.99498 0.00000 0.00502 0.00000 ( 1)
 215 D   0.99487 0.00000 0.00513 0.00000 ( 1)
 216 L   0.99273 0.00000 0.00727 0.00000 ( 1)
 217 L   0.00000 0.98277 0.00000 0.01723 ( 2)
 218 S   0.99636 0.00000 0.00364 0.00000 ( 1)
 219 Q   0.99440 0.00000 0.00560 0.00000 ( 1)
 220 I   0.99636 0.00000 0.00364 0.00000 ( 1)
 221 Y   0.99514 0.00000 0.00486 0.00000 ( 1)
 222 I   0.99612 0.00000 0.00388 0.00000 ( 1)
 223 I   0.99182 0.00000 0.00818 0.00000 ( 1)
 224 T   0.80318 0.00000 0.19682 0.00000 ( 1)
 225 Y   0.99392 0.00000 0.00608 0.00000 ( 1)
 226 S   0.99577 0.00000 0.00423 0.00000 ( 1)
 227 I   0.99585 0.00000 0.00415 0.00000 ( 1)
 228 A   0.99667 0.00000 0.00333 0.00000 ( 1)
 229 C   0.99540 0.00000 0.00460 0.00000 ( 1)
 230 Y   0.99514 0.00000 0.00486 0.00000 ( 1)
 231 F   0.99667 0.00000 0.00333 0.00000 ( 1)
 232 L   0.00000 0.99388 0.00000 0.00612 ( 2)
 233 P   0.99243 0.00000 0.00757 0.00000 ( 1)
 234 L   0.99367 0.00000 0.00633 0.00000 ( 1)
 235 A   0.99182 0.00000 0.00818 0.00000 ( 1)
 236 L   0.99598 0.00000 0.00402 0.00000 ( 1)
 237 I   0.99663 0.00000 0.00337 0.00000 ( 1)
 238 V   0.99663 0.00000 0.00337 0.00000 ( 1)
 239 Y   0.99514 0.00000 0.00486 0.00000 ( 1)
 240 S   0.99475 0.00000 0.00525 0.00000 ( 1)
 241 Y   0.99275 0.00000 0.00725 0.00000 ( 1)
 242 F   0.99667 0.00000 0.00333 0.00000 ( 1)
 243 F   0.99667 0.00000 0.00333 0.00000 ( 1)
 244 I   0.99625 0.00000 0.00375 0.00000 ( 1)
 245 V   0.99572 0.00000 0.00428 0.00000 ( 1)
 246 Q   0.99255 0.00000 0.00745 0.00000 ( 1)
 247 A   0.99339 0.00000 0.00661 0.00000 ( 1)
 248 V   0.99240 0.00000 0.00760 0.00000 ( 1)
 249 A   0.99236 0.00000 0.00764 0.00000 ( 1)
 250 A   0.69607 0.00000 0.30393 0.00000 ( 1)
 251 H   0.99560 0.00000 0.00440 0.00000 ( 1)
 252 E   0.99368 0.00000 0.00632 0.00000 ( 1)
 253 K   0.64312 0.00000 0.35688 0.00000 ( 1)
 254 A   0.78890 0.00000 0.21110 0.00000 ( 1)
 255 M   0.99724 0.00000 0.00276 0.00000 ( 1)
 256 R   0.99481 0.00000 0.00519 0.00000 ( 1)
 257 E   0.99368 0.00000 0.00632 0.00000 ( 1)
 258 Q   0.99061 0.00000 0.00939 0.00000 ( 1)
 259 A   0.99405 0.00000 0.00595 0.00000 ( 1)
 260 K   0.99505 0.00000 0.00495 0.00000 ( 1)
 261 K   0.99337 0.00000 0.00663 0.00000 ( 1)
 262 M   0.99724 0.00000 0.00276 0.00000 ( 1)
 263 N   0.99648 0.00000 0.00352 0.00000 ( 1)
 264 V   0.99580 0.00000 0.00420 0.00000 ( 1)
 265 A   0.99405 0.00000 0.00595 0.00000 ( 1)
 266 S   0.99348 0.00000 0.00652 0.00000 ( 1)
 267 L   0.99368 0.00000 0.00632 0.00000 ( 1)
 268 R   0.99481 0.00000 0.00519 0.00000 ( 1)
 269 S   0.99347 0.00000 0.00653 0.00000 ( 1)
 270 S   0.99348 0.00000 0.00652 0.00000 ( 1)
 271 E   0.99367 0.00000 0.00633 0.00000 ( 1)
 272 Q   0.99453 0.00000 0.00547 0.00000 ( 1)
 273 A   0.99510 0.00000 0.00490 0.00000 ( 1)
 274 N   0.99469 0.00000 0.00531 0.00000 ( 1)
 275 T   0.99611 0.00000 0.00389 0.00000 ( 1)
 276 S   0.99636 0.00000 0.00364 0.00000 ( 1)
 277 A   0.99236 0.00000 0.00764 0.00000 ( 1)
 278 E   0.99524 0.00000 0.00476 0.00000 ( 1)
 279 C   0.99543 0.00000 0.00457 0.00000 ( 1)
 280 K   0.99337 0.00000 0.00663 0.00000 ( 1)
 281 L   0.98888 0.00000 0.01112 0.00000 ( 1)
 282 A   0.99236 0.00000 0.00764 0.00000 ( 1)
 283 K   0.99505 0.00000 0.00495 0.00000 ( 1)
 284 V   0.99240 0.00000 0.00760 0.00000 ( 1)
 285 A   0.99405 0.00000 0.00595 0.00000 ( 1)
 286 L   0.99055 0.00000 0.00945 0.00000 ( 1)
 287 M   0.99724 0.00000 0.00276 0.00000 ( 1)
 288 T   0.99443 0.00000 0.00557 0.00000 ( 1)
 289 I   0.99361 0.00000 0.00639 0.00000 ( 1)
 290 S   0.99348 0.00000 0.00652 0.00000 ( 1)
 291 L   0.99181 0.00000 0.00819 0.00000 ( 1)
 292 W   0.99273 0.00000 0.00727 0.00000 ( 1)
 293 F   0.99667 0.00000 0.00333 0.00000 ( 1)
 294 M   0.99724 0.00000 0.00276 0.00000 ( 1)
 295 A   0.99457 0.00000 0.00543 0.00000 ( 1)
 296 W   0.99273 0.00000 0.00727 0.00000 ( 1)
 297 T   0.99266 0.00000 0.00734 0.00000 ( 1)
 298 P   0.99243 0.00000 0.00757 0.00000 ( 1)
 299 Y   0.99514 0.00000 0.00486 0.00000 ( 1)
 300 L   0.99599 0.00000 0.00401 0.00000 ( 1)
 301 V   0.99342 0.00000 0.00658 0.00000 ( 1)
 302 I   0.99663 0.00000 0.00337 0.00000 ( 1)
 303 N   0.99650 0.00000 0.00350 0.00000 ( 1)
 304 F   0.99514 0.00000 0.00486 0.00000 ( 1)
 305 A   0.99523 0.00000 0.00477 0.00000 ( 1)
 306 G   0.99330 0.00000 0.00670 0.00000 ( 1)
 307 V   0.99585 0.00000 0.00415 0.00000 ( 1)
 308 F   0.99625 0.00000 0.00375 0.00000 ( 1)
 309 E   0.99524 0.00000 0.00476 0.00000 ( 1)
 310 T   0.99426 0.00000 0.00574 0.00000 ( 1)
 311 A   0.04035 0.00000 0.95965 0.00000 ( 3)
 312 P   0.99387 0.00000 0.00613 0.00000 ( 1)
 313 I   0.99663 0.00000 0.00337 0.00000 ( 1)
 314 S   0.99633 0.00000 0.00367 0.00000 ( 1)
 315 P   0.99336 0.00000 0.00664 0.00000 ( 1)
 316 L   0.99605 0.00000 0.00395 0.00000 ( 1)
 317 S   0.99522 0.00000 0.00478 0.00000 ( 1)
 318 T   0.99614 0.00000 0.00386 0.00000 ( 1)
 319 I   0.99663 0.00000 0.00337 0.00000 ( 1)
 320 W   0.99273 0.00000 0.00727 0.00000 ( 1)
 321 G   0.99582 0.00000 0.00418 0.00000 ( 1)
 322 S   0.99030 0.00000 0.00970 0.00000 ( 1)
 323 V   0.99605 0.00000 0.00395 0.00000 ( 1)
 324 F   0.99658 0.00000 0.00342 0.00000 ( 1)
 325 A   0.99434 0.00000 0.00566 0.00000 ( 1)
 326 K   0.99505 0.00000 0.00495 0.00000 ( 1)
 327 A   0.99405 0.00000 0.00595 0.00000 ( 1)
 328 N   0.99645 0.00000 0.00355 0.00000 ( 1)
 329 A   0.99600 0.00000 0.00400 0.00000 ( 1)
 330 V   0.99585 0.00000 0.00415 0.00000 ( 1)
 331 Y   0.99514 0.00000 0.00486 0.00000 ( 1)
 332 N   0.99469 0.00000 0.00531 0.00000 ( 1)
 333 P   0.99336 0.00000 0.00664 0.00000 ( 1)
 334 I   0.99517 0.00000 0.00483 0.00000 ( 1)
 335 V   0.99240 0.00000 0.00760 0.00000 ( 1)
 336 Y   0.99395 0.00000 0.00605 0.00000 ( 1)
 337 G   0.99331 0.00000 0.00669 0.00000 ( 1)
 338 I   0.99663 0.00000 0.00337 0.00000 ( 1)
 339 S   0.99573 0.00000 0.00427 0.00000 ( 1)
 340 H   0.99370 0.00000 0.00630 0.00000 ( 1)
 341 P   0.99336 0.00000 0.00664 0.00000 ( 1)
 342 K   0.99337 0.00000 0.00663 0.00000 ( 1)
 343 Y   0.99512 0.00000 0.00488 0.00000 ( 1)
 344 R   0.99440 0.00000 0.00560 0.00000 ( 1)
 345 A   0.99600 0.00000 0.00400 0.00000 ( 1)
 346 A   0.99368 0.00000 0.00632 0.00000 ( 1)
 347 L   0.99436 0.00000 0.00564 0.00000 ( 1)
 348 Y   0.99514 0.00000 0.00486 0.00000 ( 1)
 349 Q   0.99505 0.00000 0.00495 0.00000 ( 1)
 350 R   0.99505 0.00000 0.00495 0.00000 ( 1)
 351 F   0.99667 0.00000 0.00333 0.00000 ( 1)
 352 P   0.99584 0.00000 0.00416 0.00000 ( 1)
 353 S   0.99333 0.00000 0.00667 0.00000 ( 1)
 354 L   0.99182 0.00000 0.00818 0.00000 ( 1)
 355 A   0.99333 0.00000 0.00667 0.00000 ( 1)
 356 C   0.99543 0.00000 0.00457 0.00000 ( 1)
 357 Q   0.99255 0.00000 0.00745 0.00000 ( 1)
 358 P   0.90034 0.09324 0.00551 0.00091 ( 1)
 359 S   0.99333 0.00000 0.00667 0.00000 ( 1)
 360 P   0.99395 0.00000 0.00605 0.00000 ( 1)
 361 E   0.99523 0.00000 0.00477 0.00000 ( 1)
 362 E   0.99375 0.00000 0.00625 0.00000 ( 1)
 363 T   0.00000 0.99095 0.00000 0.00905 ( 2)
 364 G   0.77037 0.00000 0.22963 0.00000 ( 1)
 365 S   0.99577 0.00000 0.00423 0.00000 ( 1)
 366 V   0.99457 0.00000 0.00543 0.00000 ( 1)
 367 A   0.99517 0.00000 0.00483 0.00000 ( 1)
 368 S   0.99348 0.00000 0.00652 0.00000 ( 1)
 369 A   0.99213 0.00000 0.00787 0.00000 ( 1)
 370 A   0.99600 0.00000 0.00400 0.00000 ( 1)
 371 T   0.99613 0.00000 0.00387 0.00000 ( 1)
 372 A   0.99599 0.00000 0.00401 0.00000 ( 1)
 373 C   0.98921 0.00000 0.01079 0.00000 ( 1)
 374 T   0.37785 0.00000 0.62215 0.00000 ( 3)
 375 E   0.99522 0.00000 0.00478 0.00000 ( 1)
 376 E   0.99524 0.00000 0.00476 0.00000 ( 1)
 377 K   0.99505 0.00000 0.00495 0.00000 ( 1)
 378 P   0.99412 0.00000 0.00588 0.00000 ( 1)
 379 S   0.99413 0.00000 0.00587 0.00000 ( 1)
 380 A   0.99350 0.00000 0.00650 0.00000 ( 1)


lnL = -69100.062957

Bayes Empirical Bayes (BEB) probabilities for 4 classes (class)
(amino acids refer to 1st sequence: ColCroc|LWS3)

   1 M   0.99411 0.00000 0.00589 0.00000 ( 1)
   2 A   0.98920 0.00000 0.01080 0.00000 ( 1)
   3 T   0.00000 0.98218 0.00000 0.01782 ( 2)
   4 S   0.98825 0.00000 0.01175 0.00000 ( 1)
   5 M   0.98586 0.00000 0.01414 0.00000 ( 1)
   6 D   0.99158 0.00000 0.00842 0.00000 ( 1)
   7 P   0.99182 0.00000 0.00818 0.00000 ( 1)
   8 A   0.98899 0.00000 0.01101 0.00000 ( 1)
   9 P   0.98525 0.00000 0.01475 0.00000 ( 1)
  10 G   0.98439 0.00000 0.01561 0.00000 ( 1)
  11 V   0.00000 0.98715 0.00000 0.01285 ( 2)
  12 A   0.98915 0.00000 0.01085 0.00000 ( 1)
  13 A   0.99144 0.00000 0.00856 0.00000 ( 1)
  14 M   0.99410 0.00000 0.00590 0.00000 ( 1)
  15 Q   0.98369 0.00000 0.01631 0.00000 ( 1)
  16 T   0.98656 0.00000 0.01344 0.00000 ( 1)
  17 W   0.98729 0.00000 0.01271 0.00000 ( 1)
  18 G   0.98806 0.00000 0.01194 0.00000 ( 1)
  19 G   0.98438 0.00000 0.01562 0.00000 ( 1)
  20 H   0.98419 0.00000 0.01581 0.00000 ( 1)
  21 A   0.98897 0.00000 0.01103 0.00000 ( 1)
  22 E   0.98983 0.00000 0.01017 0.00000 ( 1)
  23 A   0.98972 0.00000 0.01028 0.00000 ( 1)
  24 Y   0.98689 0.00000 0.01311 0.00000 ( 1)
  25 S   0.98437 0.00000 0.01563 0.00000 ( 1)
  26 A   0.98974 0.00000 0.01026 0.00000 ( 1)
  27 N   0.99274 0.00000 0.00726 0.00000 ( 1)
  28 Q   0.98702 0.00000 0.01298 0.00000 ( 1)
  29 T   0.99227 0.00000 0.00773 0.00000 ( 1)
  30 V   0.99186 0.00000 0.00814 0.00000 ( 1)
  31 V   0.98976 0.00000 0.01024 0.00000 ( 1)
  32 D   0.99290 0.00000 0.00710 0.00000 ( 1)
  33 K   0.98820 0.00000 0.01180 0.00000 ( 1)
  34 V   0.98986 0.00000 0.01014 0.00000 ( 1)
  35 L   0.93307 0.05192 0.01397 0.00104 ( 1)
  36 P   0.98525 0.00000 0.01475 0.00000 ( 1)
  37 E   0.70326 0.00000 0.29674 0.00000 ( 1)
  38 M   0.99411 0.00000 0.00589 0.00000 ( 1)
  39 L   0.98857 0.00000 0.01143 0.00000 ( 1)
  40 H   0.98807 0.00000 0.01193 0.00000 ( 1)
  41 L   0.99411 0.00000 0.00589 0.00000 ( 1)
  42 I   0.98833 0.00000 0.01167 0.00000 ( 1)
  43 D   0.99036 0.00000 0.00964 0.00000 ( 1)
  44 A   0.98811 0.00000 0.01189 0.00000 ( 1)
  45 H   0.99145 0.00000 0.00855 0.00000 ( 1)
  46 W   0.98729 0.00000 0.01271 0.00000 ( 1)
  47 Y   0.99076 0.00000 0.00924 0.00000 ( 1)
  48 Q   0.98698 0.00000 0.01302 0.00000 ( 1)
  49 F   0.99075 0.00000 0.00925 0.00000 ( 1)
  50 P   0.98811 0.00000 0.01189 0.00000 ( 1)
  51 P   0.98525 0.00000 0.01475 0.00000 ( 1)
  52 M   0.99411 0.00000 0.00589 0.00000 ( 1)
  53 N   0.99286 0.00000 0.00714 0.00000 ( 1)
  54 P   0.98525 0.00000 0.01475 0.00000 ( 1)
  55 L   0.98857 0.00000 0.01143 0.00000 ( 1)
  56 W   0.98729 0.00000 0.01271 0.00000 ( 1)
  57 Y   0.99145 0.00000 0.00855 0.00000 ( 1)
  58 G   0.98437 0.00000 0.01563 0.00000 ( 1)
  59 L   0.99022 0.00000 0.00978 0.00000 ( 1)
  60 L   0.98984 0.00000 0.01016 0.00000 ( 1)
  61 G   0.98437 0.00000 0.01563 0.00000 ( 1)
  62 F   0.99318 0.00000 0.00682 0.00000 ( 1)
  63 T   0.98912 0.00000 0.01088 0.00000 ( 1)
  64 I   0.99131 0.00000 0.00869 0.00000 ( 1)
  65 C   0.99179 0.00000 0.00821 0.00000 ( 1)
  66 I   0.00000 0.98215 0.00000 0.01785 ( 2)
  67 L   0.98857 0.00000 0.01143 0.00000 ( 1)
  68 A   0.98899 0.00000 0.01101 0.00000 ( 1)
  69 F   0.99318 0.00000 0.00682 0.00000 ( 1)
  70 I   0.99315 0.00000 0.00685 0.00000 ( 1)
  71 S   0.98825 0.00000 0.01175 0.00000 ( 1)
  72 V   0.99315 0.00000 0.00685 0.00000 ( 1)
  73 T   0.98912 0.00000 0.01088 0.00000 ( 1)
  74 G   0.99179 0.00000 0.00821 0.00000 ( 1)
  75 N   0.99010 0.00000 0.00990 0.00000 ( 1)
  76 G   0.99178 0.00000 0.00822 0.00000 ( 1)
  77 M   0.99411 0.00000 0.00589 0.00000 ( 1)
  78 V   0.99189 0.00000 0.00811 0.00000 ( 1)
  79 I   0.98833 0.00000 0.01167 0.00000 ( 1)
  80 Y   0.99067 0.00000 0.00933 0.00000 ( 1)
  81 I   0.99077 0.00000 0.00923 0.00000 ( 1)
  82 F   0.99318 0.00000 0.00682 0.00000 ( 1)
  83 S   0.99411 0.00000 0.00589 0.00000 ( 1)
  84 T   0.99001 0.00001 0.00998 0.00000 ( 1)
  85 T   0.98994 0.00000 0.01006 0.00000 ( 1)
  86 K   0.99065 0.00000 0.00935 0.00000 ( 1)
  87 S   0.00000 0.98466 0.00000 0.01534 ( 2)
  88 L   0.98857 0.00000 0.01143 0.00000 ( 1)
  89 K   0.98820 0.00000 0.01180 0.00000 ( 1)
  90 T   0.98912 0.00000 0.01088 0.00000 ( 1)
  91 P   0.98525 0.00000 0.01475 0.00000 ( 1)
  92 S   0.98561 0.00000 0.01439 0.00000 ( 1)
  93 N   0.99286 0.00000 0.00714 0.00000 ( 1)
  94 L   0.98724 0.00000 0.01276 0.00000 ( 1)
  95 L   0.98586 0.00000 0.01414 0.00000 ( 1)
  96 V   0.98661 0.00000 0.01339 0.00000 ( 1)
  97 V   0.98987 0.00000 0.01013 0.00000 ( 1)
  98 N   0.99009 0.00000 0.00991 0.00000 ( 1)
  99 L   0.99198 0.00000 0.00802 0.00000 ( 1)
 100 A   0.98903 0.00000 0.01097 0.00000 ( 1)
 101 F   0.99318 0.00000 0.00682 0.00000 ( 1)
 102 S   0.99080 0.00000 0.00920 0.00000 ( 1)
 103 D   0.99201 0.00000 0.00799 0.00000 ( 1)
 104 F   0.99069 0.00000 0.00931 0.00000 ( 1)
 105 L   0.98764 0.00000 0.01236 0.00000 ( 1)
 106 M   0.99411 0.00000 0.00589 0.00000 ( 1)
 107 M   0.99411 0.00000 0.00589 0.00000 ( 1)
 108 A   0.99120 0.00000 0.00880 0.00000 ( 1)
 109 M   0.00000 0.98275 0.00000 0.01725 ( 2)
 110 M   0.99411 0.00000 0.00589 0.00000 ( 1)
 111 A   0.98825 0.00000 0.01175 0.00000 ( 1)
 112 P   0.02613 0.00000 0.97387 0.00000 ( 3)
 113 P   0.55875 0.00030 0.44093 0.00002 ( 1)
 114 L   0.99411 0.00000 0.00589 0.00000 ( 1)
 115 C   0.98897 0.00000 0.01103 0.00000 ( 1)
 116 I   0.58832 0.00000 0.41168 0.00000 ( 1)
 117 N   0.99146 0.00000 0.00854 0.00000 ( 1)
 118 S   0.98760 0.00000 0.01240 0.00000 ( 1)
 119 Y   0.98689 0.00000 0.01311 0.00000 ( 1)
 120 Y   0.65973 0.00000 0.34027 0.00000 ( 1)
 121 Q   0.98861 0.00000 0.01139 0.00000 ( 1)
 122 T   0.98912 0.00000 0.01088 0.00000 ( 1)
 123 W   0.98729 0.00000 0.01271 0.00000 ( 1)
 124 V   0.98897 0.00000 0.01103 0.00000 ( 1)
 125 F   0.98729 0.00000 0.01271 0.00000 ( 1)
 126 G   0.98805 0.00000 0.01195 0.00000 ( 1)
 127 P   0.98604 0.00000 0.01396 0.00000 ( 1)
 128 V   0.99058 0.00000 0.00942 0.00000 ( 1)
 129 A   0.98655 0.00000 0.01345 0.00000 ( 1)
 130 C   0.98760 0.00000 0.01240 0.00000 ( 1)
 131 Q   0.98861 0.00000 0.01139 0.00000 ( 1)
 132 F   0.99314 0.00000 0.00686 0.00000 ( 1)
 133 Y   0.99073 0.00000 0.00927 0.00000 ( 1)
 134 A   0.98903 0.00000 0.01097 0.00000 ( 1)
 135 C   0.99120 0.00000 0.00880 0.00000 ( 1)
 136 F   0.98760 0.00000 0.01240 0.00000 ( 1)
 137 G   0.98871 0.00000 0.01129 0.00000 ( 1)
 138 S   0.98825 0.00000 0.01175 0.00000 ( 1)
 139 L   0.98396 0.00000 0.01604 0.00000 ( 1)
 140 F   0.99314 0.00000 0.00686 0.00000 ( 1)
 141 G   0.98805 0.00000 0.01195 0.00000 ( 1)
 142 C   0.98865 0.00000 0.01135 0.00000 ( 1)
 143 V   0.99109 0.00000 0.00891 0.00000 ( 1)
 144 S   0.98747 0.00000 0.01253 0.00000 ( 1)
 145 I   0.98878 0.00000 0.01122 0.00000 ( 1)
 146 W   0.98729 0.00000 0.01271 0.00000 ( 1)
 147 T   0.99230 0.00000 0.00770 0.00000 ( 1)
 148 M   0.99411 0.00000 0.00589 0.00000 ( 1)
 149 T   0.98828 0.00000 0.01172 0.00000 ( 1)
 150 A   0.99411 0.00000 0.00589 0.00000 ( 1)
 151 I   0.98821 0.00000 0.01179 0.00000 ( 1)
 152 A   0.98956 0.00000 0.01044 0.00000 ( 1)
 153 F   0.99318 0.00000 0.00682 0.00000 ( 1)
 154 D   0.99295 0.00000 0.00705 0.00000 ( 1)
 155 R   0.98969 0.00000 0.01031 0.00000 ( 1)
 156 Y   0.99076 0.00000 0.00924 0.00000 ( 1)
 157 N   0.99108 0.00000 0.00892 0.00000 ( 1)
 158 V   0.99187 0.00000 0.00813 0.00000 ( 1)
 159 I   0.99312 0.00000 0.00688 0.00000 ( 1)
 160 V   0.98987 0.00000 0.01013 0.00000 ( 1)
 161 K   0.98760 0.00000 0.01240 0.00000 ( 1)
 162 G   0.98805 0.00000 0.01195 0.00000 ( 1)
 163 I   0.99313 0.00000 0.00687 0.00000 ( 1)
 164 A   0.99211 0.00000 0.00789 0.00000 ( 1)
 165 A   0.99022 0.00000 0.00978 0.00000 ( 1)
 166 K   0.98925 0.00000 0.01075 0.00000 ( 1)
 167 P   0.98525 0.00000 0.01475 0.00000 ( 1)
 168 L   0.99411 0.00000 0.00589 0.00000 ( 1)
 169 T   0.99230 0.00000 0.00770 0.00000 ( 1)
 170 V   0.99286 0.00000 0.00714 0.00000 ( 1)
 171 N   0.99016 0.00000 0.00984 0.00000 ( 1)
 172 G   0.98437 0.00000 0.01563 0.00000 ( 1)
 173 A   0.98903 0.00000 0.01097 0.00000 ( 1)
 174 L   0.98667 0.00000 0.01333 0.00000 ( 1)
 175 L   0.98586 0.00000 0.01414 0.00000 ( 1)
 176 Q   0.98969 0.00000 0.01031 0.00000 ( 1)
 177 I   0.98651 0.00000 0.01349 0.00000 ( 1)
 178 F   0.98858 0.00000 0.01142 0.00000 ( 1)
 179 G   0.98437 0.00000 0.01563 0.00000 ( 1)
 180 V   0.99309 0.00000 0.00691 0.00000 ( 1)
 181 W   0.98729 0.00000 0.01271 0.00000 ( 1)
 182 A   0.00000 0.88769 0.00000 0.11231 ( 2)
 183 F   0.99318 0.00000 0.00682 0.00000 ( 1)
 184 S   0.98362 0.00000 0.01638 0.00000 ( 1)
 185 L   0.98555 0.00000 0.01445 0.00000 ( 1)
 186 A   0.66921 0.00000 0.33079 0.00000 ( 1)
 187 W   0.98729 0.00000 0.01271 0.00000 ( 1)
 188 T   0.98912 0.00000 0.01088 0.00000 ( 1)
 189 L   0.99026 0.00000 0.00974 0.00000 ( 1)
 190 A   0.98727 0.00000 0.01273 0.00000 ( 1)
 191 P   0.98811 0.00000 0.01189 0.00000 ( 1)
 192 I   0.99318 0.00000 0.00682 0.00000 ( 1)
 193 F   0.99318 0.00000 0.00682 0.00000 ( 1)
 194 G   0.99179 0.00000 0.00821 0.00000 ( 1)
 195 W   0.98729 0.00000 0.01271 0.00000 ( 1)
 196 S   0.99286 0.00000 0.00714 0.00000 ( 1)
 197 R   0.98548 0.00000 0.01452 0.00000 ( 1)
 198 Y   0.98690 0.00000 0.01310 0.00000 ( 1)
 199 V   0.98987 0.00000 0.01013 0.00000 ( 1)
 200 P   0.98819 0.00000 0.01181 0.00000 ( 1)
 201 E   0.98861 0.00000 0.01139 0.00000 ( 1)
 202 G   0.98437 0.00000 0.01563 0.00000 ( 1)
 203 N   0.99286 0.00000 0.00714 0.00000 ( 1)
 204 M   0.99411 0.00000 0.00589 0.00000 ( 1)
 205 T   0.98767 0.00000 0.01233 0.00000 ( 1)
 206 A   0.98653 0.00000 0.01347 0.00000 ( 1)
 207 C   0.99120 0.00000 0.00880 0.00000 ( 1)
 208 G   0.98755 0.00000 0.01245 0.00000 ( 1)
 209 T   0.99229 0.00000 0.00771 0.00000 ( 1)
 210 D   0.99295 0.00000 0.00705 0.00000 ( 1)
 211 Y   0.98889 0.00000 0.01111 0.00000 ( 1)
 212 L   0.98986 0.00000 0.01014 0.00000 ( 1)
 213 S   0.00000 0.98275 0.00000 0.01725 ( 2)
 214 K   0.99053 0.00000 0.00947 0.00000 ( 1)
 215 D   0.99033 0.00000 0.00967 0.00000 ( 1)
 216 L   0.98729 0.00000 0.01271 0.00000 ( 1)
 217 L   0.00000 0.97233 0.00000 0.02767 ( 2)
 218 S   0.99261 0.00000 0.00739 0.00000 ( 1)
 219 Q   0.98969 0.00000 0.01031 0.00000 ( 1)
 220 I   0.99260 0.00000 0.00740 0.00000 ( 1)
 221 Y   0.99076 0.00000 0.00924 0.00000 ( 1)
 222 I   0.99231 0.00000 0.00769 0.00000 ( 1)
 223 I   0.98586 0.00000 0.01414 0.00000 ( 1)
 224 T   0.75312 0.00000 0.24688 0.00000 ( 1)
 225 Y   0.98889 0.00000 0.01111 0.00000 ( 1)
 226 S   0.99171 0.00000 0.00829 0.00000 ( 1)
 227 I   0.99190 0.00000 0.00810 0.00000 ( 1)
 228 A   0.99318 0.00000 0.00682 0.00000 ( 1)
 229 C   0.99108 0.00000 0.00892 0.00000 ( 1)
 230 Y   0.99076 0.00000 0.00924 0.00000 ( 1)
 231 F   0.99318 0.00000 0.00682 0.00000 ( 1)
 232 L   0.00000 0.98715 0.00000 0.01285 ( 2)
 233 P   0.98662 0.00000 0.01338 0.00000 ( 1)
 234 L   0.98857 0.00000 0.01143 0.00000 ( 1)
 235 A   0.98586 0.00000 0.01414 0.00000 ( 1)
 236 L   0.99202 0.00000 0.00798 0.00000 ( 1)
 237 I   0.99315 0.00000 0.00685 0.00000 ( 1)
 238 V   0.99315 0.00000 0.00685 0.00000 ( 1)
 239 Y   0.99076 0.00000 0.00924 0.00000 ( 1)
 240 S   0.99009 0.00000 0.00991 0.00000 ( 1)
 241 Y   0.98723 0.00000 0.01277 0.00000 ( 1)
 242 F   0.99318 0.00000 0.00682 0.00000 ( 1)
 243 F   0.99318 0.00000 0.00682 0.00000 ( 1)
 244 I   0.99253 0.00000 0.00747 0.00000 ( 1)
 245 V   0.99167 0.00000 0.00833 0.00000 ( 1)
 246 Q   0.98702 0.00000 0.01298 0.00000 ( 1)
 247 A   0.98790 0.00000 0.01210 0.00000 ( 1)
 248 V   0.98661 0.00000 0.01339 0.00000 ( 1)
 249 A   0.98653 0.00000 0.01347 0.00000 ( 1)
 250 A   0.64276 0.00000 0.35724 0.00000 ( 1)
 251 H   0.99145 0.00000 0.00855 0.00000 ( 1)
 252 E   0.98861 0.00000 0.01139 0.00000 ( 1)
 253 K   0.59629 0.00000 0.40371 0.00000 ( 1)
 254 A   0.74251 0.00000 0.25749 0.00000 ( 1)
 255 M   0.99411 0.00000 0.00589 0.00000 ( 1)
 256 R   0.99029 0.00000 0.00971 0.00000 ( 1)
 257 E   0.98861 0.00000 0.01139 0.00000 ( 1)
 258 Q   0.98419 0.00000 0.01581 0.00000 ( 1)
 259 A   0.98903 0.00000 0.01097 0.00000 ( 1)
 260 K   0.99065 0.00000 0.00935 0.00000 ( 1)
 261 K   0.98820 0.00000 0.01180 0.00000 ( 1)
 262 M   0.99411 0.00000 0.00589 0.00000 ( 1)
 263 N   0.99283 0.00000 0.00717 0.00000 ( 1)
 264 V   0.99181 0.00000 0.00819 0.00000 ( 1)
 265 A   0.98903 0.00000 0.01097 0.00000 ( 1)
 266 S   0.98825 0.00000 0.01175 0.00000 ( 1)
 267 L   0.98859 0.00000 0.01141 0.00000 ( 1)
 268 R   0.99029 0.00000 0.00971 0.00000 ( 1)
 269 S   0.98824 0.00000 0.01176 0.00000 ( 1)
 270 S   0.98825 0.00000 0.01175 0.00000 ( 1)
 271 E   0.98860 0.00000 0.01140 0.00000 ( 1)
 272 Q   0.98977 0.00000 0.01023 0.00000 ( 1)
 273 A   0.99064 0.00000 0.00936 0.00000 ( 1)
 274 N   0.99009 0.00000 0.00991 0.00000 ( 1)
 275 T   0.99225 0.00000 0.00775 0.00000 ( 1)
 276 S   0.99261 0.00000 0.00739 0.00000 ( 1)
 277 A   0.98653 0.00000 0.01347 0.00000 ( 1)
 278 E   0.99092 0.00000 0.00908 0.00000 ( 1)
 279 C   0.99120 0.00000 0.00880 0.00000 ( 1)
 280 K   0.98820 0.00000 0.01180 0.00000 ( 1)
 281 L   0.98060 0.00000 0.01940 0.00000 ( 1)
 282 A   0.98653 0.00000 0.01347 0.00000 ( 1)
 283 K   0.99065 0.00000 0.00935 0.00000 ( 1)
 284 V   0.98661 0.00000 0.01339 0.00000 ( 1)
 285 A   0.98903 0.00000 0.01097 0.00000 ( 1)
 286 L   0.98382 0.00000 0.01618 0.00000 ( 1)
 287 M   0.99411 0.00000 0.00589 0.00000 ( 1)
 288 T   0.98939 0.00000 0.01061 0.00000 ( 1)
 289 I   0.98832 0.00000 0.01168 0.00000 ( 1)
 290 S   0.98825 0.00000 0.01175 0.00000 ( 1)
 291 L   0.98586 0.00000 0.01414 0.00000 ( 1)
 292 W   0.98729 0.00000 0.01271 0.00000 ( 1)
 293 F   0.99318 0.00000 0.00682 0.00000 ( 1)
 294 M   0.99411 0.00000 0.00589 0.00000 ( 1)
 295 A   0.98983 0.00000 0.01017 0.00000 ( 1)
 296 W   0.98729 0.00000 0.01271 0.00000 ( 1)
 297 T   0.98696 0.00000 0.01304 0.00000 ( 1)
 298 P   0.98662 0.00000 0.01338 0.00000 ( 1)
 299 Y   0.99076 0.00000 0.00924 0.00000 ( 1)
 300 L   0.99204 0.00000 0.00796 0.00000 ( 1)
 301 V   0.98792 0.00000 0.01208 0.00000 ( 1)
 302 I   0.99315 0.00000 0.00685 0.00000 ( 1)
 303 N   0.99286 0.00000 0.00714 0.00000 ( 1)
 304 F   0.99076 0.00000 0.00924 0.00000 ( 1)
 305 A   0.99082 0.00000 0.00918 0.00000 ( 1)
 306 G   0.98805 0.00000 0.01195 0.00000 ( 1)
 307 V   0.99189 0.00000 0.00811 0.00000 ( 1)
 308 F   0.99251 0.00000 0.00749 0.00000 ( 1)
 309 E   0.99092 0.00000 0.00908 0.00000 ( 1)
 310 T   0.98947 0.00000 0.01053 0.00000 ( 1)
 311 A   0.04328 0.00000 0.95672 0.00000 ( 3)
 312 P   0.98870 0.00000 0.01130 0.00000 ( 1)
 313 I   0.99315 0.00000 0.00685 0.00000 ( 1)
 314 S   0.99257 0.00000 0.00743 0.00000 ( 1)
 315 P   0.98811 0.00000 0.01189 0.00000 ( 1)
 316 L   0.99213 0.00000 0.00787 0.00000 ( 1)
 317 S   0.99082 0.00000 0.00918 0.00000 ( 1)
 318 T   0.99230 0.00000 0.00770 0.00000 ( 1)
 319 I   0.99315 0.00000 0.00685 0.00000 ( 1)
 320 W   0.98729 0.00000 0.01271 0.00000 ( 1)
 321 G   0.99178 0.00000 0.00822 0.00000 ( 1)
 322 S   0.98358 0.00000 0.01642 0.00000 ( 1)
 323 V   0.99214 0.00000 0.00786 0.00000 ( 1)
 324 F   0.99303 0.00000 0.00697 0.00000 ( 1)
 325 A   0.98944 0.00000 0.01056 0.00000 ( 1)
 326 K   0.99065 0.00000 0.00935 0.00000 ( 1)
 327 A   0.98903 0.00000 0.01097 0.00000 ( 1)
 328 N   0.99277 0.00000 0.00723 0.00000 ( 1)
 329 A   0.99211 0.00000 0.00789 0.00000 ( 1)
 330 V   0.99189 0.00000 0.00811 0.00000 ( 1)
 331 Y   0.99076 0.00000 0.00924 0.00000 ( 1)
 332 N   0.99009 0.00000 0.00991 0.00000 ( 1)
 333 P   0.98811 0.00000 0.01189 0.00000 ( 1)
 334 I   0.99076 0.00000 0.00924 0.00000 ( 1)
 335 V   0.98661 0.00000 0.01339 0.00000 ( 1)
 336 Y   0.98894 0.00000 0.01106 0.00000 ( 1)
 337 G   0.98806 0.00000 0.01194 0.00000 ( 1)
 338 I   0.99315 0.00000 0.00685 0.00000 ( 1)
 339 S   0.99163 0.00000 0.00837 0.00000 ( 1)
 340 H   0.98853 0.00000 0.01147 0.00000 ( 1)
 341 P   0.98811 0.00000 0.01189 0.00000 ( 1)
 342 K   0.98820 0.00000 0.01180 0.00000 ( 1)
 343 Y   0.99073 0.00000 0.00927 0.00000 ( 1)
 344 R   0.98969 0.00000 0.01031 0.00000 ( 1)
 345 A   0.99210 0.00000 0.00790 0.00000 ( 1)
 346 A   0.98861 0.00000 0.01139 0.00000 ( 1)
 347 L   0.98957 0.00000 0.01043 0.00000 ( 1)
 348 Y   0.99076 0.00000 0.00924 0.00000 ( 1)
 349 Q   0.99065 0.00000 0.00935 0.00000 ( 1)
 350 R   0.99065 0.00000 0.00935 0.00000 ( 1)
 351 F   0.99318 0.00000 0.00682 0.00000 ( 1)
 352 P   0.99180 0.00000 0.00820 0.00000 ( 1)
 353 S   0.98805 0.00000 0.01195 0.00000 ( 1)
 354 L   0.98586 0.00000 0.01414 0.00000 ( 1)
 355 A   0.98805 0.00000 0.01195 0.00000 ( 1)
 356 C   0.99120 0.00000 0.00880 0.00000 ( 1)
 357 Q   0.98702 0.00000 0.01298 0.00000 ( 1)
 358 P   0.98844 0.00035 0.01121 0.00001 ( 1)
 359 S   0.98805 0.00000 0.01195 0.00000 ( 1)
 360 P   0.98896 0.00000 0.01104 0.00000 ( 1)
 361 E   0.99089 0.00000 0.00911 0.00000 ( 1)
 362 E   0.98863 0.00000 0.01137 0.00000 ( 1)
 363 T   0.00000 0.98331 0.00000 0.01669 ( 2)
 364 G   0.72430 0.00000 0.27570 0.00000 ( 1)
 365 S   0.99171 0.00000 0.00829 0.00000 ( 1)
 366 V   0.98987 0.00000 0.01013 0.00000 ( 1)
 367 A   0.99072 0.00000 0.00928 0.00000 ( 1)
 368 S   0.98825 0.00000 0.01175 0.00000 ( 1)
 369 A   0.98590 0.00000 0.01410 0.00000 ( 1)
 370 A   0.99209 0.00000 0.00791 0.00000 ( 1)
 371 T   0.99230 0.00000 0.00770 0.00000 ( 1)
 372 A   0.99209 0.00000 0.00791 0.00000 ( 1)
 373 C   0.98144 0.00000 0.01856 0.00000 ( 1)
 374 T   0.33171 0.00000 0.66829 0.00000 ( 3)
 375 E   0.99088 0.00000 0.00912 0.00000 ( 1)
 376 E   0.99091 0.00000 0.00909 0.00000 ( 1)
 377 K   0.99065 0.00000 0.00935 0.00000 ( 1)
 378 P   0.98921 0.00000 0.01079 0.00000 ( 1)
 379 S   0.98915 0.00000 0.01085 0.00000 ( 1)
 380 A   0.98813 0.00000 0.01187 0.00000 ( 1)

