Supplemental results for CODEML (seqf: align.fa  treef: tree.nwk)


MLEs of dN/dS (w) for site classes (K=3)

p:   0.95866  0.04134  0.00000
w:   0.03912  1.00000 124.19937
(note that p[2] is zero)


Naive Empirical Bayes (NEB) probabilities for 3 classes & postmean_w & P(w>1)
(amino acids refer to 1st sequence: ColCroc|Blue5)

   1 N   1.00000 0.00000 0.00000 ( 1)  0.039  0.000
   2 V   1.00000 0.00000 0.00000 ( 1)  0.039  0.000
   3 N   0.00000 1.00000 0.00000 ( 2)  1.000  0.000
   4 N   1.00000 0.00000 0.00000 ( 1)  0.039  0.000
   5 F   1.00000 0.00000 0.00000 ( 1)  0.039  0.000
   6 S   1.00000 0.00000 0.00000 ( 1)  0.039  0.000
   7 A   0.45625 0.54375 0.00000 ( 2)  0.562  0.000
   8 E   0.00000 1.00000 0.00000 ( 2)  1.000  0.000
   9 A   1.00000 0.00000 0.00000 ( 1)  0.039  0.000
  10 R   1.00000 0.00000 0.00000 ( 1)  0.039  0.000
  11 P   1.00000 0.00000 0.00000 ( 1)  0.039  0.000
  12 V   1.00000 0.00000 0.00000 ( 1)  0.039  0.000
  13 A   1.00000 0.00000 0.00000 ( 1)  0.039  0.000
  14 Y   0.99999 0.00001 0.00000 ( 1)  0.039  0.000
  15 P   1.00000 0.00000 0.00000 ( 1)  0.039  0.000
  16 F   1.00000 0.00000 0.00000 ( 1)  0.039  0.000
  17 K   1.00000 0.00000 0.00000 ( 1)  0.039  0.000
  18 M   1.00000 0.00000 0.00000 ( 1)  0.039  0.000
  19 V   1.00000 0.00000 0.00000 ( 1)  0.039  0.000
  20 S   1.00000 0.00000 0.00000 ( 1)  0.039  0.000
  21 D   0.00000 1.00000 0.00000 ( 2)  1.000  0.000
  22 E   1.00000 0.00000 0.00000 ( 1)  0.039  0.000
  23 V   1.00000 0.00000 0.00000 ( 1)  0.039  0.000
  24 Q   1.00000 0.00000 0.00000 ( 1)  0.039  0.000
  25 Q   1.00000 0.00000 0.00000 ( 1)  0.039  0.000
  26 N   1.00000 0.00000 0.00000 ( 1)  0.039  0.000
  27 M   1.00000 0.00000 0.00000 ( 1)  0.039  0.000
  28 L   1.00000 0.00000 0.00000 ( 1)  0.039  0.000
  29 G   1.00000 0.00000 0.00000 ( 1)  0.039  0.000
  30 W   1.00000 0.00000 0.00000 ( 1)  0.039
  31 N   1.00000 0.00000 0.00000 ( 1)  0.039  0.000
  32 V   1.00000 0.00000 0.00000 ( 1)  0.039  0.000
  33 P   1.00000 0.00000 0.00000 ( 1)  0.039  0.000
  34 S   1.00000 0.00000 0.00000 ( 1)  0.039  0.000
  35 E   1.00000 0.00000 0.00000 ( 1)  0.039  0.000
  36 Y   1.00000 0.00000 0.00000 ( 1)  0.039  0.000
  37 Q   1.00000 0.00000 0.00000 ( 1)  0.039  0.000
  38 D   1.00000 0.00000 0.00000 ( 1)  0.039  0.000
  39 L   1.00000 0.00000 0.00000 ( 1)  0.039  0.000
  40 V   1.00000 0.00000 0.00000 ( 1)  0.039  0.000
  41 H   1.00000 0.00000 0.00000 ( 1)  0.039  0.000
  42 D   1.00000 0.00000 0.00000 ( 1)  0.039  0.000
  43 H   1.00000 0.00000 0.00000 ( 1)  0.039  0.000
  44 W   1.00000 0.00000 0.00000 ( 1)  0.039
  45 R   1.00000 0.00000 0.00000 ( 1)  0.039  0.000
  46 N   1.00000 0.00000 0.00000 ( 1)  0.039  0.000
  47 F   1.00000 0.00000 0.00000 ( 1)  0.039  0.000
  48 A   1.00000 0.00000 0.00000 ( 1)  0.039  0.000
  49 A   1.00000 0.00000 0.00000 ( 1)  0.039  0.000
  50 I   1.00000 0.00000 0.00000 ( 1)  0.039  0.000
  51 D   1.00000 0.00000 0.00000 ( 1)  0.039  0.000
  52 K   1.00000 0.00000 0.00000 ( 1)  0.039  0.000
  53 F   1.00000 0.00000 0.00000 ( 1)  0.039  0.000
  54 W   1.00000 0.00000 0.00000 ( 1)  0.039
  55 H   1.00000 0.00000 0.00000 ( 1)  0.039  0.000
  56 Y   1.00000 0.00000 0.00000 ( 1)  0.039  0.000
  57 C   1.00000 0.00000 0.00000 ( 1)  0.039  0.000
  58 L   1.00000 0.00000 0.00000 ( 1)  0.039  0.000
  59 A   1.00000 0.00000 0.00000 ( 1)  0.039  0.000
  60 L   1.00000 0.00000 0.00000 ( 1)  0.039  0.000
  61 I   1.00000 0.00000 0.00000 ( 1)  0.039  0.000
  62 Y   1.00000 0.00000 0.00000 ( 1)  0.039  0.000
  63 M   1.00000 0.00000 0.00000 ( 1)  0.039  0.000
  64 I   1.00000 0.00000 0.00000 ( 1)  0.039  0.000
  65 L   1.00000 0.00000 0.00000 ( 1)  0.039  0.000
  66 W   1.00000 0.00000 0.00000 ( 1)  0.039  0.000
  67 I   0.94828 0.05172 0.00000 ( 1)  0.089  0.000
  68 S   1.00000 0.00000 0.00000 ( 1)  0.039  0.000
  69 S   1.00000 0.00000 0.00000 ( 1)  0.039  0.000
  70 V   1.00000 0.00000 0.00000 ( 1)  0.039  0.000
  71 C   1.00000 0.00000 0.00000 ( 1)  0.039  0.000
  72 G   1.00000 0.00000 0.00000 ( 1)  0.039  0.000
  73 N   1.00000 0.00000 0.00000 ( 1)  0.039  0.000
  74 G   1.00000 0.00000 0.00000 ( 1)  0.039  0.000
  75 I   1.00000 0.00000 0.00000 ( 1)  0.039  0.000
  76 V   1.00000 0.00000 0.00000 ( 1)  0.039  0.000
  77 V   1.00000 0.00000 0.00000 ( 1)  0.039  0.000
  78 W   1.00000 0.00000 0.00000 ( 1)  0.039
  79 I   1.00000 0.00000 0.00000 ( 1)  0.039  0.000
  80 F   1.00000 0.00000 0.00000 ( 1)  0.039  0.000
  81 S   1.00000 0.00000 0.00000 ( 1)  0.039  0.000
  82 T   1.00000 0.00000 0.00000 ( 1)  0.039  0.000
  83 S   1.00000 0.00000 0.00000 ( 1)  0.039  0.000
  84 K   1.00000 0.00000 0.00000 ( 1)  0.039
  85 S   1.00000 0.00000 0.00000 ( 1)  0.039  0.000
  86 L   1.00000 0.00000 0.00000 ( 1)  0.039  0.000
  87 R   1.00000 0.00000 0.00000 ( 1)  0.039  0.000
  88 S   1.00000 0.00000 0.00000 ( 1)  0.039  0.000
  89 A   1.00000 0.00000 0.00000 ( 1)  0.039  0.000
  90 S   1.00000 0.00000 0.00000 ( 1)  0.039  0.000
  91 N   1.00000 0.00000 0.00000 ( 1)  0.039  0.000
  92 M   1.00000 0.00000 0.00000 ( 1)  0.039  0.000
  93 F   1.00000 0.00000 0.00000 ( 1)  0.039  0.000
  94 I   1.00000 0.00000 0.00000 ( 1)  0.039  0.000
  95 V   1.00000 0.00000 0.00000 ( 1)  0.039  0.000
  96 N   1.00000 0.00000 0.00000 ( 1)  0.039  0.000
  97 L   1.00000 0.00000 0.00000 ( 1)  0.039  0.000
  98 A   1.00000 0.00000 0.00000 ( 1)  0.039  0.000
  99 L   1.00000 0.00000 0.00000 ( 1)  0.039  0.000
 100 F   1.00000 0.00000 0.00000 ( 1)  0.039  0.000
 101 D   1.00000 0.00000 0.00000 ( 1)  0.039  0.000
 102 M   1.00000 0.00000 0.00000 ( 1)  0.039  0.000
 103 V   1.00000 0.00000 0.00000 ( 1)  0.039  0.000
 104 M   1.00000 0.00000 0.00000 ( 1)  0.039  0.000
 105 M   1.00000 0.00000 0.00000 ( 1)  0.039  0.000
 106 I   0.98664 0.01336 0.00000 ( 1)  0.052  0.000
 107 E   1.00000 0.00000 0.00000 ( 1)  0.039  0.000
 108 M   1.00000 0.00000 0.00000 ( 1)  0.039  0.000
 109 P   1.00000 0.00000 0.00000 ( 1)  0.039  0.000
 110 H   1.00000 0.00000 0.00000 ( 1)  0.039  0.000
 111 L   1.00000 0.00000 0.00000 ( 1)  0.039  0.000
 112 I   1.00000 0.00000 0.00000 ( 1)  0.039  0.000
 113 I   0.00000 1.00000 0.00000 ( 2)  1.000  0.000
 114 N   1.00000 0.00000 0.00000 ( 1)  0.039  0.000
 115 S   1.00000 0.00000 0.00000 ( 1)  0.039  0.000
 116 F   1.00000 0.00000 0.00000 ( 1)  0.039  0.000
 117 Y   1.00000 0.00000 0.00000 ( 1)  0.039  0.000
 118 Q   1.00000 0.00000 0.00000 ( 1)  0.039
 119 K   1.00000 0.00000 0.00000 ( 1)  0.039  0.000
 120 M   1.00000 0.00000 0.00000 ( 1)  0.039  0.000
 121 I   1.00000 0.00000 0.00000 ( 1)  0.039  0.000
 122 G   1.00000 0.00000 0.00000 ( 1)  0.039  0.000
 123 Y   1.00000 0.00000 0.00000 ( 1)  0.039  0.000
 124 Q   1.00000 0.00000 0.00000 ( 1)  0.039
 125 V   1.00000 0.00000 0.00000 ( 1)  0.039  0.000
 126 G   1.00000 0.00000 0.00000 ( 1)  0.039  0.000
 127 C   1.00000 0.00000 0.00000 ( 1)  0.039
 128 D   1.00000 0.00000 0.00000 ( 1)  0.039  0.000
 129 I   1.00000 0.00000 0.00000 ( 1)  0.039  0.000
 130 Y   1.00000 0.00000 0.00000 ( 1)  0.039  0.000
 131 A   1.00000 0.00000 0.00000 ( 1)  0.039  0.000
 132 T   1.00000 0.00000 0.00000 ( 1)  0.039  0.000
 133 L   1.00000 0.00000 0.00000 ( 1)  0.039  0.000
 134 G   1.00000 0.00000 0.00000 ( 1)  0.039  0.000
 135 S   1.00000 0.00000 0.00000 ( 1)  0.039  0.000
 136 I   1.00000 0.00000 0.00000 ( 1)  0.039  0.000
 137 S   1.00000 0.00000 0.00000 ( 1)  0.039  0.000
 138 G   1.00000 0.00000 0.00000 ( 1)  0.039  0.000
 139 I   1.00000 0.00000 0.00000 ( 1)  0.039  0.000
 140 G   1.00000 0.00000 0.00000 ( 1)  0.039  0.000
 141 A   1.00000 0.00000 0.00000 ( 1)  0.039  0.000
 142 A   1.00000 0.00000 0.00000 ( 1)  0.039  0.000
 143 I   1.00000 0.00000 0.00000 ( 1)  0.039  0.000
 144 S   1.00000 0.00000 0.00000 ( 1)  0.039  0.000
 145 N   1.00000 0.00000 0.00000 ( 1)  0.039  0.000
 146 A   1.00000 0.00000 0.00000 ( 1)  0.039  0.000
 147 V   1.00000 0.00000 0.00000 ( 1)  0.039  0.000
 148 I   1.00000 0.00000 0.00000 ( 1)  0.039  0.000
 149 A   1.00000 0.00000 0.00000 ( 1)  0.039  0.000
 150 Y   1.00000 0.00000 0.00000 ( 1)  0.039  0.000
 151 D   1.00000 0.00000 0.00000 ( 1)  0.039  0.000
 152 R   1.00000 0.00000 0.00000 ( 1)  0.039
 153 Y   1.00000 0.00000 0.00000 ( 1)  0.039  0.000
 154 K   1.00000 0.00000 0.00000 ( 1)  0.039  0.000
 155 T   1.00000 0.00000 0.00000 ( 1)  0.039  0.000
 156 I   1.00000 0.00000 0.00000 ( 1)  0.039  0.000
 157 S   1.00000 0.00000 0.00000 ( 1)  0.039  0.000
 158 C   1.00000 0.00000 0.00000 ( 1)  0.039  0.000
 159 P   1.00000 0.00000 0.00000 ( 1)  0.039  0.000
 160 I   1.00000 0.00000 0.00000 ( 1)  0.039  0.000
 161 D   1.00000 0.00000 0.00000 ( 1)  0.039  0.000
 162 G   1.00000 0.00000 0.00000 ( 1)  0.039  0.000
 163 R   1.00000 0.00000 0.00000 ( 1)  0.039  0.000
 164 I   1.00000 0.00000 0.00000 ( 1)  0.039  0.000
 165 N   1.00000 0.00000 0.00000 ( 1)  0.039  0.000
 166 K   1.00000 0.00000 0.00000 ( 1)  0.039  0.000
 167 V   1.00000 0.00000 0.00000 ( 1)  0.039  0.000
 168 Q   1.00000 0.00000 0.00000 ( 1)  0.039
 169 A   1.00000 0.00000 0.00000 ( 1)  0.039  0.000
 170 S   0.00000 1.00000 0.00000 ( 2)  1.000  0.000
 171 I   1.00000 0.00000 0.00000 ( 1)  0.039  0.000
 172 L   1.00000 0.00000 0.00000 ( 1)  0.039  0.000
 173 I   1.00000 0.00000 0.00000 ( 1)  0.039  0.000
 174 A   0.00006 0.99994 0.00000 ( 2)  1.000  0.000
 175 F   1.00000 0.00000 0.00000 ( 1)  0.039  0.000
 176 T   1.00000 0.00000 0.00000 ( 1)  0.039  0.000
 177 W   1.00000 0.00000 0.00000 ( 1)  0.039
 178 F   1.00000 0.00000 0.00000 ( 1)  0.039  0.000
 179 W   1.00000 0.00000 0.00000 ( 1)  0.039
 180 T   1.00000 0.00000 0.00000 ( 1)  0.039  0.000
 181 L   0.00050 0.99950 0.00000 ( 2)  1.000  0.000
 182 P   1.00000 0.00000 0.00000 ( 1)  0.039  0.000
 183 F   1.00000 0.00000 0.00000 ( 1)  0.039  0.000
 184 T   1.00000 0.00000 0.00000 ( 1)  0.039  0.000
 185 I   1.00000 0.00000 0.00000 ( 1)  0.039  0.000
 186 L   1.00000 0.00000 0.00000 ( 1)  0.039  0.000
 187 P   1.00000 0.00000 0.00000 ( 1)  0.039  0.000
 188 L   1.00000 0.00000 0.00000 ( 1)  0.039  0.000
 189 L   1.00000 0.00000 0.00000 ( 1)  0.039  0.000
 190 K   1.00000 0.00000 0.00000 ( 1)  0.039  0.000
 191 V   1.00000 0.00000 0.00000 ( 1)  0.039  0.000
 192 W   1.00000 0.00000 0.00000 ( 1)  0.039
 193 G   1.00000 0.00000 0.00000 ( 1)  0.039  0.000
 194 K   1.00000 0.00000 0.00000 ( 1)  0.039  0.000
 195 F   1.00000 0.00000 0.00000 ( 1)  0.039  0.000
 196 V   1.00000 0.00000 0.00000 ( 1)  0.039  0.000
 197 P   1.00000 0.00000 0.00000 ( 1)  0.039
 198 E   1.00000 0.00000 0.00000 ( 1)  0.039  0.000
 199 G   1.00000 0.00000 0.00000 ( 1)  0.039  0.000
 200 F   1.00000 0.00000 0.00000 ( 1)  0.039  0.000
 201 L   1.00000 0.00000 0.00000 ( 1)  0.039  0.000
 202 T   1.00000 0.00000 0.00000 ( 1)  0.039  0.000
 203 T   1.00000 0.00000 0.00000 ( 1)  0.039  0.000
 204 C   1.00000 0.00000 0.00000 ( 1)  0.039
 205 S   1.00000 0.00000 0.00000 ( 1)  0.039  0.000
 206 F   1.00000 0.00000 0.00000 ( 1)  0.039  0.000
 207 D   1.00000 0.00000 0.00000 ( 1)  0.039  0.000
 208 Y   1.00000 0.00000 0.00000 ( 1)  0.039  0.000
 209 F   1.00000 0.00000 0.00000 ( 1)  0.039  0.000
 210 T   1.00000 0.00000 0.00000 ( 1)  0.039  0.000
 211 D   1.00000 0.00000 0.00000 ( 1)  0.039  0.000
 212 D   1.00000 0.00000 0.00000 ( 1)  0.039  0.000
 213 E   1.00000 0.00000 0.00000 ( 1)  0.039  0.000
 214 D   1.00000 0.00000 0.00000 ( 1)  0.039  0.000
 215 T   1.00000 0.00000 0.00000 ( 1)  0.039  0.000
 216 K   1.00000 0.00000 0.00000 ( 1)  0.039  0.000
 217 V   1.00000 0.00000 0.00000 ( 1)  0.039  0.000
 218 F   1.00000 0.00000 0.00000 ( 1)  0.039  0.000
 219 V   1.00000 0.00000 0.00000 ( 1)  0.039  0.000
 220 A   1.00000 0.00000 0.00000 ( 1)  0.039  0.000
 221 C   1.00000 0.00000 0.00000 ( 1)  0.039  0.000
 222 I   1.00000 0.00000 0.00000 ( 1)  0.039  0.000
 223 F   1.00000 0.00000 0.00000 ( 1)  0.039  0.000
 224 V   1.00000 0.00000 0.00000 ( 1)  0.039  0.000
 225 W   1.00000 0.00000 0.00000 ( 1)  0.039
 226 S   1.00000 0.00000 0.00000 ( 1)  0.039  0.000
 227 Y   1.00000 0.00000 0.00000 ( 1)  0.039  0.000
 228 C   1.00000 0.00000 0.00000 ( 1)  0.039  0.000
 229 F   1.00000 0.00000 0.00000 ( 1)  0.039  0.000
 230 P   1.00000 0.00000 0.00000 ( 1)  0.039  0.000
 231 M   1.00000 0.00000 0.00000 ( 1)  0.039  0.000
 232 A   0.00000 1.00000 0.00000 ( 2)  1.000  0.000
 233 L   1.00000 0.00000 0.00000 ( 1)  0.039  0.000
 234 I   1.00000 0.00000 0.00000 ( 1)  0.039  0.000
 235 C   1.00000 0.00000 0.00000 ( 1)  0.039
 236 I   1.00000 0.00000 0.00000 ( 1)  0.039  0.000
 237 F   1.00000 0.00000 0.00000 ( 1)  0.039  0.000
 238 Y   1.00000 0.00000 0.00000 ( 1)  0.039  0.000
 239 S   1.00000 0.00000 0.00000 ( 1)  0.039  0.000
 240 K   1.00000 0.00000 0.00000 ( 1)  0.039  0.000
 241 L   1.00000 0.00000 0.00000 ( 1)  0.039  0.000
 242 F   1.00000 0.00000 0.00000 ( 1)  0.039  0.000
 243 T   1.00000 0.00000 0.00000 ( 1)  0.039  0.000
 244 A   1.00000 0.00000 0.00000 ( 1)  0.039  0.000
 245 V   1.00000 0.00000 0.00000 ( 1)  0.039  0.000
 246 R   1.00000 0.00000 0.00000 ( 1)  0.039
 247 L   1.00000 0.00000 0.00000 ( 1)  0.039  0.000
 248 H   1.00000 0.00000 0.00000 ( 1)  0.039  0.000
 249 E   1.00000 0.00000 0.00000 ( 1)  0.039  0.000
 250 K   1.00000 0.00000 0.00000 ( 1)  0.039  0.000
 251 M   1.00000 0.00000 0.00000 ( 1)  0.039  0.000
 252 L   1.00000 0.00000 0.00000 ( 1)  0.039  0.000
 253 K   0.00000 1.00000 0.00000 ( 2)  1.000  0.000
 254 E   1.00000 0.00000 0.00000 ( 1)  0.039  0.000
 255 Q   1.00000 0.00000 0.00000 ( 1)  0.039
 256 A   1.00000 0.00000 0.00000 ( 1)  0.039  0.000
 257 K   1.00000 0.00000 0.00000 ( 1)  0.039  0.000
 258 K   1.00000 0.00000 0.00000 ( 1)  0.039  0.000
 259 M   1.00000 0.00000 0.00000 ( 1)  0.039  0.000
 260 N   1.00000 0.00000 0.00000 ( 1)  0.039  0.000
 261 V   1.00000 0.00000 0.00000 ( 1)  0.039  0.000
 262 K   1.00000 0.00000 0.00000 ( 1)  0.039  0.000
 263 S   1.00000 0.00000 0.00000 ( 1)  0.039  0.000
 264 L   1.00000 0.00000 0.00000 ( 1)  0.039  0.000
 265 A   1.00000 0.00000 0.00000 ( 1)  0.039  0.000
 266 S   1.00000 0.00000 0.00000 ( 1)  0.039  0.000
 267 N   1.00000 0.00000 0.00000 ( 1)  0.039  0.000
 268 K   1.00000 0.00000 0.00000 ( 1)  0.039  0.000
 269 E   1.00000 0.00000 0.00000 ( 1)  0.039  0.000
 270 D   1.00000 0.00000 0.00000 ( 1)  0.039  0.000
 271 A   1.00000 0.00000 0.00000 ( 1)  0.039  0.000
 272 G   1.00000 0.00000 0.00000 ( 1)  0.039  0.000
 273 K   1.00000 0.00000 0.00000 ( 1)  0.039  0.000
 274 S   1.00000 0.00000 0.00000 ( 1)  0.039  0.000
 275 V   1.00000 0.00000 0.00000 ( 1)  0.039  0.000
 276 E   1.00000 0.00000 0.00000 ( 1)  0.039  0.000
 277 I   1.00000 0.00000 0.00000 ( 1)  0.039  0.000
 278 R   1.00000 0.00000 0.00000 ( 1)  0.039  0.000
 279 I   1.00000 0.00000 0.00000 ( 1)  0.039  0.000
 280 A   1.00000 0.00000 0.00000 ( 1)  0.039  0.000
 281 K   1.00000 0.00000 0.00000 ( 1)  0.039  0.000
 282 V   1.00000 0.00000 0.00000 ( 1)  0.039  0.000
 283 A   1.00000 0.00000 0.00000 ( 1)  0.039  0.000
 284 F   1.00000 0.00000 0.00000 ( 1)  0.039  0.000
 285 T   1.00000 0.00000 0.00000 ( 1)  0.039  0.000
 286 I   1.00000 0.00000 0.00000 ( 1)  0.039  0.000
 287 F   1.00000 0.00000 0.00000 ( 1)  0.039  0.000
 288 F   1.00000 0.00000 0.00000 ( 1)  0.039  0.000
 289 L   1.00000 0.00000 0.00000 ( 1)  0.039  0.000
 290 F   1.00000 0.00000 0.00000 ( 1)  0.039  0.000
 291 V   1.00000 0.00000 0.00000 ( 1)  0.039  0.000
 292 C   1.00000 0.00000 0.00000 ( 1)  0.039
 293 A   1.00000 0.00000 0.00000 ( 1)  0.039  0.000
 294 W   1.00000 0.00000 0.00000 ( 1)  0.039
 295 T   1.00000 0.00000 0.00000 ( 1)  0.039  0.000
 296 P   1.00000 0.00000 0.00000 ( 1)  0.039  0.000
 297 Y   1.00000 0.00000 0.00000 ( 1)  0.039  0.000
 298 A   1.00000 0.00000 0.00000 ( 1)  0.039  0.000
 299 V   1.00000 0.00000 0.00000 ( 1)  0.039  0.000
 300 V   1.00000 0.00000 0.00000 ( 1)  0.039  0.000
 301 T   1.00000 0.00000 0.00000 ( 1)  0.039  0.000
 302 M   1.00000 0.00000 0.00000 ( 1)  0.039  0.000
 303 I   1.00000 0.00000 0.00000 ( 1)  0.039  0.000
 304 G   1.00000 0.00000 0.00000 ( 1)  0.039  0.000
 305 A   1.00000 0.00000 0.00000 ( 1)  0.039  0.000
 306 F   1.00000 0.00000 0.00000 ( 1)  0.039  0.000
 307 G   1.00000 0.00000 0.00000 ( 1)  0.039  0.000
 308 D   1.00000 0.00000 0.00000 ( 1)  0.039  0.000
 309 R   1.00000 0.00000 0.00000 ( 1)  0.039  0.000
 310 S   0.00000 1.00000 0.00000 ( 2)  1.000  0.000
 311 L   1.00000 0.00000 0.00000 ( 1)  0.039  0.000
 312 L   1.00000 0.00000 0.00000 ( 1)  0.039  0.000
 313 T   1.00000 0.00000 0.00000 ( 1)  0.039  0.000
 314 P   1.00000 0.00000 0.00000 ( 1)  0.039  0.000
 315 H   1.00000 0.00000 0.00000 ( 1)  0.039  0.000
 316 V   1.00000 0.00000 0.00000 ( 1)  0.039  0.000
 317 T   1.00000 0.00000 0.00000 ( 1)  0.039  0.000
 318 M   1.00000 0.00000 0.00000 ( 1)  0.039  0.000
 319 I   1.00000 0.00000 0.00000 ( 1)  0.039  0.000
 320 P   1.00000 0.00000 0.00000 ( 1)  0.039  0.000
 321 A   1.00000 0.00000 0.00000 ( 1)  0.039  0.000
 322 V   1.00000 0.00000 0.00000 ( 1)  0.039  0.000
 323 F   1.00000 0.00000 0.00000 ( 1)  0.039  0.000
 324 A   1.00000 0.00000 0.00000 ( 1)  0.039  0.000
 325 K   1.00000 0.00000 0.00000 ( 1)  0.039  0.000
 326 S   1.00000 0.00000 0.00000 ( 1)  0.039  0.000
 327 V   1.00000 0.00000 0.00000 ( 1)  0.039  0.000
 328 S   1.00000 0.00000 0.00000 ( 1)  0.039  0.000
 329 C   1.00000 0.00000 0.00000 ( 1)  0.039
 330 I   1.00000 0.00000 0.00000 ( 1)  0.039  0.000
 331 D   1.00000 0.00000 0.00000 ( 1)  0.039  0.000
 332 P   1.00000 0.00000 0.00000 ( 1)  0.039  0.000
 333 W   1.00000 0.00000 0.00000 ( 1)  0.039
 334 V   1.00000 0.00000 0.00000 ( 1)  0.039  0.000
 335 Y   1.00000 0.00000 0.00000 ( 1)  0.039  0.000
 336 A   1.00000 0.00000 0.00000 ( 1)  0.039  0.000
 337 I   1.00000 0.00000 0.00000 ( 1)  0.039  0.000
 338 N   1.00000 0.00000 0.00000 ( 1)  0.039  0.000
 339 H   1.00000 0.00000 0.00000 ( 1)  0.039
 340 P   1.00000 0.00000 0.00000 ( 1)  0.039  0.000
 341 R   1.00000 0.00000 0.00000 ( 1)  0.039
 342 Y   1.00000 0.00000 0.00000 ( 1)  0.039  0.000
 343 R   1.00000 0.00000 0.00000 ( 1)  0.039
 344 A   1.00000 0.00000 0.00000 ( 1)  0.039  0.000
 345 E   1.00000 0.00000 0.00000 ( 1)  0.039  0.000
 346 L   1.00000 0.00000 0.00000 ( 1)  0.039  0.000
 347 Q   1.00000 0.00000 0.00000 ( 1)  0.039  0.000
 348 K   1.00000 0.00000 0.00000 ( 1)  0.039  0.000
 349 R   1.00000 0.00000 0.00000 ( 1)  0.039  0.000
 350 L   1.00000 0.00000 0.00000 ( 1)  0.039  0.000
 351 P   1.00000 0.00000 0.00000 ( 1)  0.039  0.000
 352 W   1.00000 0.00000 0.00000 ( 1)  0.039
 353 M   1.00000 0.00000 0.00000 ( 1)  0.039  0.000
 354 G   1.00000 0.00000 0.00000 ( 1)  0.039  0.000
 355 V   1.00000 0.00000 0.00000 ( 1)  0.039  0.000
 356 R   1.00000 0.00000 0.00000 ( 1)  0.039  0.000
 357 E   1.00000 0.00000 0.00000 ( 1)  0.039  0.000
 358 P   0.00000 1.00000 0.00000 ( 2)  1.000  0.000
 359 D   1.00000 0.00000 0.00000 ( 1)  0.039  0.000
 360 P   1.00000 0.00000 0.00000 ( 1)  0.039  0.000
 361 E   1.00000 0.00000 0.00000 ( 1)  0.039  0.000
 362 T   0.00000 1.00000 0.00000 ( 2)  1.000  0.000
 363 Q   1.00000 0.00000 0.00000 ( 1)  0.039  0.000
 364 S   1.00000 0.00000 0.00000 ( 1)  0.039  0.000
 365 S   1.00000 0.00000 0.00000 ( 1)  0.039  0.000
 366 N   1.00000 0.00000 0.00000 ( 1)  0.039  0.000
 367 A   1.00000 0.00000 0.00000 ( 1)  0.039  0.000
 368 S   1.00000 0.00000 0.00000 ( 1)  0.039  0.000
 369 T   1.00000 0.00000 0.00000 ( 1)  0.039  0.000
 370 T   1.00000 0.00000 0.00000 ( 1)  0.039  0.000
 371 Q   1.00000 0.00000 0.00000 ( 1)  0.039  0.000
 372 S   0.02183 0.97817 0.00000 ( 2)  0.979  0.000
 373 Q   1.00000 0.00000 0.00000 ( 1)  0.039  0.000
 374 S   0.00000 1.00000 0.00000 ( 2)  1.000  0.000
 375 A   0.00000 1.00000 0.00000 ( 2)  1.000  0.000
 376 D   1.00000 0.00000 0.00000 ( 1)  0.039  0.000
 377 A   1.00000 0.00000 0.00000 ( 1)  0.039  0.000

Positively selected sites

	Prob(w>1)  mean w



lnL = -74022.753845

Bayes Empirical Bayes (BEB) probabilities for 3 classes (class) & postmean_w
(amino acids refer to 1st sequence: ColCroc|Blue5)

   1 N   1.00000 0.00000 0.00000 ( 1)  0.050 +-  0.000
   2 V   1.00000 0.00000 0.00000 ( 1)  0.050 +-  0.000
   3 N   0.00000 1.00000 0.00000 ( 2)  1.000 +-  0.000
   4 N   1.00000 0.00000 0.00000 ( 1)  0.050 +-  0.000
   5 F   1.00000 0.00000 0.00000 ( 1)  0.050 +-  0.000
   6 S   1.00000 0.00000 0.00000 ( 1)  0.050 +-  0.000
   7 A   0.99996 0.00004 0.00000 ( 1)  0.050 +-  0.006
   8 E   0.00000 1.00000 0.00000 ( 2)  1.000 +-  0.000
   9 A   1.00000 0.00000 0.00000 ( 1)  0.050 +-  0.000
  10 R   1.00000 0.00000 0.00000 ( 1)  0.050 +-  0.000
  11 P   1.00000 0.00000 0.00000 ( 1)  0.050 +-  0.000
  12 V   1.00000 0.00000 0.00000 ( 1)  0.050 +-  0.000
  13 A   1.00000 0.00000 0.00000 ( 1)  0.050 +-  0.000
  14 Y   1.00000 0.00000 0.00000 ( 1)  0.050 +-  0.000
  15 P   1.00000 0.00000 0.00000 ( 1)  0.050 +-  0.000
  16 F   1.00000 0.00000 0.00000 ( 1)  0.050 +-  0.000
  17 K   1.00000 0.00000 0.00000 ( 1)  0.050 +-  0.000
  18 M   1.00000 0.00000 0.00000 ( 1)  0.050 +-  0.000
  19 V   1.00000 0.00000 0.00000 ( 1)  0.050 +-  0.000
  20 S   1.00000 0.00000 0.00000 ( 1)  0.050 +-  0.000
  21 D   0.00002 0.99998 0.00000 ( 2)  1.000 +-  0.004
  22 E   1.00000 0.00000 0.00000 ( 1)  0.050 +-  0.000
  23 V   1.00000 0.00000 0.00000 ( 1)  0.050 +-  0.000
  24 Q   1.00000 0.00000 0.00000 ( 1)  0.050 +-  0.000
  25 Q   1.00000 0.00000 0.00000 ( 1)  0.050 +-  0.000
  26 N   1.00000 0.00000 0.00000 ( 1)  0.050 +-  0.000
  27 M   1.00000 0.00000 0.00000 ( 1)  0.050 +-  0.000
  28 L   1.00000 0.00000 0.00000 ( 1)  0.050 +-  0.000
  29 G   1.00000 0.00000 0.00000 ( 1)  0.050 +-  0.000
  30 W   1.00000 0.00000 0.00000 ( 1)  0.050 +-  0.000
  31 N   1.00000 0.00000 0.00000 ( 1)  0.050 +-  0.000
  32 V   1.00000 0.00000 0.00000 ( 1)  0.050 +-  0.000
  33 P   1.00000 0.00000 0.00000 ( 1)  0.050 +-  0.000
  34 S   1.00000 0.00000 0.00000 ( 1)  0.050 +-  0.000
  35 E   1.00000 0.00000 0.00000 ( 1)  0.050 +-  0.000
  36 Y   1.00000 0.00000 0.00000 ( 1)  0.050 +-  0.000
  37 Q   1.00000 0.00000 0.00000 ( 1)  0.050 +-  0.000
  38 D   1.00000 0.00000 0.00000 ( 1)  0.050 +-  0.000
  39 L   1.00000 0.00000 0.00000 ( 1)  0.050 +-  0.000
  40 V   1.00000 0.00000 0.00000 ( 1)  0.050 +-  0.000
  41 H   1.00000 0.00000 0.00000 ( 1)  0.050 +-  0.000
  42 D   1.00000 0.00000 0.00000 ( 1)  0.050 +-  0.000
  43 H   1.00000 0.00000 0.00000 ( 1)  0.050 +-  0.000
  44 W   1.00000 0.00000 0.00000 ( 1)  0.050 +-  0.000
  45 R   1.00000 0.00000 0.00000 ( 1)  0.050 +-  0.000
  46 N   1.00000 0.00000 0.00000 ( 1)  0.050 +-  0.000
  47 F   1.00000 0.00000 0.00000 ( 1)  0.050 +-  0.000
  48 A   1.00000 0.00000 0.00000 ( 1)  0.050 +-  0.000
  49 A   1.00000 0.00000 0.00000 ( 1)  0.050 +-  0.000
  50 I   1.00000 0.00000 0.00000 ( 1)  0.050 +-  0.000
  51 D   1.00000 0.00000 0.00000 ( 1)  0.050 +-  0.000
  52 K   1.00000 0.00000 0.00000 ( 1)  0.050 +-  0.000
  53 F   1.00000 0.00000 0.00000 ( 1)  0.050 +-  0.000
  54 W   1.00000 0.00000 0.00000 ( 1)  0.050 +-  0.000
  55 H   1.00000 0.00000 0.00000 ( 1)  0.050 +-  0.000
  56 Y   1.00000 0.00000 0.00000 ( 1)  0.050 +-  0.000
  57 C   1.00000 0.00000 0.00000 ( 1)  0.050 +-  0.000
  58 L   1.00000 0.00000 0.00000 ( 1)  0.050 +-  0.000
  59 A   1.00000 0.00000 0.00000 ( 1)  0.050 +-  0.000
  60 L   1.00000 0.00000 0.00000 ( 1)  0.050 +-  0.000
  61 I   1.00000 0.00000 0.00000 ( 1)  0.050 +-  0.000
  62 Y   1.00000 0.00000 0.00000 ( 1)  0.050 +-  0.000
  63 M   1.00000 0.00000 0.00000 ( 1)  0.050 +-  0.000
  64 I   1.00000 0.00000 0.00000 ( 1)  0.050 +-  0.000
  65 L   1.00000 0.00000 0.00000 ( 1)  0.050 +-  0.000
  66 W   1.00000 0.00000 0.00000 ( 1)  0.050 +-  0.000
  67 I   1.00000 0.00000 0.00000 ( 1)  0.050 +-  0.001
  68 S   1.00000 0.00000 0.00000 ( 1)  0.050 +-  0.000
  69 S   1.00000 0.00000 0.00000 ( 1)  0.050 +-  0.000
  70 V   1.00000 0.00000 0.00000 ( 1)  0.050 +-  0.000
  71 C   1.00000 0.00000 0.00000 ( 1)  0.050 +-  0.000
  72 G   1.00000 0.00000 0.00000 ( 1)  0.050 +-  0.000
  73 N   1.00000 0.00000 0.00000 ( 1)  0.050 +-  0.000
  74 G   1.00000 0.00000 0.00000 ( 1)  0.050 +-  0.000
  75 I   1.00000 0.00000 0.00000 ( 1)  0.050 +-  0.000
  76 V   1.00000 0.00000 0.00000 ( 1)  0.050 +-  0.000
  77 V   1.00000 0.00000 0.00000 ( 1)  0.050 +-  0.000
  78 W   1.00000 0.00000 0.00000 ( 1)  0.050 +-  0.000
  79 I   1.00000 0.00000 0.00000 ( 1)  0.050 +-  0.000
  80 F   1.00000 0.00000 0.00000 ( 1)  0.050 +-  0.000
  81 S   1.00000 0.00000 0.00000 ( 1)  0.050 +-  0.000
  82 T   1.00000 0.00000 0.00000 ( 1)  0.050 +-  0.000
  83 S   1.00000 0.00000 0.00000 ( 1)  0.050 +-  0.000
  84 K   1.00000 0.00000 0.00000 ( 1)  0.050 +-  0.000
  85 S   1.00000 0.00000 0.00000 ( 1)  0.050 +-  0.000
  86 L   1.00000 0.00000 0.00000 ( 1)  0.050 +-  0.000
  87 R   1.00000 0.00000 0.00000 ( 1)  0.050 +-  0.000
  88 S   1.00000 0.00000 0.00000 ( 1)  0.050 +-  0.000
  89 A   1.00000 0.00000 0.00000 ( 1)  0.050 +-  0.000
  90 S   1.00000 0.00000 0.00000 ( 1)  0.050 +-  0.000
  91 N   1.00000 0.00000 0.00000 ( 1)  0.050 +-  0.000
  92 M   1.00000 0.00000 0.00000 ( 1)  0.050 +-  0.000
  93 F   1.00000 0.00000 0.00000 ( 1)  0.050 +-  0.000
  94 I   1.00000 0.00000 0.00000 ( 1)  0.050 +-  0.000
  95 V   1.00000 0.00000 0.00000 ( 1)  0.050 +-  0.000
  96 N   1.00000 0.00000 0.00000 ( 1)  0.050 +-  0.000
  97 L   1.00000 0.00000 0.00000 ( 1)  0.050 +-  0.000
  98 A   1.00000 0.00000 0.00000 ( 1)  0.050 +-  0.000
  99 L   1.00000 0.00000 0.00000 ( 1)  0.050 +-  0.000
 100 F   1.00000 0.00000 0.00000 ( 1)  0.050 +-  0.000
 101 D   1.00000 0.00000 0.00000 ( 1)  0.050 +-  0.000
 102 M   1.00000 0.00000 0.00000 ( 1)  0.050 +-  0.000
 103 V   1.00000 0.00000 0.00000 ( 1)  0.050 +-  0.000
 104 M   1.00000 0.00000 0.00000 ( 1)  0.050 +-  0.000
 105 M   1.00000 0.00000 0.00000 ( 1)  0.050 +-  0.000
 106 I   0.99998 0.00002 0.00000 ( 1)  0.050 +-  0.004
 107 E   1.00000 0.00000 0.00000 ( 1)  0.050 +-  0.000
 108 M   1.00000 0.00000 0.00000 ( 1)  0.050 +-  0.000
 109 P   1.00000 0.00000 0.00000 ( 1)  0.050 +-  0.000
 110 H   1.00000 0.00000 0.00000 ( 1)  0.050 +-  0.000
 111 L   1.00000 0.00000 0.00000 ( 1)  0.050 +-  0.000
 112 I   1.00000 0.00000 0.00000 ( 1)  0.050 +-  0.000
 113 I   0.00001 0.99999 0.00000 ( 2)  1.000 +-  0.003
 114 N   1.00000 0.00000 0.00000 ( 1)  0.050 +-  0.000
 115 S   1.00000 0.00000 0.00000 ( 1)  0.050 +-  0.000
 116 F   1.00000 0.00000 0.00000 ( 1)  0.050 +-  0.000
 117 Y   1.00000 0.00000 0.00000 ( 1)  0.050 +-  0.000
 118 Q   1.00000 0.00000 0.00000 ( 1)  0.050 +-  0.000
 119 K   1.00000 0.00000 0.00000 ( 1)  0.050 +-  0.000
 120 M   1.00000 0.00000 0.00000 ( 1)  0.050 +-  0.000
 121 I   1.00000 0.00000 0.00000 ( 1)  0.050 +-  0.000
 122 G   1.00000 0.00000 0.00000 ( 1)  0.050 +-  0.000
 123 Y   1.00000 0.00000 0.00000 ( 1)  0.050 +-  0.000
 124 Q   1.00000 0.00000 0.00000 ( 1)  0.050 +-  0.000
 125 V   1.00000 0.00000 0.00000 ( 1)  0.050 +-  0.000
 126 G   1.00000 0.00000 0.00000 ( 1)  0.050 +-  0.000
 127 C   1.00000 0.00000 0.00000 ( 1)  0.050 +-  0.000
 128 D   1.00000 0.00000 0.00000 ( 1)  0.050 +-  0.000
 129 I   1.00000 0.00000 0.00000 ( 1)  0.050 +-  0.000
 130 Y   1.00000 0.00000 0.00000 ( 1)  0.050 +-  0.000
 131 A   1.00000 0.00000 0.00000 ( 1)  0.050 +-  0.000
 132 T   1.00000 0.00000 0.00000 ( 1)  0.050 +-  0.000
 133 L   1.00000 0.00000 0.00000 ( 1)  0.050 +-  0.000
 134 G   1.00000 0.00000 0.00000 ( 1)  0.050 +-  0.000
 135 S   1.00000 0.00000 0.00000 ( 1)  0.050 +-  0.000
 136 I   1.00000 0.00000 0.00000 ( 1)  0.050 +-  0.000
 137 S   1.00000 0.00000 0.00000 ( 1)  0.050 +-  0.000
 138 G   1.00000 0.00000 0.00000 ( 1)  0.050 +-  0.000
 139 I   1.00000 0.00000 0.00000 ( 1)  0.050 +-  0.000
 140 G   1.00000 0.00000 0.00000 ( 1)  0.050 +-  0.000
 141 A   1.00000 0.00000 0.00000 ( 1)  0.050 +-  0.000
 142 A   1.00000 0.00000 0.00000 ( 1)  0.050 +-  0.000
 143 I   1.00000 0.00000 0.00000 ( 1)  0.050 +-  0.000
 144 S   1.00000 0.00000 0.00000 ( 1)  0.050 +-  0.000
 145 N   1.00000 0.00000 0.00000 ( 1)  0.050 +-  0.000
 146 A   1.00000 0.00000 0.00000 ( 1)  0.050 +-  0.000
 147 V   1.00000 0.00000 0.00000 ( 1)  0.050 +-  0.000
 148 I   1.00000 0.00000 0.00000 ( 1)  0.050 +-  0.000
 149 A   1.00000 0.00000 0.00000 ( 1)  0.050 +-  0.000
 150 Y   1.00000 0.00000 0.00000 ( 1)  0.050 +-  0.000
 151 D   1.00000 0.00000 0.00000 ( 1)  0.050 +-  0.000
 152 R   1.00000 0.00000 0.00000 ( 1)  0.050 +-  0.000
 153 Y   1.00000 0.00000 0.00000 ( 1)  0.050 +-  0.000
 154 K   1.00000 0.00000 0.00000 ( 1)  0.050 +-  0.000
 155 T   1.00000 0.00000 0.00000 ( 1)  0.050 +-  0.000
 156 I   1.00000 0.00000 0.00000 ( 1)  0.050 +-  0.000
 157 S   1.00000 0.00000 0.00000 ( 1)  0.050 +-  0.000
 158 C   1.00000 0.00000 0.00000 ( 1)  0.050 +-  0.000
 159 P   1.00000 0.00000 0.00000 ( 1)  0.050 +-  0.000
 160 I   1.00000 0.00000 0.00000 ( 1)  0.050 +-  0.000
 161 D   1.00000 0.00000 0.00000 ( 1)  0.050 +-  0.000
 162 G   1.00000 0.00000 0.00000 ( 1)  0.050 +-  0.000
 163 R   1.00000 0.00000 0.00000 ( 1)  0.050 +-  0.000
 164 I   1.00000 0.00000 0.00000 ( 1)  0.050 +-  0.000
 165 N   1.00000 0.00000 0.00000 ( 1)  0.050 +-  0.000
 166 K   1.00000 0.00000 0.00000 ( 1)  0.050 +-  0.000
 167 V   1.00000 0.00000 0.00000 ( 1)  0.050 +-  0.000
 168 Q   1.00000 0.00000 0.00000 ( 1)  0.050 +-  0.000
 169 A   1.00000 0.00000 0.00000 ( 1)  0.050 +-  0.000
 170 S   0.00000 1.00000 0.00000 ( 2)  1.000 +-  0.000
 171 I   1.00000 0.00000 0.00000 ( 1)  0.050 +-  0.000
 172 L   1.00000 0.00000 0.00000 ( 1)  0.050 +-  0.000
 173 I   1.00000 0.00000 0.00000 ( 1)  0.050 +-  0.000
 174 A   0.74146 0.25854 0.00000 ( 1)  0.296 +-  0.416
 175 F   1.00000 0.00000 0.00000 ( 1)  0.050 +-  0.000
 176 T   1.00000 0.00000 0.00000 ( 1)  0.050 +-  0.000
 177 W   1.00000 0.00000 0.00000 ( 1)  0.050 +-  0.000
 178 F   1.00000 0.00000 0.00000 ( 1)  0.050 +-  0.000
 179 W   1.00000 0.00000 0.00000 ( 1)  0.050 +-  0.000
 180 T   1.00000 0.00000 0.00000 ( 1)  0.050 +-  0.000
 181 L   0.57263 0.42737 0.00000 ( 1)  0.456 +-  0.470
 182 P   1.00000 0.00000 0.00000 ( 1)  0.050 +-  0.000
 183 F   1.00000 0.00000 0.00000 ( 1)  0.050 +-  0.000
 184 T   1.00000 0.00000 0.00000 ( 1)  0.050 +-  0.000
 185 I   1.00000 0.00000 0.00000 ( 1)  0.050 +-  0.000
 186 L   1.00000 0.00000 0.00000 ( 1)  0.050 +-  0.000
 187 P   1.00000 0.00000 0.00000 ( 1)  0.050 +-  0.000
 188 L   1.00000 0.00000 0.00000 ( 1)  0.050 +-  0.000
 189 L   1.00000 0.00000 0.00000 ( 1)  0.050 +-  0.000
 190 K   1.00000 0.00000 0.00000 ( 1)  0.050 +-  0.000
 191 V   1.00000 0.00000 0.00000 ( 1)  0.050 +-  0.000
 192 W   1.00000 0.00000 0.00000 ( 1)  0.050 +-  0.000
 193 G   1.00000 0.00000 0.00000 ( 1)  0.050 +-  0.000
 194 K   1.00000 0.00000 0.00000 ( 1)  0.050 +-  0.000
 195 F   1.00000 0.00000 0.00000 ( 1)  0.050 +-  0.000
 196 V   1.00000 0.00000 0.00000 ( 1)  0.050 +-  0.000
 197 P   1.00000 0.00000 0.00000 ( 1)  0.050 +-  0.000
 198 E   1.00000 0.00000 0.00000 ( 1)  0.050 +-  0.000
 199 G   1.00000 0.00000 0.00000 ( 1)  0.050 +-  0.000
 200 F   1.00000 0.00000 0.00000 ( 1)  0.050 +-  0.000
 201 L   1.00000 0.00000 0.00000 ( 1)  0.050 +-  0.000
 202 T   1.00000 0.00000 0.00000 ( 1)  0.050 +-  0.000
 203 T   1.00000 0.00000 0.00000 ( 1)  0.050 +-  0.000
 204 C   1.00000 0.00000 0.00000 ( 1)  0.050 +-  0.000
 205 S   1.00000 0.00000 0.00000 ( 1)  0.050 +-  0.000
 206 F   1.00000 0.00000 0.00000 ( 1)  0.050 +-  0.000
 207 D   1.00000 0.00000 0.00000 ( 1)  0.050 +-  0.000
 208 Y   1.00000 0.00000 0.00000 ( 1)  0.050 +-  0.000
 209 F   1.00000 0.00000 0.00000 ( 1)  0.050 +-  0.000
 210 T   1.00000 0.00000 0.00000 ( 1)  0.050 +-  0.000
 211 D   1.00000 0.00000 0.00000 ( 1)  0.050 +-  0.000
 212 D   1.00000 0.00000 0.00000 ( 1)  0.050 +-  0.000
 213 E   1.00000 0.00000 0.00000 ( 1)  0.050 +-  0.000
 214 D   1.00000 0.00000 0.00000 ( 1)  0.050 +-  0.000
 215 T   1.00000 0.00000 0.00000 ( 1)  0.050 +-  0.000
 216 K   1.00000 0.00000 0.00000 ( 1)  0.050 +-  0.000
 217 V   1.00000 0.00000 0.00000 ( 1)  0.050 +-  0.000
 218 F   1.00000 0.00000 0.00000 ( 1)  0.050 +-  0.000
 219 V   1.00000 0.00000 0.00000 ( 1)  0.050 +-  0.000
 220 A   1.00000 0.00000 0.00000 ( 1)  0.050 +-  0.000
 221 C   1.00000 0.00000 0.00000 ( 1)  0.050 +-  0.000
 222 I   1.00000 0.00000 0.00000 ( 1)  0.050 +-  0.000
 223 F   1.00000 0.00000 0.00000 ( 1)  0.050 +-  0.000
 224 V   1.00000 0.00000 0.00000 ( 1)  0.050 +-  0.000
 225 W   1.00000 0.00000 0.00000 ( 1)  0.050 +-  0.000
 226 S   1.00000 0.00000 0.00000 ( 1)  0.050 +-  0.000
 227 Y   1.00000 0.00000 0.00000 ( 1)  0.050 +-  0.000
 228 C   1.00000 0.00000 0.00000 ( 1)  0.050 +-  0.000
 229 F   1.00000 0.00000 0.00000 ( 1)  0.050 +-  0.000
 230 P   1.00000 0.00000 0.00000 ( 1)  0.050 +-  0.000
 231 M   1.00000 0.00000 0.00000 ( 1)  0.050 +-  0.000
 232 A   0.00000 1.00000 0.00000 ( 2)  1.000 +-  0.000
 233 L   1.00000 0.00000 0.00000 ( 1)  0.050 +-  0.000
 234 I   1.00000 0.00000 0.00000 ( 1)  0.050 +-  0.000
 235 C   1.00000 0.00000 0.00000 ( 1)  0.050 +-  0.000
 236 I   1.00000 0.00000 0.00000 ( 1)  0.050 +-  0.000
 237 F   1.00000 0.00000 0.00000 ( 1)  0.050 +-  0.000
 238 Y   1.00000 0.00000 0.00000 ( 1)  0.050 +-  0.000
 239 S   1.00000 0.00000 0.00000 ( 1)  0.050 +-  0.000
 240 K   1.00000 0.00000 0.00000 ( 1)  0.050 +-  0.000
 241 L   1.00000 0.00000 0.00000 ( 1)  0.050 +-  0.000
 242 F   1.00000 0.00000 0.00000 ( 1)  0.050 +-  0.000
 243 T   1.00000 0.00000 0.00000 ( 1)  0.050 +-  0.000
 244 A   1.00000 0.00000 0.00000 ( 1)  0.050 +-  0.000
 245 V   1.00000 0.00000 0.00000 ( 1)  0.050 +-  0.000
 246 R   1.00000 0.00000 0.00000 ( 1)  0.050 +-  0.000
 247 L   1.00000 0.00000 0.00000 ( 1)  0.050 +-  0.000
 248 H   1.00000 0.00000 0.00000 ( 1)  0.050 +-  0.000
 249 E   1.00000 0.00000 0.00000 ( 1)  0.050 +-  0.000
 250 K   1.00000 0.00000 0.00000 ( 1)  0.050 +-  0.000
 251 M   1.00000 0.00000 0.00000 ( 1)  0.050 +-  0.000
 252 L   1.00000 0.00000 0.00000 ( 1)  0.050 +-  0.000
 253 K   0.00001 0.99999 0.00000 ( 2)  1.000 +-  0.003
 254 E   1.00000 0.00000 0.00000 ( 1)  0.050 +-  0.000
 255 Q   1.00000 0.00000 0.00000 ( 1)  0.050 +-  0.000
 256 A   1.00000 0.00000 0.00000 ( 1)  0.050 +-  0.000
 257 K   1.00000 0.00000 0.00000 ( 1)  0.050 +-  0.000
 258 K   1.00000 0.00000 0.00000 ( 1)  0.050 +-  0.000
 259 M   1.00000 0.00000 0.00000 ( 1)  0.050 +-  0.000
 260 N   1.00000 0.00000 0.00000 ( 1)  0.050 +-  0.000
 261 V   1.00000 0.00000 0.00000 ( 1)  0.050 +-  0.000
 262 K   1.00000 0.00000 0.00000 ( 1)  0.050 +-  0.000
 263 S   1.00000 0.00000 0.00000 ( 1)  0.050 +-  0.000
 264 L   1.00000 0.00000 0.00000 ( 1)  0.050 +-  0.000
 265 A   1.00000 0.00000 0.00000 ( 1)  0.050 +-  0.000
 266 S   1.00000 0.00000 0.00000 ( 1)  0.050 +-  0.000
 267 N   1.00000 0.00000 0.00000 ( 1)  0.050 +-  0.000
 268 K   1.00000 0.00000 0.00000 ( 1)  0.050 +-  0.000
 269 E   1.00000 0.00000 0.00000 ( 1)  0.050 +-  0.000
 270 D   1.00000 0.00000 0.00000 ( 1)  0.050 +-  0.000
 271 A   1.00000 0.00000 0.00000 ( 1)  0.050 +-  0.000
 272 G   1.00000 0.00000 0.00000 ( 1)  0.050 +-  0.000
 273 K   1.00000 0.00000 0.00000 ( 1)  0.050 +-  0.000
 274 S   1.00000 0.00000 0.00000 ( 1)  0.050 +-  0.000
 275 V   1.00000 0.00000 0.00000 ( 1)  0.050 +-  0.000
 276 E   1.00000 0.00000 0.00000 ( 1)  0.050 +-  0.000
 277 I   1.00000 0.00000 0.00000 ( 1)  0.050 +-  0.000
 278 R   1.00000 0.00000 0.00000 ( 1)  0.050 +-  0.000
 279 I   1.00000 0.00000 0.00000 ( 1)  0.050 +-  0.000
 280 A   1.00000 0.00000 0.00000 ( 1)  0.050 +-  0.000
 281 K   1.00000 0.00000 0.00000 ( 1)  0.050 +-  0.000
 282 V   1.00000 0.00000 0.00000 ( 1)  0.050 +-  0.000
 283 A   1.00000 0.00000 0.00000 ( 1)  0.050 +-  0.000
 284 F   1.00000 0.00000 0.00000 ( 1)  0.050 +-  0.000
 285 T   1.00000 0.00000 0.00000 ( 1)  0.050 +-  0.000
 286 I   1.00000 0.00000 0.00000 ( 1)  0.050 +-  0.000
 287 F   1.00000 0.00000 0.00000 ( 1)  0.050 +-  0.000
 288 F   1.00000 0.00000 0.00000 ( 1)  0.050 +-  0.000
 289 L   1.00000 0.00000 0.00000 ( 1)  0.050 +-  0.000
 290 F   1.00000 0.00000 0.00000 ( 1)  0.050 +-  0.000
 291 V   1.00000 0.00000 0.00000 ( 1)  0.050 +-  0.000
 292 C   1.00000 0.00000 0.00000 ( 1)  0.050 +-  0.000
 293 A   1.00000 0.00000 0.00000 ( 1)  0.050 +-  0.000
 294 W   1.00000 0.00000 0.00000 ( 1)  0.050 +-  0.000
 295 T   1.00000 0.00000 0.00000 ( 1)  0.050 +-  0.000
 296 P   1.00000 0.00000 0.00000 ( 1)  0.050 +-  0.000
 297 Y   1.00000 0.00000 0.00000 ( 1)  0.050 +-  0.000
 298 A   1.00000 0.00000 0.00000 ( 1)  0.050 +-  0.000
 299 V   1.00000 0.00000 0.00000 ( 1)  0.050 +-  0.000
 300 V   1.00000 0.00000 0.00000 ( 1)  0.050 +-  0.000
 301 T   1.00000 0.00000 0.00000 ( 1)  0.050 +-  0.000
 302 M   1.00000 0.00000 0.00000 ( 1)  0.050 +-  0.000
 303 I   1.00000 0.00000 0.00000 ( 1)  0.050 +-  0.000
 304 G   1.00000 0.00000 0.00000 ( 1)  0.050 +-  0.000
 305 A   1.00000 0.00000 0.00000 ( 1)  0.050 +-  0.000
 306 F   1.00000 0.00000 0.00000 ( 1)  0.050 +-  0.000
 307 G   1.00000 0.00000 0.00000 ( 1)  0.050 +-  0.000
 308 D   1.00000 0.00000 0.00000 ( 1)  0.050 +-  0.000
 309 R   1.00000 0.00000 0.00000 ( 1)  0.050 +-  0.000
 310 S   0.00000 1.00000 0.00000 ( 2)  1.000 +-  0.000
 311 L   1.00000 0.00000 0.00000 ( 1)  0.050 +-  0.000
 312 L   1.00000 0.00000 0.00000 ( 1)  0.050 +-  0.000
 313 T   1.00000 0.00000 0.00000 ( 1)  0.050 +-  0.000
 314 P   1.00000 0.00000 0.00000 ( 1)  0.050 +-  0.000
 315 H   1.00000 0.00000 0.00000 ( 1)  0.050 +-  0.000
 316 V   1.00000 0.00000 0.00000 ( 1)  0.050 +-  0.000
 317 T   1.00000 0.00000 0.00000 ( 1)  0.050 +-  0.000
 318 M   1.00000 0.00000 0.00000 ( 1)  0.050 +-  0.000
 319 I   1.00000 0.00000 0.00000 ( 1)  0.050 +-  0.000
 320 P   1.00000 0.00000 0.00000 ( 1)  0.050 +-  0.000
 321 A   1.00000 0.00000 0.00000 ( 1)  0.050 +-  0.000
 322 V   1.00000 0.00000 0.00000 ( 1)  0.050 +-  0.000
 323 F   1.00000 0.00000 0.00000 ( 1)  0.050 +-  0.000
 324 A   1.00000 0.00000 0.00000 ( 1)  0.050 +-  0.000
 325 K   1.00000 0.00000 0.00000 ( 1)  0.050 +-  0.000
 326 S   1.00000 0.00000 0.00000 ( 1)  0.050 +-  0.000
 327 V   1.00000 0.00000 0.00000 ( 1)  0.050 +-  0.000
 328 S   1.00000 0.00000 0.00000 ( 1)  0.050 +-  0.000
 329 C   1.00000 0.00000 0.00000 ( 1)  0.050 +-  0.000
 330 I   1.00000 0.00000 0.00000 ( 1)  0.050 +-  0.000
 331 D   1.00000 0.00000 0.00000 ( 1)  0.050 +-  0.000
 332 P   1.00000 0.00000 0.00000 ( 1)  0.050 +-  0.000
 333 W   1.00000 0.00000 0.00000 ( 1)  0.050 +-  0.000
 334 V   1.00000 0.00000 0.00000 ( 1)  0.050 +-  0.000
 335 Y   1.00000 0.00000 0.00000 ( 1)  0.050 +-  0.000
 336 A   1.00000 0.00000 0.00000 ( 1)  0.050 +-  0.000
 337 I   1.00000 0.00000 0.00000 ( 1)  0.050 +-  0.000
 338 N   1.00000 0.00000 0.00000 ( 1)  0.050 +-  0.000
 339 H   1.00000 0.00000 0.00000 ( 1)  0.050 +-  0.000
 340 P   1.00000 0.00000 0.00000 ( 1)  0.050 +-  0.000
 341 R   1.00000 0.00000 0.00000 ( 1)  0.050 +-  0.000
 342 Y   1.00000 0.00000 0.00000 ( 1)  0.050 +-  0.000
 343 R   1.00000 0.00000 0.00000 ( 1)  0.050 +-  0.000
 344 A   1.00000 0.00000 0.00000 ( 1)  0.050 +-  0.000
 345 E   1.00000 0.00000 0.00000 ( 1)  0.050 +-  0.000
 346 L   1.00000 0.00000 0.00000 ( 1)  0.050 +-  0.000
 347 Q   1.00000 0.00000 0.00000 ( 1)  0.050 +-  0.000
 348 K   1.00000 0.00000 0.00000 ( 1)  0.050 +-  0.000
 349 R   1.00000 0.00000 0.00000 ( 1)  0.050 +-  0.000
 350 L   1.00000 0.00000 0.00000 ( 1)  0.050 +-  0.000
 351 P   1.00000 0.00000 0.00000 ( 1)  0.050 +-  0.000
 352 W   1.00000 0.00000 0.00000 ( 1)  0.050 +-  0.000
 353 M   1.00000 0.00000 0.00000 ( 1)  0.050 +-  0.000
 354 G   1.00000 0.00000 0.00000 ( 1)  0.050 +-  0.000
 355 V   1.00000 0.00000 0.00000 ( 1)  0.050 +-  0.000
 356 R   1.00000 0.00000 0.00000 ( 1)  0.050 +-  0.000
 357 E   1.00000 0.00000 0.00000 ( 1)  0.050 +-  0.000
 358 P   0.00000 1.00000 0.00000 ( 2)  1.000 +-  0.000
 359 D   1.00000 0.00000 0.00000 ( 1)  0.050 +-  0.000
 360 P   1.00000 0.00000 0.00000 ( 1)  0.050 +-  0.000
 361 E   1.00000 0.00000 0.00000 ( 1)  0.050 +-  0.000
 362 T   0.00903 0.99097 0.00000 ( 2)  0.991 +-  0.090
 363 Q   1.00000 0.00000 0.00000 ( 1)  0.050 +-  0.000
 364 S   1.00000 0.00000 0.00000 ( 1)  0.050 +-  0.000
 365 S   1.00000 0.00000 0.00000 ( 1)  0.050 +-  0.000
 366 N   1.00000 0.00000 0.00000 ( 1)  0.050 +-  0.000
 367 A   1.00000 0.00000 0.00000 ( 1)  0.050 +-  0.000
 368 S   1.00000 0.00000 0.00000 ( 1)  0.050 +-  0.000
 369 T   1.00000 0.00000 0.00000 ( 1)  0.050 +-  0.000
 370 T   1.00000 0.00000 0.00000 ( 1)  0.050 +-  0.000
 371 Q   1.00000 0.00000 0.00000 ( 1)  0.050 +-  0.000
 372 S   0.98805 0.01195 0.00000 ( 1)  0.061 +-  0.103
 373 Q   1.00000 0.00000 0.00000 ( 1)  0.050 +-  0.000
 374 S   0.00000 1.00000 0.00000 ( 2)  1.000 +-  0.000
 375 A   0.00000 1.00000 0.00000 ( 2)  1.000 +-  0.000
 376 D   1.00000 0.00000 0.00000 ( 1)  0.050 +-  0.000
 377 A   1.00000 0.00000 0.00000 ( 1)  0.050 +-  0.000

Positively selected sites

	Prob(w>1)  mean w

