Supplemental results for CODEML (seqf: align.fa  treef: tree.nwk)


MLEs of dN/dS (w) for site classes (K=4)

site class             0        1       2a       2b
proportion       0.90217  0.03928  0.05612  0.00244
background w     0.03890  1.00000  0.03890  1.00000
foreground w     0.03890  1.00000  1.79041  1.79041

Naive Empirical Bayes (NEB) probabilities for 4 classes
(amino acids refer to 1st sequence: ColCroc|Blue5)

   1 N   0.94144 0.00000 0.05856 0.00000 ( 1)
   2 V   0.94144 0.00000 0.05856 0.00000 ( 1)
   3 N   0.00000 0.93075 0.00000 0.06925 ( 2)
   4 N   0.97761 0.00000 0.02239 0.00000 ( 1)
   5 F   0.97943 0.00000 0.02057 0.00000 ( 1)
   6 S   0.97896 0.00000 0.02104 0.00000 ( 1)
   7 A   0.34113 0.62103 0.00647 0.03138 ( 2)
   8 E   0.00000 0.92999 0.00000 0.07001 ( 2)
   9 A   0.56960 0.00000 0.43040 0.00000 ( 1)
  10 R   0.98120 0.00000 0.01880 0.00000 ( 1)
  11 P   0.96931 0.00000 0.03069 0.00000 ( 1)
  12 V   0.99025 0.00000 0.00975 0.00000 ( 1)
  13 A   0.97429 0.00000 0.02571 0.00000 ( 1)
  14 Y   0.01576 0.00000 0.98424 0.00000 ( 3)
  15 P   0.97104 0.00000 0.02896 0.00000 ( 1)
  16 F   0.97645 0.00000 0.02355 0.00000 ( 1)
  17 K   0.97730 0.00000 0.02270 0.00000 ( 1)
  18 M   0.99025 0.00000 0.00975 0.00000 ( 1)
  19 V   0.97555 0.00000 0.02445 0.00000 ( 1)
  20 S   0.42415 0.00000 0.57585 0.00000 ( 3)
  21 D   0.00000 0.93124 0.00000 0.06876 ( 2)
  22 E   0.98233 0.00000 0.01767 0.00000 ( 1)
  23 V   0.97860 0.00000 0.02140 0.00000 ( 1)
  24 Q   0.97748 0.00000 0.02252 0.00000 ( 1)
  25 Q   0.98256 0.00000 0.01744 0.00000 ( 1)
  26 N   0.98464 0.00000 0.01536 0.00000 ( 1)
  27 M   0.99025 0.00000 0.00975 0.00000 ( 1)
  28 L   0.97388 0.00000 0.02612 0.00000 ( 1)
  29 G   0.98328 0.00000 0.01672 0.00000 ( 1)
  30 W   0.97537 0.00000 0.02463 0.00000 ( 1)
  31 N   0.98806 0.00000 0.01194 0.00000 ( 1)
  32 V   0.97943 0.00000 0.02057 0.00000 ( 1)
  33 P   0.96898 0.00000 0.03102 0.00000 ( 1)
  34 S   0.97711 0.00000 0.02289 0.00000 ( 1)
  35 E   0.97973 0.00000 0.02027 0.00000 ( 1)
  36 Y   0.97766 0.00000 0.02234 0.00000 ( 1)
  37 Q   0.97588 0.00000 0.02412 0.00000 ( 1)
  38 D   0.98624 0.00000 0.01376 0.00000 ( 1)
  39 L   0.97423 0.00000 0.02577 0.00000 ( 1)
  40 V   0.98427 0.00000 0.01573 0.00000 ( 1)
  41 H   0.98546 0.00000 0.01454 0.00000 ( 1)
  42 D   0.97956 0.00000 0.02044 0.00000 ( 1)
  43 H   0.98346 0.00000 0.01654 0.00000 ( 1)
  44 W   0.97537 0.00000 0.02463 0.00000 ( 1)
  45 R   0.97859 0.00000 0.02141 0.00000 ( 1)
  46 N   0.98806 0.00000 0.01194 0.00000 ( 1)
  47 F   0.98717 0.00000 0.01283 0.00000 ( 1)
  48 A   0.96958 0.00000 0.03042 0.00000 ( 1)
  49 A   0.97788 0.00000 0.02212 0.00000 ( 1)
  50 I   0.98403 0.00000 0.01597 0.00000 ( 1)
  51 D   0.98763 0.00000 0.01237 0.00000 ( 1)
  52 K   0.98259 0.00000 0.01741 0.00000 ( 1)
  53 F   0.98332 0.00000 0.01668 0.00000 ( 1)
  54 W   0.97537 0.00000 0.02463 0.00000 ( 1)
  55 H   0.98392 0.00000 0.01608 0.00000 ( 1)
  56 Y   0.98280 0.00000 0.01720 0.00000 ( 1)
  57 C   0.98223 0.00000 0.01777 0.00000 ( 1)
  58 L   0.73970 0.00000 0.26030 0.00000 ( 1)
  59 A   0.97890 0.00000 0.02110 0.00000 ( 1)
  60 L   0.98562 0.00000 0.01438 0.00000 ( 1)
  61 I   0.98304 0.00000 0.01696 0.00000 ( 1)
  62 Y   0.98313 0.00000 0.01687 0.00000 ( 1)
  63 M   0.98258 0.00000 0.01742 0.00000 ( 1)
  64 I   0.69951 0.00000 0.30049 0.00000 ( 1)
  65 L   0.97872 0.00000 0.02128 0.00000 ( 1)
  66 W   0.99025 0.00000 0.00975 0.00000 ( 1)
  67 I   0.89930 0.07388 0.02292 0.00391 ( 1)
  68 S   0.98486 0.00000 0.01514 0.00000 ( 1)
  69 S   0.97534 0.00000 0.02466 0.00000 ( 1)
  70 V   0.98290 0.00000 0.01710 0.00000 ( 1)
  71 C   0.01877 0.00000 0.98123 0.00000 ( 3)
  72 G   0.98462 0.00000 0.01538 0.00000 ( 1)
  73 N   0.97859 0.00000 0.02141 0.00000 ( 1)
  74 G   0.97653 0.00000 0.02347 0.00000 ( 1)
  75 I   0.98737 0.00000 0.01263 0.00000 ( 1)
  76 V   0.98370 0.00000 0.01630 0.00000 ( 1)
  77 V   0.87660 0.00000 0.12340 0.00000 ( 1)
  78 W   0.97537 0.00000 0.02463 0.00000 ( 1)
  79 I   0.97851 0.00000 0.02149 0.00000 ( 1)
  80 F   0.97828 0.00000 0.02172 0.00000 ( 1)
  81 S   0.98780 0.00000 0.01220 0.00000 ( 1)
  82 T   0.97353 0.00000 0.02647 0.00000 ( 1)
  83 S   0.96564 0.00000 0.03436 0.00000 ( 1)
  84 K   0.97810 0.00000 0.02190 0.00000 ( 1)
  85 S   0.98405 0.00000 0.01595 0.00000 ( 1)
  86 L   0.98113 0.00000 0.01887 0.00000 ( 1)
  87 R   0.95967 0.00000 0.04033 0.00000 ( 1)
  88 S   0.97804 0.00000 0.02196 0.00000 ( 1)
  89 A   0.47805 0.00000 0.52195 0.00000 ( 3)
  90 S   0.98780 0.00000 0.01220 0.00000 ( 1)
  91 N   0.98565 0.00000 0.01435 0.00000 ( 1)
  92 M   0.99025 0.00000 0.00975 0.00000 ( 1)
  93 F   0.98809 0.00000 0.01191 0.00000 ( 1)
  94 I   0.98140 0.00000 0.01860 0.00000 ( 1)
  95 V   0.98283 0.00000 0.01717 0.00000 ( 1)
  96 N   0.98770 0.00000 0.01230 0.00000 ( 1)
  97 L   0.97340 0.00000 0.02660 0.00000 ( 1)
  98 A   0.97423 0.00000 0.02577 0.00000 ( 1)
  99 L   0.97130 0.00000 0.02870 0.00000 ( 1)
 100 F   0.98728 0.00000 0.01272 0.00000 ( 1)
 101 D   0.98798 0.00000 0.01202 0.00000 ( 1)
 102 M   0.97792 0.00000 0.02208 0.00000 ( 1)
 103 V   0.98757 0.00000 0.01243 0.00000 ( 1)
 104 M   0.99025 0.00000 0.00975 0.00000 ( 1)
 105 M   0.99025 0.00000 0.00975 0.00000 ( 1)
 106 I   0.44105 0.01042 0.54779 0.00074 ( 3)
 107 E   0.98383 0.00000 0.01617 0.00000 ( 1)
 108 M   0.99025 0.00000 0.00975 0.00000 ( 1)
 109 P   0.97781 0.00000 0.02219 0.00000 ( 1)
 110 H   0.97459 0.00000 0.02541 0.00000 ( 1)
 111 L   0.98241 0.00000 0.01759 0.00000 ( 1)
 112 I   0.98751 0.00000 0.01249 0.00000 ( 1)
 113 I   0.00000 0.95355 0.00000 0.04645 ( 2)
 114 N   0.98806 0.00000 0.01194 0.00000 ( 1)
 115 S   0.97979 0.00000 0.02021 0.00000 ( 1)
 116 F   0.98669 0.00000 0.01331 0.00000 ( 1)
 117 Y   0.82496 0.00000 0.17504 0.00000 ( 1)
 118 Q   0.97088 0.00000 0.02912 0.00000 ( 1)
 119 K   0.97277 0.00000 0.02723 0.00000 ( 1)
 120 M   0.97936 0.00000 0.02064 0.00000 ( 1)
 121 I   0.97127 0.00000 0.02873 0.00000 ( 1)
 122 G   0.98326 0.00000 0.01674 0.00000 ( 1)
 123 Y   0.98314 0.00000 0.01686 0.00000 ( 1)
 124 Q   0.97726 0.00000 0.02274 0.00000 ( 1)
 125 V   0.98353 0.00000 0.01647 0.00000 ( 1)
 126 G   0.98529 0.00000 0.01471 0.00000 ( 1)
 127 C   0.98274 0.00000 0.01726 0.00000 ( 1)
 128 D   0.98599 0.00000 0.01401 0.00000 ( 1)
 129 I   0.97835 0.00000 0.02165 0.00000 ( 1)
 130 Y   0.98295 0.00000 0.01705 0.00000 ( 1)
 131 A   0.44099 0.00000 0.55901 0.00000 ( 3)
 132 T   0.98205 0.00000 0.01795 0.00000 ( 1)
 133 L   0.97231 0.00000 0.02769 0.00000 ( 1)
 134 G   0.98293 0.00000 0.01707 0.00000 ( 1)
 135 S   0.97697 0.00000 0.02303 0.00000 ( 1)
 136 I   0.97347 0.00000 0.02653 0.00000 ( 1)
 137 S   0.97849 0.00000 0.02151 0.00000 ( 1)
 138 G   0.98462 0.00000 0.01538 0.00000 ( 1)
 139 I   0.98432 0.00000 0.01568 0.00000 ( 1)
 140 G   0.96870 0.00000 0.03130 0.00000 ( 1)
 141 A   0.96944 0.00000 0.03056 0.00000 ( 1)
 142 A   0.97400 0.00000 0.02600 0.00000 ( 1)
 143 I   0.98117 0.00000 0.01883 0.00000 ( 1)
 144 S   0.97428 0.00000 0.02572 0.00000 ( 1)
 145 N   0.97803 0.00000 0.02197 0.00000 ( 1)
 146 A   0.97306 0.00000 0.02694 0.00000 ( 1)
 147 V   0.97680 0.00000 0.02320 0.00000 ( 1)
 148 I   0.97917 0.00000 0.02083 0.00000 ( 1)
 149 A   0.97370 0.00000 0.02630 0.00000 ( 1)
 150 Y   0.97881 0.00000 0.02119 0.00000 ( 1)
 151 D   0.97783 0.00000 0.02217 0.00000 ( 1)
 152 R   0.97392 0.00000 0.02608 0.00000 ( 1)
 153 Y   0.98312 0.00000 0.01688 0.00000 ( 1)
 154 K   0.97763 0.00000 0.02237 0.00000 ( 1)
 155 T   0.98155 0.00000 0.01845 0.00000 ( 1)
 156 I   0.97774 0.00000 0.02226 0.00000 ( 1)
 157 S   0.97365 0.00000 0.02635 0.00000 ( 1)
 158 C   0.97670 0.00000 0.02330 0.00000 ( 1)
 159 P   0.97043 0.00000 0.02957 0.00000 ( 1)
 160 I   0.96832 0.00000 0.03168 0.00000 ( 1)
 161 D   0.98128 0.00000 0.01872 0.00000 ( 1)
 162 G   0.96846 0.00000 0.03154 0.00000 ( 1)
 163 R   0.97392 0.00000 0.02608 0.00000 ( 1)
 164 I   0.98270 0.00000 0.01730 0.00000 ( 1)
 165 N   0.98633 0.00000 0.01367 0.00000 ( 1)
 166 K   0.97746 0.00000 0.02254 0.00000 ( 1)
 167 V   0.98204 0.00000 0.01796 0.00000 ( 1)
 168 Q   0.96947 0.00000 0.03053 0.00000 ( 1)
 169 A   0.98118 0.00000 0.01882 0.00000 ( 1)
 170 S   0.00000 0.95043 0.00000 0.04957 ( 2)
 171 I   0.97102 0.00000 0.02898 0.00000 ( 1)
 172 L   0.97497 0.00000 0.02503 0.00000 ( 1)
 173 I   0.98559 0.00000 0.01441 0.00000 ( 1)
 174 A   0.00005 0.94707 0.00000 0.05289 ( 2)
 175 F   0.98799 0.00000 0.01201 0.00000 ( 1)
 176 T   0.98235 0.00000 0.01765 0.00000 ( 1)
 177 W   0.97537 0.00000 0.02463 0.00000 ( 1)
 178 F   0.52396 0.00000 0.47604 0.00000 ( 1)
 179 W   0.97537 0.00000 0.02463 0.00000 ( 1)
 180 T   0.98102 0.00000 0.01898 0.00000 ( 1)
 181 L   0.00028 0.95409 0.00001 0.04563 ( 2)
 182 P   0.97054 0.00000 0.02946 0.00000 ( 1)
 183 F   0.98672 0.00000 0.01328 0.00000 ( 1)
 184 T   0.97755 0.00000 0.02245 0.00000 ( 1)
 185 I   0.75005 0.00000 0.24995 0.00000 ( 1)
 186 L   0.97368 0.00000 0.02632 0.00000 ( 1)
 187 P   0.96934 0.00000 0.03066 0.00000 ( 1)
 188 L   0.97892 0.00000 0.02108 0.00000 ( 1)
 189 L   0.98733 0.00000 0.01267 0.00000 ( 1)
 190 K   0.46880 0.00000 0.53120 0.00000 ( 3)
 191 V   0.98180 0.00000 0.01820 0.00000 ( 1)
 192 W   0.97537 0.00000 0.02463 0.00000 ( 1)
 193 G   0.96924 0.00000 0.03076 0.00000 ( 1)
 194 K   0.95094 0.00000 0.04906 0.00000 ( 1)
 195 F   0.97925 0.00000 0.02075 0.00000 ( 1)
 196 V   0.97521 0.00000 0.02479 0.00000 ( 1)
 197 P   0.96882 0.00000 0.03118 0.00000 ( 1)
 198 E   0.98396 0.00000 0.01604 0.00000 ( 1)
 199 G   0.97995 0.00000 0.02005 0.00000 ( 1)
 200 F   0.98811 0.00000 0.01189 0.00000 ( 1)
 201 L   0.96641 0.00000 0.03359 0.00000 ( 1)
 202 T   0.97551 0.00000 0.02449 0.00000 ( 1)
 203 T   0.98056 0.00000 0.01944 0.00000 ( 1)
 204 C   0.97063 0.00000 0.02937 0.00000 ( 1)
 205 S   0.97241 0.00000 0.02759 0.00000 ( 1)
 206 F   0.98816 0.00000 0.01184 0.00000 ( 1)
 207 D   0.98699 0.00000 0.01301 0.00000 ( 1)
 208 Y   0.98332 0.00000 0.01668 0.00000 ( 1)
 209 F   0.98829 0.00000 0.01171 0.00000 ( 1)
 210 T   0.98208 0.00000 0.01792 0.00000 ( 1)
 211 D   0.97081 0.00000 0.02919 0.00000 ( 1)
 212 D   0.98781 0.00000 0.01219 0.00000 ( 1)
 213 E   0.97727 0.00000 0.02273 0.00000 ( 1)
 214 D   0.98780 0.00000 0.01220 0.00000 ( 1)
 215 T   0.98274 0.00000 0.01726 0.00000 ( 1)
 216 K   0.98399 0.00000 0.01601 0.00000 ( 1)
 217 V   0.98160 0.00000 0.01840 0.00000 ( 1)
 218 F   0.98812 0.00000 0.01188 0.00000 ( 1)
 219 V   0.98163 0.00000 0.01837 0.00000 ( 1)
 220 A   0.51127 0.00000 0.48873 0.00000 ( 1)
 221 C   0.98346 0.00000 0.01654 0.00000 ( 1)
 222 I   0.98672 0.00000 0.01328 0.00000 ( 1)
 223 F   0.98829 0.00000 0.01171 0.00000 ( 1)
 224 V   0.95786 0.00000 0.04214 0.00000 ( 1)
 225 W   0.97537 0.00000 0.02463 0.00000 ( 1)
 226 S   0.98691 0.00000 0.01309 0.00000 ( 1)
 227 Y   0.98323 0.00000 0.01677 0.00000 ( 1)
 228 C   0.98310 0.00000 0.01690 0.00000 ( 1)
 229 F   0.98611 0.00000 0.01389 0.00000 ( 1)
 230 P   0.98035 0.00000 0.01965 0.00000 ( 1)
 231 M   0.99025 0.00000 0.00975 0.00000 ( 1)
 232 A   0.00000 0.93893 0.00000 0.06107 ( 2)
 233 L   0.98559 0.00000 0.01441 0.00000 ( 1)
 234 I   0.98669 0.00000 0.01331 0.00000 ( 1)
 235 C   0.98374 0.00000 0.01626 0.00000 ( 1)
 236 I   0.98241 0.00000 0.01759 0.00000 ( 1)
 237 F   0.98739 0.00000 0.01261 0.00000 ( 1)
 238 Y   0.98310 0.00000 0.01690 0.00000 ( 1)
 239 S   0.97661 0.00000 0.02339 0.00000 ( 1)
 240 K   0.97560 0.00000 0.02440 0.00000 ( 1)
 241 L   0.97508 0.00000 0.02492 0.00000 ( 1)
 242 F   0.97890 0.00000 0.02110 0.00000 ( 1)
 243 T   0.97100 0.00000 0.02900 0.00000 ( 1)
 244 A   0.97348 0.00000 0.02652 0.00000 ( 1)
 245 V   0.98070 0.00000 0.01930 0.00000 ( 1)
 246 R   0.96545 0.00000 0.03455 0.00000 ( 1)
 247 L   0.97550 0.00000 0.02450 0.00000 ( 1)
 248 H   0.98533 0.00000 0.01467 0.00000 ( 1)
 249 E   0.98396 0.00000 0.01604 0.00000 ( 1)
 250 K   0.44173 0.00000 0.55827 0.00000 ( 3)
 251 M   0.99025 0.00000 0.00975 0.00000 ( 1)
 252 L   0.97383 0.00000 0.02617 0.00000 ( 1)
 253 K   0.00000 0.93082 0.00000 0.06918 ( 2)
 254 E   0.98254 0.00000 0.01746 0.00000 ( 1)
 255 Q   0.96961 0.00000 0.03039 0.00000 ( 1)
 256 A   0.98101 0.00000 0.01899 0.00000 ( 1)
 257 K   0.98221 0.00000 0.01779 0.00000 ( 1)
 258 K   0.98399 0.00000 0.01601 0.00000 ( 1)
 259 M   0.99025 0.00000 0.00975 0.00000 ( 1)
 260 N   0.98640 0.00000 0.01360 0.00000 ( 1)
 261 V   0.98197 0.00000 0.01803 0.00000 ( 1)
 262 K   0.98254 0.00000 0.01746 0.00000 ( 1)
 263 S   0.97574 0.00000 0.02426 0.00000 ( 1)
 264 L   0.97486 0.00000 0.02514 0.00000 ( 1)
 265 A   0.97419 0.00000 0.02581 0.00000 ( 1)
 266 S   0.66414 0.00000 0.33586 0.00000 ( 1)
 267 N   0.98625 0.00000 0.01375 0.00000 ( 1)
 268 K   0.97732 0.00000 0.02268 0.00000 ( 1)
 269 E   0.97750 0.00000 0.02250 0.00000 ( 1)
 270 D   0.97943 0.00000 0.02057 0.00000 ( 1)
 271 A   0.95472 0.00000 0.04528 0.00000 ( 1)
 272 G   0.98780 0.00000 0.01220 0.00000 ( 1)
 273 K   0.98373 0.00000 0.01627 0.00000 ( 1)
 274 S   0.98689 0.00000 0.01311 0.00000 ( 1)
 275 V   0.97059 0.00000 0.02941 0.00000 ( 1)
 276 E   0.98280 0.00000 0.01720 0.00000 ( 1)
 277 I   0.98538 0.00000 0.01462 0.00000 ( 1)
 278 R   0.97346 0.00000 0.02654 0.00000 ( 1)
 279 I   0.98334 0.00000 0.01666 0.00000 ( 1)
 280 A   0.97333 0.00000 0.02667 0.00000 ( 1)
 281 K   0.97767 0.00000 0.02233 0.00000 ( 1)
 282 V   0.98101 0.00000 0.01899 0.00000 ( 1)
 283 A   0.98451 0.00000 0.01549 0.00000 ( 1)
 284 F   0.98830 0.00000 0.01170 0.00000 ( 1)
 285 T   0.97631 0.00000 0.02369 0.00000 ( 1)
 286 I   0.98263 0.00000 0.01737 0.00000 ( 1)
 287 F   0.98734 0.00000 0.01266 0.00000 ( 1)
 288 F   0.98757 0.00000 0.01243 0.00000 ( 1)
 289 L   0.97230 0.00000 0.02770 0.00000 ( 1)
 290 F   0.98829 0.00000 0.01171 0.00000 ( 1)
 291 V   0.98240 0.00000 0.01760 0.00000 ( 1)
 292 C   0.97516 0.00000 0.02484 0.00000 ( 1)
 293 A   0.98108 0.00000 0.01892 0.00000 ( 1)
 294 W   0.97537 0.00000 0.02463 0.00000 ( 1)
 295 T   0.98201 0.00000 0.01799 0.00000 ( 1)
 296 P   0.97730 0.00000 0.02270 0.00000 ( 1)
 297 Y   0.97667 0.00000 0.02333 0.00000 ( 1)
 298 A   0.97796 0.00000 0.02204 0.00000 ( 1)
 299 V   0.98828 0.00000 0.01172 0.00000 ( 1)
 300 V   0.98177 0.00000 0.01823 0.00000 ( 1)
 301 T   0.98621 0.00000 0.01379 0.00000 ( 1)
 302 M   0.99025 0.00000 0.00975 0.00000 ( 1)
 303 I   0.97259 0.00000 0.02741 0.00000 ( 1)
 304 G   0.97077 0.00000 0.02923 0.00000 ( 1)
 305 A   0.97463 0.00000 0.02537 0.00000 ( 1)
 306 F   0.97837 0.00000 0.02163 0.00000 ( 1)
 307 G   0.97013 0.00000 0.02987 0.00000 ( 1)
 308 D   0.98798 0.00000 0.01202 0.00000 ( 1)
 309 R   0.98215 0.00000 0.01785 0.00000 ( 1)
 310 S   0.00000 0.93405 0.00000 0.06595 ( 2)
 311 L   0.96511 0.00000 0.03489 0.00000 ( 1)
 312 L   0.97468 0.00000 0.02532 0.00000 ( 1)
 313 T   0.97687 0.00000 0.02313 0.00000 ( 1)
 314 P   0.97011 0.00000 0.02989 0.00000 ( 1)
 315 H   0.97846 0.00000 0.02154 0.00000 ( 1)
 316 V   0.97853 0.00000 0.02147 0.00000 ( 1)
 317 T   0.98266 0.00000 0.01734 0.00000 ( 1)
 318 M   0.99025 0.00000 0.00975 0.00000 ( 1)
 319 I   0.54693 0.00000 0.45307 0.00000 ( 1)
 320 P   0.97153 0.00000 0.02847 0.00000 ( 1)
 321 A   0.97421 0.00000 0.02579 0.00000 ( 1)
 322 V   0.98097 0.00000 0.01903 0.00000 ( 1)
 323 F   0.98374 0.00000 0.01626 0.00000 ( 1)
 324 A   0.96940 0.00000 0.03060 0.00000 ( 1)
 325 K   0.97952 0.00000 0.02048 0.00000 ( 1)
 326 S   0.67917 0.00000 0.32083 0.00000 ( 1)
 327 V   0.97987 0.00000 0.02013 0.00000 ( 1)
 328 S   0.98473 0.00000 0.01527 0.00000 ( 1)
 329 C   0.98307 0.00000 0.01693 0.00000 ( 1)
 330 I   0.98287 0.00000 0.01713 0.00000 ( 1)
 331 D   0.98141 0.00000 0.01859 0.00000 ( 1)
 332 P   0.96974 0.00000 0.03026 0.00000 ( 1)
 333 W   0.97537 0.00000 0.02463 0.00000 ( 1)
 334 V   0.98236 0.00000 0.01764 0.00000 ( 1)
 335 Y   0.97370 0.00000 0.02630 0.00000 ( 1)
 336 A   0.98314 0.00000 0.01686 0.00000 ( 1)
 337 I   0.98642 0.00000 0.01358 0.00000 ( 1)
 338 N   0.98511 0.00000 0.01489 0.00000 ( 1)
 339 H   0.97236 0.00000 0.02764 0.00000 ( 1)
 340 P   0.97944 0.00000 0.02056 0.00000 ( 1)
 341 R   0.97392 0.00000 0.02608 0.00000 ( 1)
 342 Y   0.98332 0.00000 0.01668 0.00000 ( 1)
 343 R   0.98326 0.00000 0.01674 0.00000 ( 1)
 344 A   0.98253 0.00000 0.01747 0.00000 ( 1)
 345 E   0.97789 0.00000 0.02211 0.00000 ( 1)
 346 L   0.97190 0.00000 0.02810 0.00000 ( 1)
 347 Q   0.01347 0.00000 0.98653 0.00000 ( 3)
 348 K   0.98390 0.00000 0.01610 0.00000 ( 1)
 349 R   0.96330 0.00000 0.03670 0.00000 ( 1)
 350 L   0.49322 0.00000 0.50678 0.00000 ( 3)
 351 P   0.97007 0.00000 0.02993 0.00000 ( 1)
 352 W   0.97537 0.00000 0.02463 0.00000 ( 1)
 353 M   0.96942 0.00000 0.03058 0.00000 ( 1)
 354 G   0.97970 0.00000 0.02030 0.00000 ( 1)
 355 V   0.98370 0.00000 0.01630 0.00000 ( 1)
 356 R   0.98133 0.00000 0.01867 0.00000 ( 1)
 357 E   0.97748 0.00000 0.02252 0.00000 ( 1)
 358 P   0.00000 0.95675 0.00000 0.04325 ( 2)
 359 D   0.98732 0.00000 0.01268 0.00000 ( 1)
 360 P   0.96997 0.00000 0.03003 0.00000 ( 1)
 361 E   0.98778 0.00000 0.01222 0.00000 ( 1)
 362 T   0.00000 0.95679 0.00000 0.04321 ( 2)
 363 Q   0.98131 0.00000 0.01869 0.00000 ( 1)
 364 S   0.98357 0.00000 0.01643 0.00000 ( 1)
 365 S   0.51660 0.00000 0.48340 0.00000 ( 1)
 366 N   0.55322 0.00000 0.44678 0.00000 ( 1)
 367 A   0.98552 0.00000 0.01448 0.00000 ( 1)
 368 S   0.40170 0.00000 0.59830 0.00000 ( 3)
 369 T   0.59217 0.00000 0.40783 0.00000 ( 1)
 370 T   0.60634 0.00000 0.39366 0.00000 ( 1)
 371 Q   0.41308 0.00000 0.58692 0.00000 ( 3)
 372 S   0.01226 0.94703 0.00030 0.04041 ( 2)
 373 Q   0.44826 0.00000 0.55174 0.00000 ( 3)
 374 S   0.00000 0.87459 0.00000 0.12541 ( 2)
 375 A   0.00000 0.92911 0.00000 0.07089 ( 2)
 376 D   0.57344 0.00000 0.42656 0.00000 ( 1)
 377 A   0.97272 0.00000 0.02728 0.00000 ( 1)


lnL = -74014.296878

Bayes Empirical Bayes (BEB) probabilities for 4 classes (class)
(amino acids refer to 1st sequence: ColCroc|Blue5)

   1 N   0.96656 0.00000 0.03344 0.00000 ( 1)
   2 V   0.96656 0.00000 0.03344 0.00000 ( 1)
   3 N   0.00000 0.94560 0.00000 0.05440 ( 2)
   4 N   0.99601 0.00000 0.00399 0.00000 ( 1)
   5 F   0.99483 0.00000 0.00517 0.00000 ( 1)
   6 S   0.99518 0.00000 0.00482 0.00000 ( 1)
   7 A   0.99447 0.00005 0.00547 0.00000 ( 1)
   8 E   0.00000 0.95420 0.00000 0.04580 ( 2)
   9 A   0.79537 0.00000 0.20463 0.00000 ( 1)
  10 R   0.99453 0.00000 0.00547 0.00000 ( 1)
  11 P   0.99327 0.00000 0.00673 0.00000 ( 1)
  12 V   0.99768 0.00000 0.00232 0.00000 ( 1)
  13 A   0.99427 0.00000 0.00573 0.00000 ( 1)
  14 Y   0.02123 0.00000 0.97877 0.00000 ( 3)
  15 P   0.99382 0.00000 0.00618 0.00000 ( 1)
  16 F   0.99452 0.00000 0.00548 0.00000 ( 1)
  17 K   0.99609 0.00000 0.00391 0.00000 ( 1)
  18 M   0.99768 0.00000 0.00232 0.00000 ( 1)
  19 V   0.99362 0.00000 0.00638 0.00000 ( 1)
  20 S   0.59843 0.00000 0.40157 0.00000 ( 1)
  21 D   0.00001 0.96934 0.00001 0.03065 ( 2)
  22 E   0.99646 0.00000 0.00354 0.00000 ( 1)
  23 V   0.99339 0.00000 0.00661 0.00000 ( 1)
  24 Q   0.99378 0.00000 0.00622 0.00000 ( 1)
  25 Q   0.99667 0.00000 0.00333 0.00000 ( 1)
  26 N   0.99728 0.00000 0.00272 0.00000 ( 1)
  27 M   0.99768 0.00000 0.00232 0.00000 ( 1)
  28 L   0.99342 0.00000 0.00658 0.00000 ( 1)
  29 G   0.99664 0.00000 0.00336 0.00000 ( 1)
  30 W   0.99591 0.00000 0.00409 0.00000 ( 1)
  31 N   0.99743 0.00000 0.00257 0.00000 ( 1)
  32 V   0.99521 0.00000 0.00479 0.00000 ( 1)
  33 P   0.99322 0.00000 0.00678 0.00000 ( 1)
  34 S   0.99594 0.00000 0.00406 0.00000 ( 1)
  35 E   0.99614 0.00000 0.00386 0.00000 ( 1)
  36 Y   0.99516 0.00000 0.00484 0.00000 ( 1)
  37 Q   0.99565 0.00000 0.00435 0.00000 ( 1)
  38 D   0.99692 0.00000 0.00308 0.00000 ( 1)
  39 L   0.99378 0.00000 0.00622 0.00000 ( 1)
  40 V   0.99521 0.00000 0.00479 0.00000 ( 1)
  41 H   0.99755 0.00000 0.00245 0.00000 ( 1)
  42 D   0.99573 0.00000 0.00427 0.00000 ( 1)
  43 H   0.99703 0.00000 0.00297 0.00000 ( 1)
  44 W   0.99591 0.00000 0.00409 0.00000 ( 1)
  45 R   0.99352 0.00000 0.00648 0.00000 ( 1)
  46 N   0.99743 0.00000 0.00257 0.00000 ( 1)
  47 F   0.99700 0.00000 0.00300 0.00000 ( 1)
  48 A   0.99332 0.00000 0.00668 0.00000 ( 1)
  49 A   0.99472 0.00000 0.00528 0.00000 ( 1)
  50 I   0.99538 0.00000 0.00462 0.00000 ( 1)
  51 D   0.99781 0.00000 0.00219 0.00000 ( 1)
  52 K   0.99669 0.00000 0.00331 0.00000 ( 1)
  53 F   0.99705 0.00000 0.00295 0.00000 ( 1)
  54 W   0.99591 0.00000 0.00409 0.00000 ( 1)
  55 H   0.99704 0.00000 0.00296 0.00000 ( 1)
  56 Y   0.99690 0.00000 0.00310 0.00000 ( 1)
  57 C   0.99688 0.00000 0.00312 0.00000 ( 1)
  58 L   0.89352 0.00000 0.10648 0.00000 ( 1)
  59 A   0.99504 0.00000 0.00496 0.00000 ( 1)
  60 L   0.99686 0.00000 0.00314 0.00000 ( 1)
  61 I   0.99558 0.00000 0.00442 0.00000 ( 1)
  62 Y   0.99699 0.00000 0.00301 0.00000 ( 1)
  63 M   0.99477 0.00000 0.00523 0.00000 ( 1)
  64 I   0.87154 0.00000 0.12846 0.00000 ( 1)
  65 L   0.99482 0.00000 0.00518 0.00000 ( 1)
  66 W   0.99768 0.00000 0.00232 0.00000 ( 1)
  67 I   0.99226 0.00000 0.00774 0.00000 ( 1)
  68 S   0.99625 0.00000 0.00375 0.00000 ( 1)
  69 S   0.99392 0.00000 0.00608 0.00000 ( 1)
  70 V   0.99603 0.00000 0.00397 0.00000 ( 1)
  71 C   0.02924 0.00000 0.97076 0.00000 ( 3)
  72 G   0.99705 0.00000 0.00295 0.00000 ( 1)
  73 N   0.99593 0.00000 0.00407 0.00000 ( 1)
  74 G   0.99355 0.00000 0.00645 0.00000 ( 1)
  75 I   0.99633 0.00000 0.00367 0.00000 ( 1)
  76 V   0.99506 0.00000 0.00494 0.00000 ( 1)
  77 V   0.95476 0.00000 0.04524 0.00000 ( 1)
  78 W   0.99591 0.00000 0.00409 0.00000 ( 1)
  79 I   0.99366 0.00000 0.00634 0.00000 ( 1)
  80 F   0.99594 0.00000 0.00406 0.00000 ( 1)
  81 S   0.99786 0.00000 0.00214 0.00000 ( 1)
  82 T   0.99414 0.00000 0.00586 0.00000 ( 1)
  83 S   0.99178 0.00000 0.00822 0.00000 ( 1)
  84 K   0.99591 0.00000 0.00409 0.00000 ( 1)
  85 S   0.99675 0.00000 0.00325 0.00000 ( 1)
  86 L   0.99520 0.00000 0.00480 0.00000 ( 1)
  87 R   0.98858 0.00000 0.01142 0.00000 ( 1)
  88 S   0.99598 0.00000 0.00402 0.00000 ( 1)
  89 A   0.63965 0.00000 0.36035 0.00000 ( 1)
  90 S   0.99786 0.00000 0.00214 0.00000 ( 1)
  91 N   0.99671 0.00000 0.00329 0.00000 ( 1)
  92 M   0.99768 0.00000 0.00232 0.00000 ( 1)
  93 F   0.99721 0.00000 0.00279 0.00000 ( 1)
  94 I   0.99489 0.00000 0.00511 0.00000 ( 1)
  95 V   0.99599 0.00000 0.00401 0.00000 ( 1)
  96 N   0.99734 0.00000 0.00266 0.00000 ( 1)
  97 L   0.99331 0.00000 0.00669 0.00000 ( 1)
  98 A   0.99366 0.00000 0.00634 0.00000 ( 1)
  99 L   0.98853 0.00000 0.01147 0.00000 ( 1)
 100 F   0.99698 0.00000 0.00302 0.00000 ( 1)
 101 D   0.99742 0.00000 0.00258 0.00000 ( 1)
 102 M   0.99271 0.00000 0.00729 0.00000 ( 1)
 103 V   0.99651 0.00000 0.00349 0.00000 ( 1)
 104 M   0.99768 0.00000 0.00232 0.00000 ( 1)
 105 M   0.99768 0.00000 0.00232 0.00000 ( 1)
 106 I   0.62212 0.00001 0.37786 0.00000 ( 1)
 107 E   0.99704 0.00000 0.00296 0.00000 ( 1)
 108 M   0.99768 0.00000 0.00232 0.00000 ( 1)
 109 P   0.99567 0.00000 0.00433 0.00000 ( 1)
 110 H   0.99424 0.00000 0.00576 0.00000 ( 1)
 111 L   0.99610 0.00000 0.00390 0.00000 ( 1)
 112 I   0.99639 0.00000 0.00361 0.00000 ( 1)
 113 I   0.00001 0.98142 0.00000 0.01857 ( 2)
 114 N   0.99743 0.00000 0.00257 0.00000 ( 1)
 115 S   0.99517 0.00000 0.00483 0.00000 ( 1)
 116 F   0.99689 0.00000 0.00311 0.00000 ( 1)
 117 Y   0.94960 0.00000 0.05040 0.00000 ( 1)
 118 Q   0.99372 0.00000 0.00628 0.00000 ( 1)
 119 K   0.99485 0.00000 0.00515 0.00000 ( 1)
 120 M   0.99381 0.00000 0.00619 0.00000 ( 1)
 121 I   0.98786 0.00000 0.01214 0.00000 ( 1)
 122 G   0.99667 0.00000 0.00333 0.00000 ( 1)
 123 Y   0.99700 0.00000 0.00300 0.00000 ( 1)
 124 Q   0.99615 0.00000 0.00385 0.00000 ( 1)
 125 V   0.99574 0.00000 0.00426 0.00000 ( 1)
 126 G   0.99734 0.00000 0.00266 0.00000 ( 1)
 127 C   0.99712 0.00000 0.00288 0.00000 ( 1)
 128 D   0.99688 0.00000 0.00312 0.00000 ( 1)
 129 I   0.99318 0.00000 0.00682 0.00000 ( 1)
 130 Y   0.99694 0.00000 0.00306 0.00000 ( 1)
 131 A   0.60213 0.00000 0.39787 0.00000 ( 1)
 132 T   0.99435 0.00000 0.00565 0.00000 ( 1)
 133 L   0.99184 0.00000 0.00816 0.00000 ( 1)
 134 G   0.99667 0.00000 0.00333 0.00000 ( 1)
 135 S   0.99530 0.00000 0.00470 0.00000 ( 1)
 136 I   0.99373 0.00000 0.00627 0.00000 ( 1)
 137 S   0.99547 0.00000 0.00453 0.00000 ( 1)
 138 G   0.99701 0.00000 0.00299 0.00000 ( 1)
 139 I   0.99573 0.00000 0.00427 0.00000 ( 1)
 140 G   0.99322 0.00000 0.00678 0.00000 ( 1)
 141 A   0.99343 0.00000 0.00657 0.00000 ( 1)
 142 A   0.99423 0.00000 0.00577 0.00000 ( 1)
 143 I   0.99552 0.00000 0.00448 0.00000 ( 1)
 144 S   0.99427 0.00000 0.00573 0.00000 ( 1)
 145 N   0.99596 0.00000 0.00404 0.00000 ( 1)
 146 A   0.99406 0.00000 0.00594 0.00000 ( 1)
 147 V   0.99365 0.00000 0.00635 0.00000 ( 1)
 148 I   0.99541 0.00000 0.00459 0.00000 ( 1)
 149 A   0.99405 0.00000 0.00595 0.00000 ( 1)
 150 Y   0.99590 0.00000 0.00410 0.00000 ( 1)
 151 D   0.99588 0.00000 0.00412 0.00000 ( 1)
 152 R   0.99544 0.00000 0.00456 0.00000 ( 1)
 153 Y   0.99698 0.00000 0.00302 0.00000 ( 1)
 154 K   0.99583 0.00000 0.00417 0.00000 ( 1)
 155 T   0.99600 0.00000 0.00400 0.00000 ( 1)
 156 I   0.99292 0.00000 0.00708 0.00000 ( 1)
 157 S   0.99405 0.00000 0.00595 0.00000 ( 1)
 158 C   0.99552 0.00000 0.00448 0.00000 ( 1)
 159 P   0.99359 0.00000 0.00641 0.00000 ( 1)
 160 I   0.99172 0.00000 0.00828 0.00000 ( 1)
 161 D   0.99620 0.00000 0.00380 0.00000 ( 1)
 162 G   0.99326 0.00000 0.00674 0.00000 ( 1)
 163 R   0.99544 0.00000 0.00456 0.00000 ( 1)
 164 I   0.99631 0.00000 0.00369 0.00000 ( 1)
 165 N   0.99691 0.00000 0.00309 0.00000 ( 1)
 166 K   0.99594 0.00000 0.00406 0.00000 ( 1)
 167 V   0.99540 0.00000 0.00460 0.00000 ( 1)
 168 Q   0.99395 0.00000 0.00605 0.00000 ( 1)
 169 A   0.99588 0.00000 0.00412 0.00000 ( 1)
 170 S   0.00000 0.98090 0.00000 0.01910 ( 2)
 171 I   0.99289 0.00000 0.00711 0.00000 ( 1)
 172 L   0.99408 0.00000 0.00592 0.00000 ( 1)
 173 I   0.99600 0.00000 0.00400 0.00000 ( 1)
 174 A   0.73622 0.25276 0.00496 0.00606 ( 1)
 175 F   0.99718 0.00000 0.00282 0.00000 ( 1)
 176 T   0.99622 0.00000 0.00378 0.00000 ( 1)
 177 W   0.99591 0.00000 0.00409 0.00000 ( 1)
 178 F   0.70257 0.00000 0.29743 0.00000 ( 1)
 179 W   0.99591 0.00000 0.00409 0.00000 ( 1)
 180 T   0.99571 0.00000 0.00429 0.00000 ( 1)
 181 L   0.47961 0.51007 0.00373 0.00658 ( 2)
 182 P   0.99356 0.00000 0.00644 0.00000 ( 1)
 183 F   0.99690 0.00000 0.00310 0.00000 ( 1)
 184 T   0.99490 0.00000 0.00510 0.00000 ( 1)
 185 I   0.88705 0.00000 0.11295 0.00000 ( 1)
 186 L   0.99340 0.00000 0.00660 0.00000 ( 1)
 187 P   0.99330 0.00000 0.00670 0.00000 ( 1)
 188 L   0.99473 0.00000 0.00527 0.00000 ( 1)
 189 L   0.99698 0.00000 0.00302 0.00000 ( 1)
 190 K   0.74236 0.00000 0.25764 0.00000 ( 1)
 191 V   0.99587 0.00000 0.00413 0.00000 ( 1)
 192 W   0.99591 0.00000 0.00409 0.00000 ( 1)
 193 G   0.99340 0.00000 0.00660 0.00000 ( 1)
 194 K   0.96994 0.00000 0.03006 0.00000 ( 1)
 195 F   0.99586 0.00000 0.00414 0.00000 ( 1)
 196 V   0.99371 0.00000 0.00629 0.00000 ( 1)
 197 P   0.99321 0.00000 0.00679 0.00000 ( 1)
 198 E   0.99709 0.00000 0.00291 0.00000 ( 1)
 199 G   0.99591 0.00000 0.00409 0.00000 ( 1)
 200 F   0.99721 0.00000 0.00279 0.00000 ( 1)
 201 L   0.99040 0.00000 0.00960 0.00000 ( 1)
 202 T   0.99460 0.00000 0.00540 0.00000 ( 1)
 203 T   0.99560 0.00000 0.00440 0.00000 ( 1)
 204 C   0.99404 0.00000 0.00596 0.00000 ( 1)
 205 S   0.99369 0.00000 0.00631 0.00000 ( 1)
 206 F   0.99722 0.00000 0.00278 0.00000 ( 1)
 207 D   0.99714 0.00000 0.00286 0.00000 ( 1)
 208 Y   0.99705 0.00000 0.00295 0.00000 ( 1)
 209 F   0.99726 0.00000 0.00274 0.00000 ( 1)
 210 T   0.99601 0.00000 0.00399 0.00000 ( 1)
 211 D   0.99226 0.00000 0.00774 0.00000 ( 1)
 212 D   0.99737 0.00000 0.00263 0.00000 ( 1)
 213 E   0.99615 0.00000 0.00385 0.00000 ( 1)
 214 D   0.99737 0.00000 0.00263 0.00000 ( 1)
 215 T   0.99593 0.00000 0.00407 0.00000 ( 1)
 216 K   0.99711 0.00000 0.00289 0.00000 ( 1)
 217 V   0.99518 0.00000 0.00482 0.00000 ( 1)
 218 F   0.99721 0.00000 0.00279 0.00000 ( 1)
 219 V   0.99496 0.00000 0.00504 0.00000 ( 1)
 220 A   0.75099 0.00000 0.24901 0.00000 ( 1)
 221 C   0.99739 0.00000 0.00261 0.00000 ( 1)
 222 I   0.99620 0.00000 0.00380 0.00000 ( 1)
 223 F   0.99726 0.00000 0.00274 0.00000 ( 1)
 224 V   0.98183 0.00000 0.01817 0.00000 ( 1)
 225 W   0.99591 0.00000 0.00409 0.00000 ( 1)
 226 S   0.99758 0.00000 0.00242 0.00000 ( 1)
 227 Y   0.99702 0.00000 0.00298 0.00000 ( 1)
 228 C   0.99718 0.00000 0.00282 0.00000 ( 1)
 229 F   0.99595 0.00000 0.00405 0.00000 ( 1)
 230 P   0.99539 0.00000 0.00461 0.00000 ( 1)
 231 M   0.99768 0.00000 0.00232 0.00000 ( 1)
 232 A   0.00000 0.96569 0.00000 0.03431 ( 2)
 233 L   0.99685 0.00000 0.00315 0.00000 ( 1)
 234 I   0.99620 0.00000 0.00380 0.00000 ( 1)
 235 C   0.99747 0.00000 0.00253 0.00000 ( 1)
 236 I   0.99679 0.00000 0.00321 0.00000 ( 1)
 237 F   0.99700 0.00000 0.00300 0.00000 ( 1)
 238 Y   0.99698 0.00000 0.00302 0.00000 ( 1)
 239 S   0.99540 0.00000 0.00460 0.00000 ( 1)
 240 K   0.99548 0.00000 0.00452 0.00000 ( 1)
 241 L   0.99382 0.00000 0.00618 0.00000 ( 1)
 242 F   0.99591 0.00000 0.00409 0.00000 ( 1)
 243 T   0.99399 0.00000 0.00601 0.00000 ( 1)
 244 A   0.99413 0.00000 0.00587 0.00000 ( 1)
 245 V   0.99427 0.00000 0.00573 0.00000 ( 1)
 246 R   0.99216 0.00000 0.00784 0.00000 ( 1)
 247 L   0.99463 0.00000 0.00537 0.00000 ( 1)
 248 H   0.99751 0.00000 0.00249 0.00000 ( 1)
 249 E   0.99709 0.00000 0.00291 0.00000 ( 1)
 250 K   0.68166 0.00000 0.31834 0.00000 ( 1)
 251 M   0.99768 0.00000 0.00232 0.00000 ( 1)
 252 L   0.99294 0.00000 0.00706 0.00000 ( 1)
 253 K   0.00001 0.96606 0.00000 0.03392 ( 2)
 254 E   0.99666 0.00000 0.00334 0.00000 ( 1)
 255 Q   0.99391 0.00000 0.00609 0.00000 ( 1)
 256 A   0.99530 0.00000 0.00470 0.00000 ( 1)
 257 K   0.99651 0.00000 0.00349 0.00000 ( 1)
 258 K   0.99711 0.00000 0.00289 0.00000 ( 1)
 259 M   0.99768 0.00000 0.00232 0.00000 ( 1)
 260 N   0.99704 0.00000 0.00296 0.00000 ( 1)
 261 V   0.99517 0.00000 0.00483 0.00000 ( 1)
 262 K   0.99668 0.00000 0.00332 0.00000 ( 1)
 263 S   0.99430 0.00000 0.00570 0.00000 ( 1)
 264 L   0.99386 0.00000 0.00614 0.00000 ( 1)
 265 A   0.99424 0.00000 0.00576 0.00000 ( 1)
 266 S   0.80840 0.00000 0.19160 0.00000 ( 1)
 267 N   0.99690 0.00000 0.00310 0.00000 ( 1)
 268 K   0.99609 0.00000 0.00391 0.00000 ( 1)
 269 E   0.99583 0.00000 0.00417 0.00000 ( 1)
 270 D   0.99601 0.00000 0.00399 0.00000 ( 1)
 271 A   0.98151 0.00000 0.01849 0.00000 ( 1)
 272 G   0.99786 0.00000 0.00214 0.00000 ( 1)
 273 K   0.99700 0.00000 0.00300 0.00000 ( 1)
 274 S   0.99758 0.00000 0.00242 0.00000 ( 1)
 275 V   0.99012 0.00000 0.00988 0.00000 ( 1)
 276 E   0.99672 0.00000 0.00328 0.00000 ( 1)
 277 I   0.99598 0.00000 0.00402 0.00000 ( 1)
 278 R   0.99453 0.00000 0.00547 0.00000 ( 1)
 279 I   0.99600 0.00000 0.00400 0.00000 ( 1)
 280 A   0.99410 0.00000 0.00590 0.00000 ( 1)
 281 K   0.99597 0.00000 0.00403 0.00000 ( 1)
 282 V   0.99457 0.00000 0.00543 0.00000 ( 1)
 283 A   0.99609 0.00000 0.00391 0.00000 ( 1)
 284 F   0.99726 0.00000 0.00274 0.00000 ( 1)
 285 T   0.99463 0.00000 0.00537 0.00000 ( 1)
 286 I   0.99441 0.00000 0.00559 0.00000 ( 1)
 287 F   0.99699 0.00000 0.00301 0.00000 ( 1)
 288 F   0.99709 0.00000 0.00291 0.00000 ( 1)
 289 L   0.99316 0.00000 0.00684 0.00000 ( 1)
 290 F   0.99726 0.00000 0.00274 0.00000 ( 1)
 291 V   0.99486 0.00000 0.00514 0.00000 ( 1)
 292 C   0.99480 0.00000 0.00520 0.00000 ( 1)
 293 A   0.99481 0.00000 0.00519 0.00000 ( 1)
 294 W   0.99591 0.00000 0.00409 0.00000 ( 1)
 295 T   0.99613 0.00000 0.00387 0.00000 ( 1)
 296 P   0.99556 0.00000 0.00444 0.00000 ( 1)
 297 Y   0.99518 0.00000 0.00482 0.00000 ( 1)
 298 A   0.99482 0.00000 0.00518 0.00000 ( 1)
 299 V   0.99725 0.00000 0.00275 0.00000 ( 1)
 300 V   0.99492 0.00000 0.00508 0.00000 ( 1)
 301 T   0.99672 0.00000 0.00328 0.00000 ( 1)
 302 M   0.99768 0.00000 0.00232 0.00000 ( 1)
 303 I   0.99413 0.00000 0.00587 0.00000 ( 1)
 304 G   0.99376 0.00000 0.00624 0.00000 ( 1)
 305 A   0.99377 0.00000 0.00623 0.00000 ( 1)
 306 F   0.99594 0.00000 0.00406 0.00000 ( 1)
 307 G   0.99286 0.00000 0.00714 0.00000 ( 1)
 308 D   0.99742 0.00000 0.00258 0.00000 ( 1)
 309 R   0.99680 0.00000 0.00320 0.00000 ( 1)
 310 S   0.00000 0.96949 0.00000 0.03051 ( 2)
 311 L   0.98993 0.00000 0.01007 0.00000 ( 1)
 312 L   0.99341 0.00000 0.00659 0.00000 ( 1)
 313 T   0.99429 0.00000 0.00571 0.00000 ( 1)
 314 P   0.99342 0.00000 0.00658 0.00000 ( 1)
 315 H   0.99411 0.00000 0.00589 0.00000 ( 1)
 316 V   0.99493 0.00000 0.00507 0.00000 ( 1)
 317 T   0.99644 0.00000 0.00356 0.00000 ( 1)
 318 M   0.99768 0.00000 0.00232 0.00000 ( 1)
 319 I   0.74302 0.00000 0.25698 0.00000 ( 1)
 320 P   0.99372 0.00000 0.00628 0.00000 ( 1)
 321 A   0.99424 0.00000 0.00576 0.00000 ( 1)
 322 V   0.99497 0.00000 0.00503 0.00000 ( 1)
 323 F   0.99747 0.00000 0.00253 0.00000 ( 1)
 324 A   0.99385 0.00000 0.00615 0.00000 ( 1)
 325 K   0.99614 0.00000 0.00386 0.00000 ( 1)
 326 S   0.86589 0.00000 0.13411 0.00000 ( 1)
 327 V   0.99424 0.00000 0.00576 0.00000 ( 1)
 328 S   0.99709 0.00000 0.00291 0.00000 ( 1)
 329 C   0.99725 0.00000 0.00275 0.00000 ( 1)
 330 I   0.99660 0.00000 0.00340 0.00000 ( 1)
 331 D   0.99586 0.00000 0.00414 0.00000 ( 1)
 332 P   0.99280 0.00000 0.00720 0.00000 ( 1)
 333 W   0.99591 0.00000 0.00409 0.00000 ( 1)
 334 V   0.99422 0.00000 0.00578 0.00000 ( 1)
 335 Y   0.99441 0.00000 0.00559 0.00000 ( 1)
 336 A   0.99605 0.00000 0.00395 0.00000 ( 1)
 337 I   0.99616 0.00000 0.00384 0.00000 ( 1)
 338 N   0.99663 0.00000 0.00337 0.00000 ( 1)
 339 H   0.99486 0.00000 0.00514 0.00000 ( 1)
 340 P   0.99554 0.00000 0.00446 0.00000 ( 1)
 341 R   0.99544 0.00000 0.00456 0.00000 ( 1)
 342 Y   0.99705 0.00000 0.00295 0.00000 ( 1)
 343 R   0.99730 0.00000 0.00270 0.00000 ( 1)
 344 A   0.99629 0.00000 0.00371 0.00000 ( 1)
 345 E   0.99570 0.00000 0.00430 0.00000 ( 1)
 346 L   0.99249 0.00000 0.00751 0.00000 ( 1)
 347 Q   0.01320 0.00000 0.98680 0.00000 ( 3)
 348 K   0.99708 0.00000 0.00292 0.00000 ( 1)
 349 R   0.99019 0.00000 0.00981 0.00000 ( 1)
 350 L   0.69021 0.00000 0.30979 0.00000 ( 1)
 351 P   0.99347 0.00000 0.00653 0.00000 ( 1)
 352 W   0.99591 0.00000 0.00409 0.00000 ( 1)
 353 M   0.99178 0.00000 0.00822 0.00000 ( 1)
 354 G   0.99493 0.00000 0.00507 0.00000 ( 1)
 355 V   0.99527 0.00000 0.00473 0.00000 ( 1)
 356 R   0.99710 0.00000 0.00290 0.00000 ( 1)
 357 E   0.99583 0.00000 0.00417 0.00000 ( 1)
 358 P   0.00000 0.99129 0.00000 0.00871 ( 2)
 359 D   0.99723 0.00000 0.00277 0.00000 ( 1)
 360 P   0.99356 0.00000 0.00644 0.00000 ( 1)
 361 E   0.99737 0.00000 0.00263 0.00000 ( 1)
 362 T   0.00709 0.97703 0.00003 0.01584 ( 2)
 363 Q   0.99505 0.00000 0.00495 0.00000 ( 1)
 364 S   0.99665 0.00000 0.00335 0.00000 ( 1)
 365 S   0.73326 0.00000 0.26674 0.00000 ( 1)
 366 N   0.77976 0.00000 0.22024 0.00000 ( 1)
 367 A   0.99658 0.00000 0.00342 0.00000 ( 1)
 368 S   0.52524 0.00000 0.47476 0.00000 ( 1)
 369 T   0.81836 0.00000 0.18164 0.00000 ( 1)
 370 T   0.82843 0.00000 0.17157 0.00000 ( 1)
 371 Q   0.56112 0.00000 0.43888 0.00000 ( 1)
 372 S   0.97898 0.01669 0.00420 0.00013 ( 1)
 373 Q   0.56220 0.00000 0.43780 0.00000 ( 1)
 374 S   0.00000 0.76584 0.00000 0.23416 ( 2)
 375 A   0.00000 0.94761 0.00000 0.05239 ( 2)
 376 D   0.84051 0.00000 0.15949 0.00000 ( 1)
 377 A   0.99400 0.00000 0.00600 0.00000 ( 1)

