Supplemental results for CODEML (seqf: align.fa  treef: tree.nwk)


MLEs of dN/dS (w) for site classes (K=3)

p:   0.53214  0.27666  0.19120
w:   0.00275  0.04440  0.18628

Naive Empirical Bayes (NEB) probabilities for 3 classes & postmean_w
(amino acids refer to 1st sequence: ColCroc|Blue5)

   1 N   0.18985 0.81015 0.00000 ( 2)  0.036
   2 V   0.00000 0.98623 0.01377 ( 2)  0.046
   3 N   0.00000 0.00000 1.00000 ( 3)  0.186
   4 N   0.19522 0.80478 0.00000 ( 2)  0.036
   5 F   0.00000 0.00000 1.00000 ( 3)  0.186
   6 S   0.00000 0.23007 0.76993 ( 3)  0.154
   7 A   0.00000 0.00000 1.00000 ( 3)  0.186
   8 E   0.00000 0.00000 1.00000 ( 3)  0.186
   9 A   0.00000 1.00000 0.00000 ( 2)  0.044
  10 R   0.00000 0.99879 0.00121 ( 2)  0.045
  11 P   0.00000 0.51835 0.48165 ( 2)  0.113
  12 V   0.00000 0.06592 0.93408 ( 3)  0.177
  13 A   0.00037 0.99963 0.00000 ( 2)  0.044
  14 Y   0.00000 0.00000 1.00000 ( 3)  0.186
  15 P   0.00000 0.38674 0.61326 ( 3)  0.131
  16 F   0.00000 0.00043 0.99957 ( 3)  0.186
  17 K   0.00000 0.02481 0.97519 ( 3)  0.183
  18 M   0.00000 1.00000 0.00000 ( 2)  0.044
  19 V   0.08137 0.91863 0.00000 ( 2)  0.041
  20 S   0.00000 0.00034 0.99966 ( 3)  0.186
  21 D   0.00000 0.00000 1.00000 ( 3)  0.186
  22 E   0.00000 1.00000 0.00000 ( 2)  0.044
  23 V   0.00000 1.00000 0.00000 ( 2)  0.044
  24 Q   0.00000 0.00433 0.99567 ( 3)  0.186
  25 Q   0.00000 0.00232 0.99768 ( 3)  0.186
  26 N   0.03761 0.96239 0.00000 ( 2)  0.043
  27 M   1.00000 0.00000 0.00000 ( 1)  0.003
  28 L   0.89601 0.10399 0.00000 ( 1)  0.007
  29 G   0.99994 0.00006 0.00000 ( 1)  0.003
  30 W   0.00007 0.99993 0.00000 ( 2)  0.044
  31 N   0.99968 0.00032 0.00000 ( 1)  0.003
  32 V   0.00031 0.99969 0.00000 ( 2)  0.044
  33 P   0.99904 0.00096 0.00000 ( 1)  0.003
  34 S   0.00000 0.71363 0.28637 ( 2)  0.085
  35 E   0.97569 0.02431 0.00000 ( 1)  0.004
  36 Y   0.00488 0.99512 0.00000 ( 2)  0.044
  37 Q   0.00000 0.99999 0.00001 ( 2)  0.044
  38 D   0.00000 1.00000 0.00000 ( 2)  0.044
  39 L   0.00000 0.00696 0.99304 ( 3)  0.185
  40 V   0.99795 0.00205 0.00000 ( 1)  0.003
  41 H   0.00014 0.99986 0.00000 ( 2)  0.044
  42 D   0.00000 0.00000 1.00000 ( 3)  0.186
  43 H   0.99998 0.00002 0.00000 ( 1)  0.003
  44 W   0.99907 0.00093 0.00000 ( 1)  0.003
  45 R   0.34792 0.65208 0.00000 ( 2)  0.030
  46 N   0.00000 0.00000 1.00000 ( 3)  0.186
  47 F   0.42462 0.57538 0.00000 ( 2)  0.027
  48 A   0.01949 0.98051 0.00000 ( 2)  0.044
  49 A   0.00000 1.00000 0.00000 ( 2)  0.044
  50 I   0.01762 0.98238 0.00000 ( 2)  0.044
  51 D   0.00000 0.90142 0.09858 ( 2)  0.058
  52 K   0.99996 0.00004 0.00000 ( 1)  0.003
  53 F   0.00147 0.99853 0.00000 ( 2)  0.044
  54 W   0.00000 0.99999 0.00001 ( 2)  0.044
  55 H   0.99998 0.00002 0.00000 ( 1)  0.003
  56 Y   0.00000 1.00000 0.00000 ( 2)  0.044
  57 C   0.00000 0.00000 1.00000 ( 3)  0.186
  58 L   0.45236 0.54764 0.00000 ( 2)  0.026
  59 A   0.99995 0.00005 0.00000 ( 1)  0.003
  60 L   0.00001 0.99999 0.00000 ( 2)  0.044
  61 I   0.06147 0.93853 0.00000 ( 2)  0.042
  62 Y   0.99995 0.00005 0.00000 ( 1)  0.003
  63 M   0.00000 1.00000 0.00000 ( 2)  0.044
  64 I   0.00000 0.99941 0.00059 ( 2)  0.044
  65 L   0.99979 0.00021 0.00000 ( 1)  0.003
  66 W   0.00017 0.99983 0.00000 ( 2)  0.044
  67 I   0.00000 0.00000 1.00000 ( 3)  0.186
  68 S   0.00000 0.97284 0.02716 ( 2)  0.048
  69 S   0.99942 0.00058 0.00000 ( 1)  0.003
  70 V   0.00000 0.00000 1.00000 ( 3)  0.186
  71 C   0.00000 0.00000 1.00000 ( 3)  0.186
  72 G   0.99995 0.00005 0.00000 ( 1)  0.003
  73 N   0.99999 0.00001 0.00000 ( 1)  0.003
  74 G   0.89628 0.10372 0.00000 ( 1)  0.007
  75 I   0.95176 0.04824 0.00000 ( 1)  0.005
  76 V   0.99999 0.00001 0.00000 ( 1)  0.003
  77 V   0.00022 0.99978 0.00000 ( 2)  0.044
  78 W   0.80434 0.19566 0.00000 ( 1)  0.011
  79 I   0.99998 0.00002 0.00000 ( 1)  0.003
  80 F   0.99989 0.00011 0.00000 ( 1)  0.003
  81 S   0.00000 0.99904 0.00096 ( 2)  0.045
  82 T   0.99968 0.00032 0.00000 ( 1)  0.003
  83 S   0.97641 0.02359 0.00000 ( 1)  0.004
  84 K   0.91225 0.08775 0.00000 ( 1)  0.006
  85 S   0.00000 0.89564 0.10436 ( 2)  0.059
  86 L   0.99989 0.00011 0.00000 ( 1)  0.003
  87 R   0.94977 0.05023 0.00000 ( 1)  0.005
  88 S   0.00042 0.99958 0.00000 ( 2)  0.044
  89 A   0.00000 0.99995 0.00005 ( 2)  0.044
  90 S   0.99893 0.00107 0.00000 ( 1)  0.003
  91 N   1.00000 0.00000 0.00000 ( 1)  0.003
  92 M   0.00316 0.99684 0.00000 ( 2)  0.044
  93 F   1.00000 0.00000 0.00000 ( 1)  0.003
  94 I   0.95657 0.04343 0.00000 ( 1)  0.005
  95 V   0.99924 0.00076 0.00000 ( 1)  0.003
  96 N   1.00000 0.00000 0.00000 ( 1)  0.003
  97 L   0.99927 0.00073 0.00000 ( 1)  0.003
  98 A   0.99980 0.00020 0.00000 ( 1)  0.003
  99 L   0.00000 0.00000 1.00000 ( 3)  0.186
 100 F   1.00000 0.00000 0.00000 ( 1)  0.003
 101 D   1.00000 0.00000 0.00000 ( 1)  0.003
 102 M   0.00000 0.99824 0.00176 ( 2)  0.045
 103 V   0.00000 1.00000 0.00000 ( 2)  0.044
 104 M   1.00000 0.00000 0.00000 ( 1)  0.003
 105 M   1.00000 0.00000 0.00000 ( 1)  0.003
 106 I   0.00000 0.00000 1.00000 ( 3)  0.186
 107 E   0.99997 0.00003 0.00000 ( 1)  0.003
 108 M   1.00000 0.00000 0.00000 ( 1)  0.003
 109 P   0.99957 0.00043 0.00000 ( 1)  0.003
 110 H   0.00000 0.99954 0.00046 ( 2)  0.044
 111 L   0.92368 0.07632 0.00000 ( 1)  0.006
 112 I   0.00811 0.99189 0.00000 ( 2)  0.044
 113 I   0.00000 0.00000 1.00000 ( 3)  0.186
 114 N   1.00000 0.00000 0.00000 ( 1)  0.003
 115 S   0.99983 0.00017 0.00000 ( 1)  0.003
 116 F   0.99981 0.00019 0.00000 ( 1)  0.003
 117 Y   0.00000 0.00000 1.00000 ( 3)  0.186
 118 Q   0.00144 0.99856 0.00000 ( 2)  0.044
 119 K   0.00000 0.99120 0.00880 ( 2)  0.046
 120 M   0.00000 0.00000 1.00000 ( 3)  0.186
 121 I   0.00000 0.00000 1.00000 ( 3)  0.186
 122 G   0.99996 0.00004 0.00000 ( 1)  0.003
 123 Y   0.23666 0.76334 0.00000 ( 2)  0.035
 124 Q   0.31697 0.68303 0.00000 ( 2)  0.031
 125 V   0.00000 1.00000 0.00000 ( 2)  0.044
 126 G   0.23704 0.76296 0.00000 ( 2)  0.035
 127 C   0.99967 0.00033 0.00000 ( 1)  0.003
 128 D   0.98268 0.01732 0.00000 ( 1)  0.003
 129 I   0.00000 0.00000 1.00000 ( 3)  0.186
 130 Y   0.99992 0.00008 0.00000 ( 1)  0.003
 131 A   0.00000 1.00000 0.00000 ( 2)  0.044
 132 T   0.00000 0.00000 1.00000 ( 3)  0.186
 133 L   0.00013 0.99987 0.00000 ( 2)  0.044
 134 G   0.99990 0.00010 0.00000 ( 1)  0.003
 135 S   0.00000 1.00000 0.00000 ( 2)  0.044
 136 I   0.00000 1.00000 0.00000 ( 2)  0.044
 137 S   0.01612 0.98388 0.00000 ( 2)  0.044
 138 G   0.99993 0.00007 0.00000 ( 1)  0.003
 139 I   0.99924 0.00076 0.00000 ( 1)  0.003
 140 G   0.99837 0.00163 0.00000 ( 1)  0.003
 141 A   0.25037 0.74963 0.00000 ( 2)  0.034
 142 A   0.99648 0.00352 0.00000 ( 1)  0.003
 143 I   0.88525 0.11475 0.00000 ( 1)  0.008
 144 S   0.00000 0.99999 0.00001 ( 2)  0.044
 145 N   0.99996 0.00004 0.00000 ( 1)  0.003
 146 A   0.02706 0.97294 0.00000 ( 2)  0.043
 147 V   0.00181 0.99819 0.00000 ( 2)  0.044
 148 I   0.99998 0.00002 0.00000 ( 1)  0.003
 149 A   0.99610 0.00390 0.00000 ( 1)  0.003
 150 Y   0.00605 0.99395 0.00000 ( 2)  0.044
 151 D   0.99992 0.00008 0.00000 ( 1)  0.003
 152 R   0.99817 0.00183 0.00000 ( 1)  0.003
 153 Y   0.99784 0.00216 0.00000 ( 1)  0.003
 154 K   0.99859 0.00141 0.00000 ( 1)  0.003
 155 T   0.99993 0.00007 0.00000 ( 1)  0.003
 156 I   0.99999 0.00001 0.00000 ( 1)  0.003
 157 S   0.99895 0.00105 0.00000 ( 1)  0.003
 158 C   0.00000 0.99998 0.00002 ( 2)  0.044
 159 P   0.99856 0.00144 0.00000 ( 1)  0.003
 160 I   0.98876 0.01124 0.00000 ( 1)  0.003
 161 D   0.99999 0.00001 0.00000 ( 1)  0.003
 162 G   0.99919 0.00081 0.00000 ( 1)  0.003
 163 R   0.99909 0.00091 0.00000 ( 1)  0.003
 164 I   0.52543 0.47457 0.00000 ( 1)  0.023
 165 N   0.00011 0.99989 0.00000 ( 2)  0.044
 166 K   0.00000 0.01013 0.98987 ( 3)  0.185
 167 V   0.00011 0.99989 0.00000 ( 2)  0.044
 168 Q   0.99774 0.00226 0.00000 ( 1)  0.003
 169 A   0.99993 0.00007 0.00000 ( 1)  0.003
 170 S   0.00000 0.00000 1.00000 ( 3)  0.186
 171 I   0.00000 0.97824 0.02176 ( 2)  0.047
 172 L   0.93806 0.06194 0.00000 ( 1)  0.005
 173 I   0.98797 0.01203 0.00000 ( 1)  0.003
 174 A   0.00000 0.00000 1.00000 ( 3)  0.186
 175 F   0.99980 0.00020 0.00000 ( 1)  0.003
 176 T   0.76415 0.23585 0.00000 ( 1)  0.013
 177 W   0.99907 0.00093 0.00000 ( 1)  0.003
 178 F   0.00000 0.85979 0.14021 ( 2)  0.064
 179 W   0.99907 0.00093 0.00000 ( 1)  0.003
 180 T   0.00000 0.00245 0.99755 ( 3)  0.186
 181 L   0.00000 0.00000 1.00000 ( 3)  0.186
 182 P   0.99955 0.00045 0.00000 ( 1)  0.003
 183 F   1.00000 0.00000 0.00000 ( 1)  0.003
 184 T   0.99931 0.00069 0.00000 ( 1)  0.003
 185 I   0.00000 0.00000 1.00000 ( 3)  0.186
 186 L   0.00000 0.99994 0.00006 ( 2)  0.044
 187 P   0.99816 0.00184 0.00000 ( 1)  0.003
 188 L   0.00000 0.00001 0.99999 ( 3)  0.186
 189 L   0.00000 0.00002 0.99998 ( 3)  0.186
 190 K   0.00000 0.00000 1.00000 ( 3)  0.186
 191 V   0.00000 0.16422 0.83578 ( 3)  0.163
 192 W   0.99907 0.00093 0.00000 ( 1)  0.003
 193 G   0.99800 0.00200 0.00000 ( 1)  0.003
 194 K   0.00000 0.00005 0.99995 ( 3)  0.186
 195 F   0.00000 0.00004 0.99996 ( 3)  0.186
 196 V   0.99667 0.00333 0.00000 ( 1)  0.003
 197 P   0.95934 0.04066 0.00000 ( 1)  0.004
 198 E   0.99998 0.00002 0.00000 ( 1)  0.003
 199 G   0.99953 0.00047 0.00000 ( 1)  0.003
 200 F   0.99999 0.00001 0.00000 ( 1)  0.003
 201 L   0.99859 0.00141 0.00000 ( 1)  0.003
 202 T   0.99991 0.00009 0.00000 ( 1)  0.003
 203 T   0.99996 0.00004 0.00000 ( 1)  0.003
 204 C   0.99961 0.00039 0.00000 ( 1)  0.003
 205 S   0.99596 0.00404 0.00000 ( 1)  0.003
 206 F   1.00000 0.00000 0.00000 ( 1)  0.003
 207 D   1.00000 0.00000 0.00000 ( 1)  0.003
 208 Y   0.00011 0.99989 0.00000 ( 2)  0.044
 209 F   0.00000 1.00000 0.00000 ( 2)  0.044
 210 T   0.01891 0.98109 0.00000 ( 2)  0.044
 211 D   0.00000 0.99989 0.00011 ( 2)  0.044
 212 D   0.99998 0.00002 0.00000 ( 1)  0.003
 213 E   0.00000 0.99922 0.00078 ( 2)  0.045
 214 D   0.99997 0.00003 0.00000 ( 1)  0.003
 215 T   0.99997 0.00003 0.00000 ( 1)  0.003
 216 K   0.00000 1.00000 0.00000 ( 2)  0.044
 217 V   0.00250 0.99750 0.00000 ( 2)  0.044
 218 F   1.00000 0.00000 0.00000 ( 1)  0.003
 219 V   0.99984 0.00016 0.00000 ( 1)  0.003
 220 A   0.00000 0.96714 0.03286 ( 2)  0.049
 221 C   0.00000 0.99999 0.00001 ( 2)  0.044
 222 I   0.99990 0.00010 0.00000 ( 1)  0.003
 223 F   0.99999 0.00001 0.00000 ( 1)  0.003
 224 V   0.00000 0.00035 0.99965 ( 3)  0.186
 225 W   0.99907 0.00093 0.00000 ( 1)  0.003
 226 S   0.99845 0.00155 0.00000 ( 1)  0.003
 227 Y   0.99996 0.00004 0.00000 ( 1)  0.003
 228 C   0.00000 0.00000 1.00000 ( 3)  0.186
 229 F   0.99650 0.00350 0.00000 ( 1)  0.003
 230 P   0.99991 0.00009 0.00000 ( 1)  0.003
 231 M   1.00000 0.00000 0.00000 ( 1)  0.003
 232 A   0.00000 0.00000 1.00000 ( 3)  0.186
 233 L   0.00000 1.00000 0.00000 ( 2)  0.044
 234 I   0.99662 0.00338 0.00000 ( 1)  0.003
 235 C   0.80311 0.19689 0.00000 ( 1)  0.011
 236 I   0.00000 1.00000 0.00000 ( 2)  0.044
 237 F   1.00000 0.00000 0.00000 ( 1)  0.003
 238 Y   0.99993 0.00007 0.00000 ( 1)  0.003
 239 S   0.02034 0.97966 0.00000 ( 2)  0.044
 240 K   0.00009 0.99991 0.00000 ( 2)  0.044
 241 L   0.99974 0.00026 0.00000 ( 1)  0.003
 242 F   0.99997 0.00003 0.00000 ( 1)  0.003
 243 T   0.00000 0.00000 1.00000 ( 3)  0.186
 244 A   0.99971 0.00029 0.00000 ( 1)  0.003
 245 V   0.99960 0.00040 0.00000 ( 1)  0.003
 246 R   0.91371 0.08629 0.00000 ( 1)  0.006
 247 L   0.00000 0.99998 0.00002 ( 2)  0.044
 248 H   0.99998 0.00002 0.00000 ( 1)  0.003
 249 E   0.99928 0.00072 0.00000 ( 1)  0.003
 250 K   0.00000 0.21091 0.78909 ( 3)  0.156
 251 M   1.00000 0.00000 0.00000 ( 1)  0.003
 252 L   0.99953 0.00047 0.00000 ( 1)  0.003
 253 K   0.00000 0.00000 1.00000 ( 3)  0.186
 254 E   0.00000 0.05011 0.94989 ( 3)  0.179
 255 Q   0.99649 0.00351 0.00000 ( 1)  0.003
 256 A   0.99999 0.00001 0.00000 ( 1)  0.003
 257 K   0.89086 0.10914 0.00000 ( 1)  0.007
 258 K   0.99998 0.00002 0.00000 ( 1)  0.003
 259 M   1.00000 0.00000 0.00000 ( 1)  0.003
 260 N   1.00000 0.00000 0.00000 ( 1)  0.003
 261 V   0.99999 0.00001 0.00000 ( 1)  0.003
 262 K   0.99995 0.00005 0.00000 ( 1)  0.003
 263 S   0.93257 0.06743 0.00000 ( 1)  0.006
 264 L   0.99956 0.00044 0.00000 ( 1)  0.003
 265 A   0.00000 0.00126 0.99874 ( 3)  0.186
 266 S   0.00000 0.65697 0.34303 ( 2)  0.093
 267 N   0.00013 0.99987 0.00000 ( 2)  0.044
 268 K   0.99991 0.00009 0.00000 ( 1)  0.003
 269 E   0.00000 0.00001 0.99999 ( 3)  0.186
 270 D   0.35414 0.64586 0.00000 ( 2)  0.030
 271 A   0.00000 0.99692 0.00308 ( 2)  0.045
 272 G   0.00000 0.00001 0.99999 ( 3)  0.186
 273 K   0.00000 0.99999 0.00001 ( 2)  0.044
 274 S   0.99688 0.00312 0.00000 ( 1)  0.003
 275 V   0.00000 0.99985 0.00015 ( 2)  0.044
 276 E   0.99996 0.00004 0.00000 ( 1)  0.003
 277 I   1.00000 0.00000 0.00000 ( 1)  0.003
 278 R   0.99970 0.00030 0.00000 ( 1)  0.003
 279 I   1.00000 0.00000 0.00000 ( 1)  0.003
 280 A   0.99983 0.00017 0.00000 ( 1)  0.003
 281 K   0.99986 0.00014 0.00000 ( 1)  0.003
 282 V   0.99999 0.00001 0.00000 ( 1)  0.003
 283 A   0.99998 0.00002 0.00000 ( 1)  0.003
 284 F   1.00000 0.00000 0.00000 ( 1)  0.003
 285 T   0.99993 0.00007 0.00000 ( 1)  0.003
 286 I   1.00000 0.00000 0.00000 ( 1)  0.003
 287 F   1.00000 0.00000 0.00000 ( 1)  0.003
 288 F   1.00000 0.00000 0.00000 ( 1)  0.003
 289 L   0.99541 0.00459 0.00000 ( 1)  0.003
 290 F   1.00000 0.00000 0.00000 ( 1)  0.003
 291 V   0.00000 0.86283 0.13717 ( 2)  0.064
 292 C   0.99951 0.00049 0.00000 ( 1)  0.003
 293 A   0.00000 0.43096 0.56904 ( 3)  0.125
 294 W   0.99907 0.00093 0.00000 ( 1)  0.003
 295 T   0.99992 0.00008 0.00000 ( 1)  0.003
 296 P   0.99934 0.00066 0.00000 ( 1)  0.003
 297 Y   0.99991 0.00009 0.00000 ( 1)  0.003
 298 A   0.99986 0.00014 0.00000 ( 1)  0.003
 299 V   0.00000 1.00000 0.00000 ( 2)  0.044
 300 V   0.99196 0.00804 0.00000 ( 1)  0.003
 301 T   0.00000 0.00000 1.00000 ( 3)  0.186
 302 M   0.43200 0.56800 0.00000 ( 2)  0.026
 303 I   0.00000 0.99944 0.00056 ( 2)  0.044
 304 G   0.88319 0.11681 0.00000 ( 1)  0.008
 305 A   0.34071 0.65929 0.00000 ( 2)  0.030
 306 F   0.00003 0.99997 0.00000 ( 2)  0.044
 307 G   0.57070 0.42930 0.00000 ( 1)  0.021
 308 D   0.99056 0.00944 0.00000 ( 1)  0.003
 309 R   0.98257 0.01743 0.00000 ( 1)  0.003
 310 S   0.00000 0.00000 1.00000 ( 3)  0.186
 311 L   0.00000 0.00306 0.99694 ( 3)  0.186
 312 L   0.99915 0.00085 0.00000 ( 1)  0.003
 313 T   0.99975 0.00025 0.00000 ( 1)  0.003
 314 P   0.99914 0.00086 0.00000 ( 1)  0.003
 315 H   0.00000 0.00000 1.00000 ( 3)  0.186
 316 V   0.00088 0.99912 0.00000 ( 2)  0.044
 317 T   0.98792 0.01208 0.00000 ( 1)  0.003
 318 M   1.00000 0.00000 0.00000 ( 1)  0.003
 319 I   0.00000 0.00147 0.99853 ( 3)  0.186
 320 P   0.99835 0.00165 0.00000 ( 1)  0.003
 321 A   0.99987 0.00013 0.00000 ( 1)  0.003
 322 V   0.99665 0.00335 0.00000 ( 1)  0.003
 323 F   0.15258 0.84742 0.00000 ( 2)  0.038
 324 A   0.00000 0.02544 0.97456 ( 3)  0.183
 325 K   0.99995 0.00005 0.00000 ( 1)  0.003
 326 S   0.00000 0.00003 0.99997 ( 3)  0.186
 327 V   0.99999 0.00001 0.00000 ( 1)  0.003
 328 S   0.99996 0.00004 0.00000 ( 1)  0.003
 329 C   0.99993 0.00007 0.00000 ( 1)  0.003
 330 I   0.00000 0.99995 0.00005 ( 2)  0.044
 331 D   0.99999 0.00001 0.00000 ( 1)  0.003
 332 P   0.99877 0.00123 0.00000 ( 1)  0.003
 333 W   0.99907 0.00093 0.00000 ( 1)  0.003
 334 V   0.99557 0.00443 0.00000 ( 1)  0.003
 335 Y   0.99970 0.00030 0.00000 ( 1)  0.003
 336 A   0.99999 0.00001 0.00000 ( 1)  0.003
 337 I   1.00000 0.00000 0.00000 ( 1)  0.003
 338 N   0.99998 0.00002 0.00000 ( 1)  0.003
 339 H   0.99963 0.00037 0.00000 ( 1)  0.003
 340 P   0.99966 0.00034 0.00000 ( 1)  0.003
 341 R   0.99847 0.00153 0.00000 ( 1)  0.003
 342 Y   0.99997 0.00003 0.00000 ( 1)  0.003
 343 R   0.99994 0.00006 0.00000 ( 1)  0.003
 344 A   0.00000 1.00000 0.00000 ( 2)  0.044
 345 E   0.99898 0.00102 0.00000 ( 1)  0.003
 346 L   0.99981 0.00019 0.00000 ( 1)  0.003
 347 Q   0.00000 0.00003 0.99997 ( 3)  0.186
 348 K   0.99960 0.00040 0.00000 ( 1)  0.003
 349 R   0.99696 0.00304 0.00000 ( 1)  0.003
 350 L   0.00000 0.00002 0.99998 ( 3)  0.186
 351 P   0.99003 0.00997 0.00000 ( 1)  0.003
 352 W   0.99907 0.00093 0.00000 ( 1)  0.003
 353 M   0.00000 1.00000 0.00000 ( 2)  0.044
 354 G   0.99868 0.00132 0.00000 ( 1)  0.003
 355 V   0.99992 0.00008 0.00000 ( 1)  0.003
 356 R   0.21032 0.78968 0.00000 ( 2)  0.036
 357 E   0.99987 0.00013 0.00000 ( 1)  0.003
 358 P   0.00000 0.00000 1.00000 ( 3)  0.186
 359 D   0.00000 1.00000 0.00000 ( 2)  0.044
 360 P   0.00058 0.99942 0.00000 ( 2)  0.044
 361 E   0.02943 0.97057 0.00000 ( 2)  0.043
 362 T   0.00000 0.00000 1.00000 ( 3)  0.186
 363 Q   0.00000 0.99994 0.00006 ( 2)  0.044
 364 S   0.99995 0.00005 0.00000 ( 1)  0.003
 365 S   0.00000 0.00005 0.99995 ( 3)  0.186
 366 N   0.00000 0.00000 1.00000 ( 3)  0.186
 367 A   0.00000 1.00000 0.00000 ( 2)  0.044
 368 S   0.00000 1.00000 0.00000 ( 2)  0.044
 369 T   0.00000 0.00075 0.99925 ( 3)  0.186
 370 T   0.00486 0.99514 0.00000 ( 2)  0.044
 371 Q   0.00000 0.00008 0.99992 ( 3)  0.186
 372 S   0.00000 0.00000 1.00000 ( 3)  0.186
 373 Q   0.00000 0.00000 1.00000 ( 3)  0.186
 374 S   0.00000 0.00000 1.00000 ( 3)  0.186
 375 A   0.00000 0.00000 1.00000 ( 3)  0.186
 376 D   0.00000 0.00020 0.99980 ( 3)  0.186
 377 A   0.99390 0.00610 0.00000 ( 1)  0.003

Positively selected sites

	Prob(w>1)  mean w



lnL = -71735.244739

